0 0
0.0004305839538574219 90.9 -60.900000000000006 -91457.35565954789 -60.900000000000006 -0.020371127128601077 -182062.09094796865
0.033731937408447266 90.9 -60.900000000000006 -427.3242117762566 -60.900000000000006 -2.0484235525131225 0.0
0.04458951950073242 90.9 -60.900000000000006 -427.6548251509667 -60.900000000000006 -2.7096503019332885 0.0
0.05466794967651367 90.9 -60.900000000000006 -427.96171334981926 -60.900000000000006 -3.323426699638367 0.0
0.06656074523925781 90.2 -60.2 -393.99010468317886 -60.2 -4.039372992515564 58.85916362615797
0.07726597785949707 90.2 -60.2 -423.741913998127 -60.2 -4.683827996253967 0.0
0.08839654922485352 90.7 -60.7 -450.04038872189733 -60.7 -5.3594536781311035 -44.92132376566349
0.09941434860229492 90.7 -60.7 -427.91411705017094 -60.7 -6.0282341003417965 0.0
0.1110692024230957 90.7 -60.7 -428.2678418636322 -60.7 -6.735683727264404 0.0
0.12187457084655762 90.7 -60.7 -428.5957847952843 -60.7 -7.391569590568542 0.0
0.13234233856201172 90.7 -60.7 -428.91348154544835 -60.7 -8.026963090896606 0.0
0.1442430019378662 90.9 -60.900000000000006 -439.0787496632038 -60.900000000000006 -8.751713490486145 -16.805785835921306
0.15515470504760742 90.9 -60.900000000000006 -431.00811810493474 -60.900000000000006 -9.416236209869384 0.0
0.16591095924377441 90.9 -60.900000000000006 -431.335646045208 -60.900000000000006 -10.071292090415954 0.0
0.17659282684326172 90.1 -60.099999999999994 -388.61000089661235 -60.099999999999994 -10.71327233314514 74.89327053992027
0.18851304054260254 90.1 -60.099999999999994 -426.41483858823767 -60.099999999999994 -11.429677176475524 0.0
0.1993415355682373 89.4 -59.400000000000006 -389.51431709975594 -59.400000000000006 -12.07288978099823 64.64425558148646
0.209869384765625 89.4 -59.400000000000006 -422.1491220116616 -59.400000000000006 -12.698244023323058 0.0
0.21996712684631348 88.6 -58.599999999999994 -377.2321697613141 -58.599999999999994 -13.289971709251402 79.22563218662309
0.23095703125 88.6 -58.599999999999994 -417.16699005365365 -58.599999999999994 -13.933980107307432 0.0
0.24198150634765625 88.6 -58.599999999999994 -417.490007174015 -58.599999999999994 -14.580014348030089 0.0
0.25336575508117676 89.4 -59.400000000000006 -458.5643860895002 -59.400000000000006 -15.256238722801207 -70.27253345619903
0.2643625736236572 89.4 -59.400000000000006 -423.7547248721123 -59.400000000000006 -15.909449744224547 0.0
0.27518248558044434 88.7 -58.7 -386.8245214505753 -58.7 -16.54457857608795 64.69553567493746
0.2852742671966553 88.7 -58.7 -419.4684830784798 -58.7 -17.13696615695953 0.0
0.296217679977417 88.7 -58.7 -419.78967224359513 -58.7 -17.779344487190244 0.0
0.30730247497558594 88.3 -58.3 -399.2700607030989 -58.3 -18.425588035583495 36.08546662938558
0.31772351264953613 88.3 -58.3 -417.6165672659874 -58.3 -19.03313453197479 0.0
0.32814598083496094 87.7 -57.7 -384.93328658374 -57.7 -19.634510946273803 57.56793777879392
0.34261012077331543 87.7 -57.7 -414.13454591035844 -57.7 -20.46909182071686 0.0
0.3642423152923584 86.9 -56.900000000000006 -390.6590238582683 -56.900000000000006 -21.699963688850403 36.981915972313935
0.37996649742126465 86.3 -56.3 -386.3137238304511 -56.3 -22.585235142707823 38.15778748180549
0.39466023445129395 86.3 -56.3 -405.8062462687492 -56.3 -23.412492537498473 0.0
0.40530872344970703 84.8 -54.8 -325.1654868239589 -54.8 -23.99602973461151 140.86505608669367
0.42145729064941406 84.8 -54.8 -396.0404856085777 -54.8 -24.880971217155455 0.0
0.43263936042785645 84.9 -54.900000000000006 -401.5188775296658 -54.900000000000006 -25.494866847991943 -8.94288821133954
0.4439880847930908 84.9 -54.900000000000006 -397.3589559078217 -54.900000000000006 -26.11791181564331 0.0
0.4544699192047119 83.3 -53.3 -310.11577837072565 -53.3 -26.676593589782716 152.64503684833127
0.46805906295776367 83.3 -53.3 -386.8004474759102 -53.3 -27.400894951820373 0.0
0.4780094623565674 83.3 -53.3 -387.0656256198883 -53.3 -27.93125123977661 0.0
0.489149808883667 82.6 -52.599999999999994 -351.0412816310383 -52.599999999999994 -28.51723346710205 62.8346702050253
0.50014328956604 82.6 -52.599999999999994 -382.7477452754974 -52.599999999999994 -29.09549055099487 0.0
0.5105886459350586 82.5 -52.5 -377.5351197837703 -52.5 -29.643871760368345 9.573632192827741
0.5216588973999023 82.5 -52.5 -382.61252998113633 -52.5 -30.225059962272642 0.0
0.5320391654968262 81.8 -51.8 -344.2635600080382 -51.8 -30.762757849693298 67.43563783361688
0.5451173782348633 81.8 -51.8 -378.3201046347618 -51.8 -31.44020926952362 0.0
0.5557527542114258 81.8 -51.8 -378.59556087255476 -51.8 -31.99112174510956 0.0
0.5665538311004639 80.5 -50.5 -309.58910346254186 -50.5 -32.53657612800598 120.35836920292228
0.5766713619232178 80.5 -50.5 -370.02375571727754 -50.5 -33.047511434555055 0.0
0.5881695747375488 79.4 -49.400000000000006 -314.77424093182776 -49.400000000000006 -33.61552314758301 95.6670412839276
0.599968671798706 79.4 -49.400000000000006 -362.8991992712022 -49.400000000000006 -34.19839854240418 0.0
0.6106090545654297 79.2 -49.2 -352.36279453897413 -49.2 -34.72190537452698 18.796316296578723
0.6210987567901611 79.2 -49.2 -362.0189993619919 -49.2 -35.23799872398377 0.0
0.6312088966369629 79.2 -49.2 -362.26770880222324 -49.2 -35.73541760444642 0.0
0.6418964862823486 78.0 -48.0 -297.9843309706664 -48.0 -36.248421907424934 112.27975996609213
0.6531760692596436 78.0 -48.0 -354.39492094516754 -48.0 -36.78984189033509 0.0
0.664982795715332 77.7 -47.7 -339.8718890896795 -47.7 -37.35302274227143 25.409244562912463
0.6750879287719727 77.7 -47.7 -352.8175187945366 -47.7 -37.83503758907319 0.0
0.685901403427124 76.6 -46.599999999999994 -294.5070055508262 -46.599999999999994 -38.33894550800324 101.7249344063507
0.6972761154174805 76.6 -46.599999999999994 -345.63450354337687 -46.599999999999994 -38.869007086753854 0.0
0.7076551914215088 76.2 -46.2 -323.8047221474774 -46.2 -39.34852039813996 38.539076103185266
0.7182612419128418 76.2 -46.2 -343.3192599654198 -46.2 -39.838519930839546 0.0
0.7284491062164307 76.2 -46.2 -343.5545996308327 -46.2 -40.30919926166535 0.0
0.7391903400421143 75.6 -45.599999999999994 -311.6697474758108 -45.599999999999994 -40.79899952411652 55.8595045724948
0.7504374980926514 75.6 -45.599999999999994 -339.85593496561046 -45.599999999999994 -41.31186993122101 0.0
0.7660219669342041 75.6 -45.599999999999994 -340.21126085519785 -45.599999999999994 -42.022521710395814 0.0
0.7763252258300781 75.6 -45.599999999999994 -340.4461751580238 -45.599999999999994 -42.49235031604767 0.0
0.7879941463470459 74.4 -44.400000000000006 -280.886587186023 -44.400000000000006 -43.010450387001036 102.8372760149552
0.7990033626556396 74.4 -44.400000000000006 -332.54962979555137 -44.400000000000006 -43.4992595911026 0.0
0.8090906143188477 74.4 -44.400000000000006 -332.7735667824746 -44.400000000000006 -43.947133564949034 0.0
0.8190999031066895 74.4 -44.400000000000006 -332.9957729935647 -44.400000000000006 -44.39154598712921 0.0
0.8291575908660889 74.4 -44.400000000000006 -333.21905366182335 -44.400000000000006 -44.83810732364655 0.0
0.8393270969390869 74.4 -44.400000000000006 -333.4448166966439 -44.400000000000006 -45.28963339328766 0.0
0.8511533737182617 74.4 -44.400000000000006 -333.70736004114156 -44.400000000000006 -45.81472008228302 0.0
0.8620526790618896 73.7 -43.7 -296.9333716150598 -43.7 -46.29101972579956 64.22427649568002
0.8725438117980957 73.7 -43.7 -329.27474111318594 -43.7 -46.74948222637176 0.0
0.8825500011444092 73.7 -43.7 -329.49337635040285 -43.7 -47.18675270080566 0.0
0.8936467170715332 71.2 -41.2 -199.5760283852429 -41.2 -47.64393739700317 225.2918806265174
0.9051024913787842 71.2 -41.2 -312.457957649231 -41.2 -48.115915298461914 0.0
0.9159104824066162 71.0 -41.0 -302.02710815902765 -41.0 -48.55904293060303 18.504826612547692
0.9260287284851074 71.0 -41.0 -311.4869455099106 -41.0 -48.97389101982117 0.0
0.9364781379699707 70.6 -40.599999999999994 -289.75923097567926 -40.599999999999994 -49.39813704490662 38.27967509354805
0.9466426372528076 70.6 -40.599999999999994 -309.1054078578948 -40.599999999999994 -49.8108157157898 0.0
0.9590113162994385 69.4 -39.400000000000006 -252.43944440387156 -39.400000000000006 -50.298141670227054 97.01925286248414
0.973189115524292 69.4 -39.400000000000006 -301.2283734798432 -39.400000000000006 -50.856746959686284 0.0
0.9834825992584229 69.4 -39.400000000000006 -301.4311551094056 -39.400000000000006 -51.26231021881104 0.0
0.9940304756164551 69.3 -39.3 -296.19813019925 -39.3 -51.67684175968171 9.480581361181613
1.0054090023040771 69.3 -39.3 -301.1620089292526 -39.3 -52.124017858505255 0.0
1.0161678791046143 68.1 -38.099999999999994 -237.1990623279415 -38.099999999999994 -52.53393106460572 111.53580640872251
1.0265100002288818 68.1 -38.099999999999994 -293.1639829397201 -38.099999999999994 -52.927965879440315 0.0
1.039348840713501 67.0 -37.0 -242.86274197150848 -37.0 -53.40300297737122 85.67751903435425
1.0502312183380127 67.0 -37.0 -285.9028254747391 -37.0 -53.80565094947816 0.0
1.0616369247436523 67.0 -37.0 -286.1138310432434 -37.0 -54.22766208648682 0.0
1.0719554424285889 67.0 -37.0 -286.30472362041473 -37.0 -54.609447240829475 0.0
1.082139253616333 67.0 -37.0 -286.493124127388 -37.0 -54.98624825477601 0.0
1.0926892757415771 66.0 -36.0 -232.28975898891923 -36.0 -55.3660490512848 94.78653107344633
1.1039206981658936 66.0 -36.0 -279.8851901292801 -36.0 -55.77038025856019 0.0
1.1145832538604736 65.1 -35.099999999999994 -231.56855249717069 -35.099999999999994 -56.144635963439946 84.40753096909852
1.1249396800994873 65.1 -35.099999999999994 -273.95407326221465 -35.099999999999994 -56.50814652442933 0.0
1.1350131034851074 64.5 -34.5 -240.14650446260748 -34.5 -56.85567963123322 59.56267070601823
1.1460793018341064 64.5 -34.5 -270.11873173713684 -34.5 -57.23746347427369 0.0
1.1624269485473633 63.7 -33.7 -240.32583600308658 -33.7 -57.788379168510446 48.93670716233739
1.173431158065796 63.7 -33.7 -264.97961051464085 -33.7 -58.159221029281625 0.0
1.1841342449188232 62.6 -32.6 -206.06702636808012 -32.6 -58.50814166069031 102.77408892453012
1.194488525390625 62.6 -32.6 -257.62284560203557 -32.6 -58.84569120407105 0.0
1.2059381008148193 62.4 -32.4 -247.67438040747564 -32.4 -59.216657447814946 17.467896632863667
1.2165637016296387 62.4 -32.4 -256.58046345710756 -32.4 -59.560926914215095 0.0
1.226606845855713 62.4 -32.4 -256.74316239356995 -32.4 -59.8863247871399 0.0
1.2380938529968262 61.4 -31.4 -206.39606963441105 -31.4 -60.247016811370855 87.05487754254878
1.2482922077178955 61.4 -31.4 -250.0836225748062 -31.4 -60.56724514961243 0.0
1.2613015174865723 60.9 -30.9 -227.5676091716596 -30.9 -60.969232821464544 38.43401447814533
1.2714178562164307 60.9 -30.9 -246.94091384410856 -30.9 -61.28182768821717 0.0
1.2823238372802734 59.9 -29.9 -194.2575555327267 -29.9 -61.607916522026066 91.69280545657259
1.2924139499664307 59.9 -29.9 -240.25480544567108 -29.9 -61.90961089134217 0.0
1.3036530017852783 59.0 -29.0 -194.07880691129984 -29.0 -62.23554339408875 80.07792957148905
1.3141896724700928 59.0 -29.0 -234.27055342197417 -29.0 -62.54110684394837 0.0
1.3245556354522705 59.0 -29.0 -234.42085988521575 -29.0 -62.841719770431524 0.0
1.3353033065795898 58.6 -28.6 -213.16586904723147 -28.6 -63.14910316467286 37.217365070209944
1.3453662395477295 58.6 -28.6 -231.91845152378085 -28.6 -63.43690304756165 0.0
1.3584449291229248 57.4 -27.4 -177.82147381771603 -27.4 -63.795259141922 91.75231150648993
1.3685083389282227 57.4 -27.4 -223.83549828529357 -27.4 -64.07099657058717 0.0
1.3800852298736572 57.2 -27.200000000000003 -213.95504627370883 -27.200000000000003 -64.38588800430298 17.275795456885355
1.3901643753051758 57.2 -27.200000000000003 -222.73002038002016 -27.200000000000003 -64.66004076004029 0.0
1.400148630142212 56.2 -26.200000000000003 -165.78196415301056 -26.200000000000003 -64.92162823677063 100.15769993074957
1.4119207859039307 56.2 -26.200000000000003 -216.01502935886387 -26.200000000000003 -65.23005871772766 0.0
1.4219679832458496 56.2 -26.200000000000003 -216.14664764404301 -26.200000000000003 -65.49329528808593 0.0
1.4381897449493408 55.4 -25.4 -186.09442976967233 -25.4 -65.90532803535461 49.316468496009904
1.4483833312988281 55.1 -25.1 -194.0654584544421 -25.1 -66.16118705272675 29.430270143842545
1.4779369831085205 54.4 -24.4 -192.39827998708728 -24.4 -66.88229615688324 23.685736182708617
1.4894602298736572 54.4 -24.4 -204.3817316889763 -24.4 -67.16346337795258 0.0
1.5004103183746338 54.2 -24.200000000000003 -193.98188147870266 -24.200000000000003 -67.42845551967622 18.26469256227099
1.5112683773040771 54.2 -24.200000000000003 -203.2456102728844 -24.200000000000003 -67.69122054576874 0.0
1.521939992904663 53.4 -23.4 -160.2878587026675 -23.4 -67.94093635082245 74.96521894548744
1.5336887836456299 53.4 -23.4 -197.9079290270805 -23.4 -68.21585805416107 0.0
1.5464694499969482 52.7 -22.700000000000003 -165.76787598348238 -22.700000000000003 -68.505979180336 54.77022721337131
1.5617716312408447 52.7 -22.700000000000003 -193.32666934728627 -22.700000000000003 -68.85333869457244 0.0
1.5725548267364502 51.7 -21.700000000000003 -140.0752226918902 -21.700000000000003 -69.08733403682709 92.73688865304679
1.584550142288208 51.7 -21.700000000000003 -186.57381619215016 -21.700000000000003 -69.34763238430023 0.0
1.5954511165618896 51.7 -21.700000000000003 -186.6920917630196 -21.700000000000003 -69.58418352603911 0.0
1.605473518371582 51.7 -21.700000000000003 -186.80083482265474 -21.700000000000003 -69.80166964530943 0.0
1.615525245666504 50.6 -20.6 -124.4874036669233 -20.6 -70.00873522758482 109.43392789373829
1.6263904571533203 50.6 -20.6 -179.31627929210663 -20.6 -70.23255858421324 0.0
1.6380512714385986 50.6 -20.6 -179.436385679245 -20.6 -70.47277135848996 0.0
1.6490261554718018 50.0 -20.0 -148.01099374793984 -20.0 -70.69226903915403 54.67028154327437
1.6598780155181885 50.0 -20.0 -175.4546531200409 -20.0 -70.90930624008176 0.0
1.670496940612793 49.6 -19.6 -153.92442055502892 -19.6 -71.117437171936 37.66859606187822
1.682201623916626 49.6 -19.6 -172.87342448234557 -19.6 -71.34684896469113 0.0
1.692638874053955 49.6 -19.6 -172.9757095336914 -19.6 -71.55141906738278 0.0
1.703012466430664 49.6 -19.6 -173.07737073898315 -19.6 -71.75474147796628 0.0
1.7131381034851074 49.2 -19.200000000000003 -150.62273320036164 -19.200000000000003 -71.94915370941159 39.50368730868835
1.723909854888916 49.2 -19.200000000000003 -170.47798566818238 -19.200000000000003 -72.15597133636471 0.0
1.7351016998291016 49.2 -19.200000000000003 -170.58542737960818 -19.200000000000003 -72.37085475921627 0.0
1.7461581230163574 49.0 -19.0 -160.2459470760848 -19.0 -72.58092679977413 18.08903264760452
1.756289005279541 49.0 -19.0 -169.38670678138732 -19.0 -72.77341356277462 0.0
1.7681844234466553 47.4 -17.4 -91.03741195962714 -17.4 -72.9803938388824 134.50556991962813
1.7783100605010986 47.4 -17.4 -158.37828996181486 -17.4 -73.15657992362972 0.0
1.7909371852874756 47.1 -17.1 -144.50706302635376 -17.1 -73.37250375747676 23.75837770476923
1.8013091087341309 47.1 -17.1 -156.47493182420732 -17.1 -73.54986364841457 0.0
1.8118388652801514 45.5 -15.5 -69.38137158212356 -15.5 -73.71307487487789 151.95033171063073
1.8220202922821045 45.5 -15.5 -145.43544349670407 -15.5 -73.87088699340816 0.0
1.8335955142974854 44.8 -14.799999999999997 -110.38409910975165 -14.799999999999997 -74.0422002792358 60.47400205973248
1.8437459468841553 44.8 -14.799999999999997 -140.69621334075924 -14.799999999999997 -74.19242668151851 0.0
1.8537797927856445 43.7 -13.700000000000003 -78.25046971886661 -13.700000000000003 -74.32989037036891 109.62895093263576
1.8659257888793945 43.7 -13.700000000000003 -133.14814525842667 -13.700000000000003 -74.49629051685329 0.0
1.876070261001587 42.8 -12.799999999999997 -82.55393570529218 -12.799999999999997 -74.62613976001735 88.71826834943298
1.896045207977295 42.8 -12.799999999999997 -127.04090954065319 -12.799999999999997 -74.88181908130642 0.0
1.9078361988067627 42.5 -12.5 -112.29302604195139 -12.5 -75.02920646667476 25.443154382771976
1.9179856777191162 42.5 -12.5 -125.07803747653959 -12.5 -75.15607495307918 0.0
1.9285707473754883 41.8 -11.799999999999997 -87.17504802886168 -11.799999999999997 -75.28097877502438 66.13088271730099
1.9400441646575928 41.8 -11.799999999999997 -120.30818254947658 -11.799999999999997 -75.41636509895321 0.0
1.9506289958953857 40.8 -10.799999999999997 -66.12793186259529 -10.799999999999997 -75.53068127632137 94.47481755113073
1.9683947563171387 40.8 -10.799999999999997 -113.46127574443813 -10.799999999999997 -75.7225514888763 0.0
1.9794881343841553 40.1 -10.100000000000001 -77.06694376072508 -10.100000000000001 -75.83459460735317 63.10070708590303
1.9917421340942383 40.1 -10.100000000000001 -108.67918000221252 -10.100000000000001 -75.958360004425 0.0
2.0024893283843994 39.2 -9.200000000000003 -60.55722370242069 -9.200000000000003 -76.05723419189448 83.74278678705313
2.0129992961883545 39.2 -9.200000000000003 -102.47696294784545 -9.200000000000003 -76.15392589569086 0.0
2.023742914199829 38.9 -8.899999999999999 -86.46299494089939 -8.899999999999999 -76.24954409599299 27.923554214194173
2.0339627265930176 38.9 -8.899999999999999 -100.47025021314617 -8.899999999999999 -76.34050042629237 0.0
2.0460398197174072 38.5 -8.5 -81.16130147949542 -8.5 -76.44315571784968 33.12055275885883
2.0585029125213623 38.5 -8.5 -97.77454600334164 -8.5 -76.5490920066833 0.0
2.0691332817077637 38.3 -8.299999999999997 -87.01165102328662 -8.299999999999997 -76.63732407093043 18.814022024357143
2.079394578933716 38.3 -8.299999999999997 -96.4612464189529 -8.299999999999997 -76.72249283790583 0.0
2.0911922454833984 37.2 -7.200000000000003 -42.1843295416814 -7.200000000000003 -76.80743603706355 93.23877695370079
2.102015733718872 37.2 -7.200000000000003 -88.8426825761795 -7.200000000000003 -76.88536515235896 0.0
2.113011360168457 37.0 -7.0 -78.38664223568627 -7.0 -76.96233453750605 18.18905006613352
2.1231844425201416 37.0 -7.0 -87.51677305698392 -7.0 -77.03354611396784 0.0
2.133997917175293 36.6 -6.600000000000001 -66.25701490400965 -6.600000000000001 -77.10491504669184 36.99088523867256
2.1453845500946045 36.6 -6.600000000000001 -84.79003341197966 -6.600000000000001 -77.1800668239593 0.0
2.1579437255859375 35.7 -5.700000000000003 -42.695449477985136 -5.700000000000003 -77.25165412425989 71.66075516828965
2.1681830883026123 35.7 -5.700000000000003 -78.55500924587248 -5.700000000000003 -77.31001849174493 0.0
2.179048776626587 35.7 -5.700000000000003 -78.58597645759582 -5.700000000000003 -77.37195291519159 0.0
2.1902031898498535 35.7 -5.700000000000003 -78.61776653528213 -5.700000000000003 -77.4355330705642 0.0
2.201125383377075 35.7 -5.700000000000003 -78.6488947868347 -5.700000000000003 -77.49778957366937 0.0
2.211893081665039 35.7 -5.700000000000003 -78.6795827269554 -5.700000000000003 -77.55916545391077 0.0
2.2221195697784424 35.7 -5.700000000000003 -78.7087282180786 -5.700000000000003 -77.61745643615717 0.0
2.2326807975769043 34.9 -4.899999999999999 -35.26021895636949 -4.899999999999999 -77.66920645236964 75.74876853963063
2.2440967559814453 34.9 -4.899999999999999 -73.16257232427594 -4.899999999999999 -77.72514464855189 0.0
2.2551019191741943 33.8 -3.799999999999997 -15.506940181526822 -3.799999999999997 -77.76696426868433 99.95308390563066
2.266073703765869 33.8 -3.799999999999997 -65.50432852506633 -3.799999999999997 -77.8086570501327 0.0
2.2766733169555664 33.8 -3.799999999999997 -65.52446779012675 -3.799999999999997 -77.84893558025354 0.0
2.287804126739502 33.8 -3.799999999999997 -65.54561632871622 -3.799999999999997 -77.8912326574325 0.0
2.3079586029052734 33.0 -3.0 -40.129140209430545 -3.0 -77.95169608592981 39.69341566706873
2.3266043663024902 32.6 -2.6000000000000014 -46.4737903203339 -2.6000000000000014 -78.00017507076258 21.452594430094802
2.338571310043335 32.6 -2.6000000000000014 -57.2156445622444 -2.6000000000000014 -78.03128912448878 0.0
2.351433277130127 32.6 -2.6000000000000014 -57.23236511945723 -2.6000000000000014 -78.06473023891444 0.0
2.367208480834961 32.6 -2.6000000000000014 -57.252872884273515 -2.6000000000000014 -78.10574576854701 0.0
2.3777713775634766 32.6 -2.6000000000000014 -57.26660465002058 -2.6000000000000014 -78.13320930004114 0.0
2.3886120319366455 32.2 -2.200000000000003 -36.029458574344105 -2.200000000000003 -78.15705873966212 36.89814159097394
2.4011387825012207 32.2 -2.200000000000003 -54.49230879545211 -2.200000000000003 -78.18461759090418 0.0
2.4136548042297363 32.0 -2.0 -45.115065597430416 -2.0 -78.20964963436121 15.97951843950038
2.427957057952881 32.0 -2.0 -53.11912707090375 -2.0 -78.2382541418075 0.0
2.4497323036193848 30.3 -0.3000000000000007 -2.1872424796387406 -0.3000000000000007 -78.24478671550746 78.07030175622998
2.466155767440796 30.2 -0.1999999999999993 -37.47961093822162 -0.1999999999999993 -78.24807140827174 6.0888495318284965
2.4817771911621094 29.7 0.3000000000000007 -21.018029542820457 0.3000000000000007 -78.24338498115534 32.00732589551441
2.4979684352874756 29.7 0.3000000000000007 -37.019263803958864 0.3000000000000007 -78.23852760791773 0.0
2.510016918182373 29.6 0.3999999999999986 -32.166954038121055 0.3999999999999986 -78.23370821475977 8.299800138517682
2.5204949378967285 29.6 0.3999999999999986 -36.31475850343703 0.3999999999999986 -78.22951700687403 0.0
2.5314462184906006 29.4 0.6000000000000014 -25.78012093237782 0.6000000000000014 -78.22294623851771 18.262704373762045
2.5425074100494385 29.4 0.6000000000000014 -34.908154761791195 0.6000000000000014 -78.21630952358241 0.0
2.5560569763183594 29.8 0.1999999999999993 -52.46741988927343 0.1999999999999993 -78.21359961032863 -29.521240168218206
2.566685438156128 29.8 0.1999999999999993 -37.70573695898054 0.1999999999999993 -78.21147391796107 0.0
2.578120708465576 28.9 1.1000000000000014 7.95248622198028 1.1000000000000014 -78.19889512062068 78.70386756458122
2.5885183811187744 28.9 1.1000000000000014 -31.393728840351066 1.1000000000000014 -78.18745768070215 0.0
2.600487470626831 29.4 0.6000000000000014 -55.77727408417711 0.6000000000000014 -78.18027622699732 -41.774271941356915
2.6113533973693848 29.4 0.6000000000000014 -34.886878335475885 0.6000000000000014 -78.17375667095179 0.0
2.621882677078247 28.9 1.1000000000000014 -7.637772692315764 1.1000000000000014 -78.16217446327204 47.48662907864049
2.6320273876190186 28.9 1.1000000000000014 -31.375507640838585 1.1000000000000014 -78.15101528167719 0.0
2.6432344913482666 29.0 1.0 -36.531360073316456 1.0 -78.13980817794794 -8.922911968684975
2.6541991233825684 29.0 1.0 -32.06442177295682 1.0 -78.12884354591364 0.0
2.665526866912842 28.8 1.1999999999999993 -21.829741644771005 1.1999999999999993 -78.11525025367732 17.655766964135314
2.67621111869812 28.8 1.1999999999999993 -30.651214575767494 1.1999999999999993 -78.10242915153498 0.0
2.6878819465637207 28.6 1.3999999999999986 -20.67467254217487 1.3999999999999986 -78.08608999252314 17.13674490817342
2.6989567279815674 28.6 1.3999999999999986 -29.23529264926909 1.3999999999999986 -78.07058529853816 0.0
2.7106237411499023 28.8 1.1999999999999993 -39.19946644770299 1.1999999999999993 -78.05658488273616 -17.142348012669807
2.721151351928711 28.8 1.1999999999999993 -30.6219758749008 1.1999999999999993 -78.0439517498016 0.0
2.731809377670288 28.1 1.8999999999999986 7.127251770637251 1.8999999999999986 -78.0237015008926 65.67820504216712
2.7420694828033447 28.1 1.8999999999999986 -25.702103650569903 1.8999999999999986 -78.00420730113979 0.0
2.7540876865386963 28.2 1.8000000000000007 -30.551642766335107 1.8000000000000007 -77.98257453441616 -8.320710998254068
2.7698657512664795 28.2 1.8000000000000007 -26.377087008953072 1.8000000000000007 -77.95417401790615 0.0
2.7806637287139893 28.0 2.0 -15.70529543468511 2.0 -77.93257806301114 18.521987193640914
2.7912018299102783 28.0 2.0 -24.95575093030928 2.0 -77.91150186061856 0.0
2.8054099082946777 27.8 2.1999999999999993 -16.50187258525741 2.1999999999999993 -77.88024408817287 14.076498917658064
2.823448896408081 27.7 2.3000000000000007 -20.047603110136333 2.3000000000000007 -77.83875441551204 5.54354819523937
2.8359014987945557 27.7 2.3000000000000007 -22.80505671501157 2.3000000000000007 -77.81011343002315 0.0
2.846583366394043 27.3 2.6999999999999993 -1.267318558772537 2.6999999999999993 -77.78127238750453 37.446635269959465
2.8590071201324463 27.3 2.6999999999999993 -19.973864126205424 2.6999999999999993 -77.74772825241084 0.0
2.869483470916748 26.7 3.3000000000000007 12.87934729807247 3.3000000000000007 -77.71315629482264 57.27185089096757
2.8801381587982178 26.7 3.3000000000000007 -15.73899791240689 3.3000000000000007 -77.67799582481379 0.0
2.8911380767822266 26.7 3.3000000000000007 -15.720848047733273 3.3000000000000007 -77.64169609546656 0.0
2.904226303100586 26.7 3.3000000000000007 -15.699252474307979 3.3000000000000007 -77.59850494861597 0.0
2.9153034687042236 27.3 2.6999999999999993 -46.967038663628145 2.6999999999999993 -77.56859660148615 -54.16548072577013
2.9255292415618896 27.3 2.6999999999999993 -19.87049350738523 2.6999999999999993 -77.54098701477045 0.0
2.9365434646606445 27.3 2.6999999999999993 -19.855624306201914 2.6999999999999993 -77.51124861240382 0.0
2.947671890258789 27.3 2.6999999999999993 -19.84060093164442 2.6999999999999993 -77.48120186328883 0.0
2.960252046585083 27.1 2.8999999999999986 -10.47333288795247 2.8999999999999986 -77.44471940994258 15.898053634037657
2.9705190658569336 27.1 2.8999999999999986 -18.407472527027117 2.8999999999999986 -77.41494505405421 0.0
2.981482982635498 27.1 2.8999999999999986 -18.3915748476982 2.8999999999999986 -77.38314969539638 0.0
2.991640090942383 27.1 2.8999999999999986 -18.376847040653217 2.8999999999999986 -77.35369408130641 0.0
3.003826856613159 26.5 3.5 10.461347646282348 3.5 -77.3110404014587 49.233735694023395
3.014657974243164 26.5 3.5 -14.13656574487684 3.5 -77.27313148975368 0.0
3.0252532958984375 26.5 3.5 -14.118023931980112 3.5 -77.23604786396022 0.0
3.0353615283966064 26.5 3.5 -14.100334525108316 3.5 -77.20066905021663 0.0
3.0461740493774414 26.5 3.5 -14.081412613391855 3.5 -77.16282522678371 0.0
3.058535099029541 26.5 3.5 -14.05978077650068 3.5 -77.11956155300136 0.0
3.071115732192993 26.3 3.6999999999999993 -4.687781075934996 3.6999999999999993 -77.0730132102966 15.897451058426611
3.0813090801239014 26.3 3.6999999999999993 -12.61764891147612 3.6999999999999993 -77.03529782295223 0.0
3.092212677001953 26.3 3.6999999999999993 -12.597477257251722 3.6999999999999993 -76.99495451450343 0.0
3.102329730987549 26.3 3.6999999999999993 -12.578760707378368 3.6999999999999993 -76.95752141475673 0.0
3.114149332046509 26.3 3.6999999999999993 -12.556894445419292 3.6999999999999993 -76.91378889083857 0.0
3.125136613845825 26.3 3.6999999999999993 -12.536567974090556 3.6999999999999993 -76.8731359481811 0.0
3.135910987854004 26.3 3.6999999999999993 -12.516635382175426 3.6999999999999993 -76.83327076435084 0.0
3.1460671424865723 26.3 3.6999999999999993 -12.497846496105172 3.6999999999999993 -76.79569299221033 0.0
3.1623857021331787 25.9 4.100000000000001 2.591590187666908 4.100000000000001 -76.72878689765925 24.511967272993044
3.173920154571533 25.9 4.100000000000001 -9.64074782133099 4.100000000000001 -76.681495642662 0.0
3.184370756149292 25.9 4.100000000000001 -9.619324088096583 4.100000000000001 -76.63864817619319 0.0
3.1957151889801025 25.9 4.100000000000001 -9.596068000793423 4.100000000000001 -76.59213600158687 0.0
3.206629991531372 25.9 4.100000000000001 -9.57369265556332 4.100000000000001 -76.54738531112666 0.0
3.218536376953125 25.9 4.100000000000001 -9.54928456544873 4.100000000000001 -76.49856913089748 0.0
3.2285313606262207 25.9 4.100000000000001 -9.528794848918885 4.100000000000001 -76.45758969783779 0.0
3.2393505573272705 25.9 4.100000000000001 -9.506615495681736 4.100000000000001 -76.41323099136349 0.0
3.249831199645996 25.9 4.100000000000001 -9.485130178928351 4.100000000000001 -76.37026035785672 0.0
3.262152910232544 25.9 4.100000000000001 -9.459870672225925 4.100000000000001 -76.31974134445187 0.0
3.2721681594848633 25.9 4.100000000000001 -9.439339411258672 4.100000000000001 -76.27867882251736 0.0
3.283165693283081 25.9 4.100000000000001 -9.416794466972327 4.100000000000001 -76.23358893394467 0.0
3.2931954860687256 25.9 4.100000000000001 -9.396233391761754 4.100000000000001 -76.19246678352353 0.0
3.303549289703369 25.9 4.100000000000001 -9.375008094310736 4.100000000000001 -76.15001618862149 0.0
3.3152048587799072 25.9 4.100000000000001 -9.351114177703835 4.100000000000001 -76.10222835540769 0.0
3.3259363174438477 25.9 4.100000000000001 -9.329114687442754 4.100000000000001 -76.05822937488553 0.0
3.3365414142608643 25.9 4.100000000000001 -9.307374238967867 4.100000000000001 -76.01474847793575 0.0
3.346616506576538 25.9 4.100000000000001 -9.286720299720734 4.100000000000001 -75.97344059944149 0.0
3.3593225479125977 25.9 4.100000000000001 -9.26067291498181 4.100000000000001 -75.92134582996364 0.0
3.3697874546051025 25.9 4.100000000000001 -9.239219856262174 4.100000000000001 -75.87843971252437 0.0
3.3802340030670166 25.9 4.100000000000001 -9.217804431915248 4.100000000000001 -75.83560886383052 0.0
3.3902475833892822 25.9 4.100000000000001 -9.197276592254603 4.100000000000001 -75.79455318450923 0.0
3.4010958671569824 25.9 4.100000000000001 -9.175037610530815 4.100000000000001 -75.75007522106165 0.0
3.4118547439575195 25.9 4.100000000000001 -9.152981913089711 4.100000000000001 -75.70596382617944 0.0
3.423264503479004 25.9 4.100000000000001 -9.129591906070665 4.100000000000001 -75.65918381214135 0.0
3.433406114578247 25.9 4.100000000000001 -9.108801603317218 4.100000000000001 -75.61760320663446 0.0
3.443755865097046 25.9 4.100000000000001 -9.08758461475368 4.100000000000001 -75.57516922950738 0.0
3.4614334106445312 26.0 4.0 -12.580676485692612 4.0 -75.50445904731744 -5.656893924067785
3.472226619720459 26.0 4.0 -9.730643105506864 4.0 -75.46128621101373 0.0
3.483386993408203 25.9 4.100000000000001 -4.527627616524462 4.100000000000001 -75.41552867889398 8.960273445845033
3.493579387664795 25.9 4.100000000000001 -8.986869931220966 4.100000000000001 -75.37373986244195 0.0
3.504120349884033 25.9 4.100000000000001 -8.965260958671529 4.100000000000001 -75.33052191734308 0.0
3.5164072513580322 25.9 4.100000000000001 -8.94007281064983 4.100000000000001 -75.28014562129968 0.0
3.5283939838409424 25.9 4.100000000000001 -8.915500009059862 4.100000000000001 -75.23100001811974 0.0
3.5384116172790527 25.9 4.100000000000001 -8.894963860511737 4.100000000000001 -75.1899277210235 0.0
3.550163984298706 25.7 4.300000000000001 1.0392279165990619 4.300000000000001 -75.13939254283899 17.017848376037104
3.5659782886505127 25.7 4.300000000000001 -7.435695517063106 4.300000000000001 -75.07139103412622 0.0
3.5784080028533936 25.7 4.300000000000001 -7.408971631526914 4.300000000000001 -75.01794326305384 0.0
3.58896541595459 25.7 4.300000000000001 -7.38627319335934 4.300000000000001 -74.97254638671869 0.0
3.60015606880188 25.7 4.300000000000001 -7.362213289737664 4.300000000000001 -74.92442657947534 0.0
3.6101245880126953 25.7 4.300000000000001 -7.340780973434409 4.300000000000001 -74.88156194686883 0.0
3.62182879447937 25.7 4.300000000000001 -7.315616929531057 4.300000000000001 -74.83123385906212 0.0
3.6322290897369385 25.7 4.300000000000001 -7.293256294727282 4.300000000000001 -74.78651258945457 0.0
3.643277406692505 25.7 4.300000000000001 -7.269502413272814 4.300000000000001 -74.73900482654564 0.0
3.6534183025360107 25.7 4.300000000000001 -7.247699487209278 4.300000000000001 -74.69539897441857 0.0
3.6657638549804688 25.8 4.199999999999999 -11.97181534809721 4.199999999999999 -74.64354765415185 -8.100083042042563
3.676062822341919 25.8 4.199999999999999 -7.900145995616885 4.199999999999999 -74.60029199123376 0.0
3.6866323947906494 25.7 4.300000000000001 -2.4468610972484974 4.300000000000001 -74.55484282970421 9.461120635207209
3.6976802349090576 25.7 4.300000000000001 -7.153668558597527 4.300000000000001 -74.50733711719506 0.0
3.708513021469116 25.7 4.300000000000001 -7.1303780674934 4.300000000000001 -74.46075613498681 0.0
3.7201759815216064 25.7 4.300000000000001 -7.1053027033805485 4.300000000000001 -74.4106054067611 0.0
3.7317450046539307 25.7 4.300000000000001 -7.080429303646053 4.300000000000001 -74.36085860729212 0.0
3.7418131828308105 25.7 4.300000000000001 -7.0587827205657625 4.300000000000001 -74.31756544113153 0.0
3.7524402141571045 25.7 4.300000000000001 -7.035934603214233 4.300000000000001 -74.27186920642848 0.0
3.7632250785827637 25.7 4.300000000000001 -7.012747144699066 4.300000000000001 -74.22549428939814 0.0
3.7751832008361816 25.7 4.300000000000001 -6.987037181854216 4.300000000000001 -74.17407436370844 0.0
3.7854928970336914 25.7 4.300000000000001 -6.964871335029567 4.300000000000001 -74.12974267005914 0.0
3.796440362930298 25.7 4.300000000000001 -6.9413342833518605 4.300000000000001 -74.08266856670373 0.0
3.8065602779388428 25.7 4.300000000000001 -6.9195764660834875 4.300000000000001 -74.03915293216699 0.0
3.8214406967163086 25.7 4.300000000000001 -6.887583565711939 4.300000000000001 -73.97516713142389 0.0
3.8315792083740234 25.7 4.300000000000001 -6.865785765647853 4.300000000000001 -73.93157153129572 0.0
3.842641592025757 25.7 4.300000000000001 -6.842001640796628 4.300000000000001 -73.88400328159327 0.0
3.8526642322540283 25.7 4.300000000000001 -6.820452964305847 4.300000000000001 -73.8409059286117 0.0
3.863875150680542 25.7 4.300000000000001 -6.79634948968884 4.300000000000001 -73.79269897937769 0.0
3.875044107437134 25.7 4.300000000000001 -6.772336232662166 4.300000000000001 -73.74467246532434 0.0
3.8855807781219482 25.7 4.300000000000001 -6.7496823906898165 4.300000000000001 -73.69936478137964 0.0
3.895794630050659 25.7 4.300000000000001 -6.727722609043088 4.300000000000001 -73.65544521808619 0.0
3.906541347503662 25.7 4.300000000000001 -6.704617166519132 4.300000000000001 -73.60923433303827 0.0
3.918274402618408 25.7 4.300000000000001 -6.679391098022425 4.300000000000001 -73.55878219604486 0.0
3.9290413856506348 25.7 4.300000000000001 -6.656242084503138 4.300000000000001 -73.51248416900629 0.0
3.939711093902588 25.7 4.300000000000001 -6.6333022117614355 4.300000000000001 -73.46660442352288 0.0
3.9502320289611816 25.7 4.300000000000001 -6.610682201385462 4.300000000000001 -73.42136440277093 0.0
3.9612560272216797 25.7 4.300000000000001 -6.586980605125394 4.300000000000001 -73.3739612102508 0.0
3.976665496826172 25.7 4.300000000000001 -6.553850245475733 4.300000000000001 -73.30770049095148 0.0
3.9872965812683105 25.7 4.300000000000001 -6.530993413925135 4.300000000000001 -73.26198682785028 0.0
3.9982478618621826 25.7 4.300000000000001 -6.5074481606483126 4.300000000000001 -73.21489632129664 0.0
4.008298635482788 25.7 4.300000000000001 -6.485838997364009 4.300000000000001 -73.17167799472803 0.0
4.020435094833374 25.7 4.300000000000001 -6.459745609760251 4.300000000000001 -73.11949121952051 0.0
4.030484676361084 25.7 4.300000000000001 -6.438139009475673 4.300000000000001 -73.07627801895136 0.0
4.041599988937378 25.7 4.300000000000001 -6.41424108743664 4.300000000000001 -73.02848217487329 0.0
4.0516602993011475 25.7 4.300000000000001 -6.392611420154534 4.300000000000001 -72.98522284030908 0.0
4.062629699707031 25.7 4.300000000000001 -6.369027209281885 4.300000000000001 -72.93805441856378 0.0
4.073983430862427 25.7 4.300000000000001 -6.344616687297783 4.300000000000001 -72.88923337459558 0.0
4.085716009140015 25.7 4.300000000000001 -6.319391644000969 4.300000000000001 -72.83878328800195 0.0
4.095885992050171 25.7 4.300000000000001 -6.297526180744132 4.300000000000001 -72.79505236148827 0.0
4.106676816940308 25.7 4.300000000000001 -6.274325907230338 4.300000000000001 -72.74865181446069 0.0
4.117143630981445 25.7 4.300000000000001 -6.251822257041891 4.300000000000001 -72.70364451408379 0.0
4.1293861865997314 25.7 4.300000000000001 -6.225500762462577 4.300000000000001 -72.65100152492516 0.0
4.14042854309082 25.7 4.300000000000001 -6.201759696006736 4.300000000000001 -72.60351939201348 0.0
4.151367425918579 25.7 4.300000000000001 -6.178241097927053 4.300000000000001 -72.55648219585412 0.0
4.162124395370483 25.7 4.300000000000001 -6.155113613605462 4.300000000000001 -72.51022722721093 0.0
4.174026012420654 25.7 4.300000000000001 -6.129525136947596 4.300000000000001 -72.4590502738952 0.0
4.18402361869812 25.7 4.300000000000001 -6.108030283451047 4.300000000000001 -72.4160605669021 0.0
4.194536447525024 25.7 4.300000000000001 -6.085427701473204 4.300000000000001 -72.37085540294642 0.0
4.20504355430603 25.7 4.300000000000001 -6.0628374218940415 4.300000000000001 -72.3256748437881 0.0
4.215744495391846 25.7 4.300000000000001 -6.039830398559541 4.300000000000001 -72.27966079711909 0.0
4.2265613079071045 25.7 4.300000000000001 -6.016574251651736 4.300000000000001 -72.23314850330348 0.0
4.238375186920166 25.7 4.300000000000001 -5.9911744117736525 4.300000000000001 -72.18234882354731 0.0
4.249087333679199 25.7 4.300000000000001 -5.968143296241731 4.300000000000001 -72.13628659248347 0.0
4.2606425285339355 25.7 4.300000000000001 -5.943299627304047 4.300000000000001 -72.0865992546081 0.0
4.270956993103027 25.7 4.300000000000001 -5.921123528480496 4.300000000000001 -72.042247056961 0.0
4.28241491317749 25.7 4.300000000000001 -5.896489000320404 4.300000000000001 -71.99297800064082 0.0
4.292436361312866 25.7 4.300000000000001 -5.8749428868293485 4.300000000000001 -71.9498857736587 0.0
4.30350399017334 25.7 4.300000000000001 -5.851147484779329 4.300000000000001 -71.90229496955867 0.0
4.3135786056518555 25.7 4.300000000000001 -5.829487061500519 4.300000000000001 -71.85897412300105 0.0
4.325471878051758 25.7 4.300000000000001 -5.80391652584073 4.300000000000001 -71.80783305168147 0.0
4.3355231285095215 25.7 4.300000000000001 -5.782306337356541 4.300000000000001 -71.76461267471309 0.0
4.347230434417725 25.7 4.300000000000001 -5.757135629653906 4.300000000000001 -71.71427125930782 0.0
4.358106374740601 25.7 4.300000000000001 -5.73375235795972 4.300000000000001 -71.66750471591945 0.0
4.373697280883789 25.7 4.300000000000001 -5.700231909751867 4.300000000000001 -71.60046381950374 0.0
4.384095191955566 25.7 4.300000000000001 -5.677876400947543 4.300000000000001 -71.5557528018951 0.0
4.395276308059692 25.7 4.300000000000001 -5.653837001323669 4.300000000000001 -71.50767400264735 0.0
4.405350923538208 25.7 4.300000000000001 -5.632176578044859 4.300000000000001 -71.46435315608973 0.0
4.416168928146362 25.7 4.300000000000001 -5.608917868137329 4.300000000000001 -71.41783573627467 0.0
4.427825450897217 25.7 4.300000000000001 -5.5838563442229905 4.300000000000001 -71.36771268844599 0.0
4.438265085220337 25.7 4.300000000000001 -5.561411130428279 4.300000000000001 -71.32282226085657 0.0
4.449054002761841 25.7 4.300000000000001 -5.538214957714043 4.300000000000001 -71.2764299154281 0.0
4.463636875152588 25.7 4.300000000000001 -5.506861782073937 4.300000000000001 -71.21372356414788 0.0
4.481682538986206 25.7 4.300000000000001 -5.468063604831659 4.300000000000001 -71.13612720966333 0.0
4.4934046268463135 25.7 4.300000000000001 -5.442861115932427 4.300000000000001 -71.08572223186486 0.0
4.5080406665802 25.7 4.300000000000001 -5.411393630504573 4.300000000000001 -71.02278726100916 0.0
4.522298812866211 25.7 4.300000000000001 -5.380738615989653 4.300000000000001 -70.96147723197932 0.0
4.537941932678223 25.7 4.300000000000001 -5.347105908393825 4.300000000000001 -70.89421181678766 0.0
4.55365252494812 25.7 4.300000000000001 -5.3133281350135455 4.300000000000001 -70.8266562700271 0.0
4.5665037631988525 25.7 4.300000000000001 -5.285697972774468 4.300000000000001 -70.77139594554895 0.0
4.579381704330444 25.7 4.300000000000001 -5.258010399341547 4.300000000000001 -70.7160207986831 0.0
4.590207576751709 25.7 4.300000000000001 -5.234734773635825 4.300000000000001 -70.66946954727166 0.0
4.600186109542847 25.7 4.300000000000001 -5.213280928134882 4.300000000000001 -70.62656185626977 0.0
4.610650300979614 25.7 4.300000000000001 -5.190782916545832 4.300000000000001 -70.58156583309167 0.0
4.621196508407593 25.7 4.300000000000001 -5.168108570575679 4.300000000000001 -70.53621714115137 0.0
4.632447957992554 25.7 4.300000000000001 -5.14391795396801 4.300000000000001 -70.48783590793603 0.0
4.642482280731201 25.7 4.300000000000001 -5.1223441600799156 4.300000000000001 -70.44468832015984 0.0
4.653923273086548 25.7 4.300000000000001 -5.097746026515917 4.300000000000001 -70.39549205303184 0.0
4.665040969848633 25.7 4.300000000000001 -5.073842978477433 4.300000000000001 -70.34768595695488 0.0
4.6757893562316895 25.7 4.300000000000001 -5.050733947753859 4.300000000000001 -70.30146789550773 0.0
4.687243700027466 25.7 4.300000000000001 -5.026107108592942 4.300000000000001 -70.2522142171859 0.0
4.698241949081421 25.7 4.300000000000001 -5.002460873126939 4.300000000000001 -70.20492174625389 0.0
4.708296775817871 25.7 4.300000000000001 -4.980842995643574 4.300000000000001 -70.16168599128716 0.0
4.7186338901519775 25.7 4.300000000000001 -4.958618199825242 4.300000000000001 -70.1172363996505 0.0
4.729758024215698 25.7 4.300000000000001 -4.934701311588245 4.300000000000001 -70.0694026231765 0.0
4.740469455718994 25.7 4.300000000000001 -4.911671733856156 4.300000000000001 -70.02334346771232 0.0
4.75261116027832 25.7 4.300000000000001 -4.885567069053604 4.300000000000001 -69.97113413810722 0.0
4.769351243972778 25.7 4.300000000000001 -4.849575889110522 4.300000000000001 -69.89915177822105 0.0
4.780949115753174 25.7 4.300000000000001 -4.8246404647826715 4.300000000000001 -69.84928092956535 0.0
4.791881322860718 25.7 4.300000000000001 -4.801136219501455 4.300000000000001 -69.80227243900292 0.0
4.802111625671387 25.7 4.300000000000001 -4.779141068458518 4.300000000000001 -69.75828213691705 0.0
4.813167572021484 25.7 4.300000000000001 -4.755370783805805 4.300000000000001 -69.71074156761162 0.0
4.823220491409302 25.7 4.300000000000001 -4.733757007121998 4.300000000000001 -69.667514014244 0.0
4.835058689117432 25.7 4.300000000000001 -4.7083048820495215 4.300000000000001 -69.61660976409905 0.0
4.8451220989227295 25.7 4.300000000000001 -4.6866685509681325 4.300000000000001 -69.57333710193627 0.0
4.8561835289001465 25.7 4.300000000000001 -4.662886476516686 4.300000000000001 -69.52577295303338 0.0
4.867740869522095 25.7 4.300000000000001 -4.638038194179497 4.300000000000001 -69.476076388359 0.0
4.878470420837402 25.7 4.300000000000001 -4.614969658851589 4.300000000000001 -69.42993931770319 0.0
4.889937162399292 25.7 4.300000000000001 -4.590316164493526 4.300000000000001 -69.38063232898706 0.0
4.900984525680542 25.7 4.300000000000001 -4.566564333438837 4.300000000000001 -69.33312866687768 0.0
4.9111199378967285 25.7 4.300000000000001 -4.544773197174035 4.300000000000001 -69.28954639434808 0.0
4.921968936920166 25.7 4.300000000000001 -4.521447849273645 4.300000000000001 -69.2428956985473 0.0
4.9331464767456055 25.7 4.300000000000001 -4.497416138648948 4.300000000000001 -69.1948322772979 0.0
4.943979740142822 25.7 4.300000000000001 -4.4741246223449345 4.300000000000001 -69.14824924468988 0.0
4.954028129577637 25.7 4.300000000000001 -4.452520585060082 4.300000000000001 -69.10504117012017 0.0
4.966203451156616 25.7 4.300000000000001 -4.426343643665273 4.300000000000001 -69.05268728733056 0.0
4.976292133331299 25.7 4.300000000000001 -4.404652976989706 4.300000000000001 -69.00930595397942 0.0
4.988592624664307 25.7 4.300000000000001 -4.378206920623736 4.300000000000001 -68.95641384124748 0.0
4.998629570007324 25.7 4.300000000000001 -4.356627488136251 4.300000000000001 -68.91325497627251 0.0
5.009305477142334 25.7 4.300000000000001 -4.333674287795983 4.300000000000001 -68.86734857559198 0.0
5.019802808761597 25.7 4.300000000000001 -4.3111050248145695 4.300000000000001 -68.82221004962915 0.0
5.03045392036438 25.7 4.300000000000001 -4.288205134868587 4.300000000000001 -68.77641026973718 0.0
5.0418384075164795 25.7 4.300000000000001 -4.263728487491573 4.300000000000001 -68.72745697498316 0.0
5.052385330200195 25.7 4.300000000000001 -4.241052603721581 4.300000000000001 -68.68210520744317 0.0
5.063822031021118 25.7 4.300000000000001 -4.216463696956598 4.300000000000001 -68.6329273939132 0.0
5.074434518814087 25.7 4.300000000000001 -4.193646848201713 4.300000000000001 -68.58729369640344 0.0
5.086609840393066 25.7 4.300000000000001 -4.167469906806904 4.300000000000001 -68.53493981361382 0.0
5.0978124141693115 25.7 4.300000000000001 -4.143384373187974 4.300000000000001 -68.48676874637596 0.0
5.107882261276245 25.7 4.300000000000001 -4.121734201908065 4.300000000000001 -68.44346840381614 0.0
5.118316411972046 25.7 4.300000000000001 -4.099300777912095 4.300000000000001 -68.3986015558242 0.0
5.1282854080200195 25.7 4.300000000000001 -4.077867436408955 4.300000000000001 -68.35573487281792 0.0
5.139936208724976 25.7 4.300000000000001 -4.052818214893296 4.300000000000001 -68.3056364297866 0.0
5.1500935554504395 25.7 4.300000000000001 -4.030979919433552 4.300000000000001 -68.26195983886711 0.0
5.16145658493042 25.8 4.199999999999999 -9.10735255542747 4.199999999999999 -68.2142351150512 -8.800469995803734
5.176086187362671 25.8 4.199999999999999 -4.676395392417877 4.199999999999999 -68.15279078483574 0.0
5.188571214675903 25.7 4.300000000000001 0.05524442199635615 4.300000000000001 -68.09910516738884 8.009594011381544
5.19923996925354 25.7 4.300000000000001 -3.9266147613525 4.300000000000001 -68.05322952270501 0.0
5.210397958755493 25.7 4.300000000000001 -3.9026250839233008 4.300000000000001 -68.00525016784661 0.0
5.2209227085113525 25.7 4.300000000000001 -3.8799968719482045 4.300000000000001 -67.95999374389642 0.0
5.231725692749023 25.7 4.300000000000001 -3.8567704558372107 4.300000000000001 -67.91354091167443 0.0
5.242537975311279 25.7 4.300000000000001 -3.8335240483283606 4.300000000000001 -67.86704809665673 0.0
5.253446817398071 25.7 4.300000000000001 -3.810070037841758 4.300000000000001 -67.82014007568353 0.0
5.264183759689331 25.7 4.300000000000001 -3.7869856119155507 4.300000000000001 -67.77397122383111 0.0
5.275585889816284 25.7 4.300000000000001 -3.762471032142603 4.300000000000001 -67.72494206428522 0.0
5.286123275756836 25.7 4.300000000000001 -3.739815652370414 4.300000000000001 -67.67963130474084 0.0
5.298506259918213 25.7 4.300000000000001 -3.713192236423456 4.300000000000001 -67.62638447284692 0.0
5.308545351028442 25.7 4.300000000000001 -3.69160819053646 4.300000000000001 -67.58321638107293 0.0
5.319418907165527 25.7 4.300000000000001 -3.6682300448417244 4.300000000000001 -67.53646008968346 0.0
5.329795598983765 25.7 4.300000000000001 -3.645920157432517 4.300000000000001 -67.49184031486504 0.0
5.341716289520264 25.7 4.300000000000001 -3.6202906727790456 4.300000000000001 -67.4405813455581 0.0
5.351783990859985 25.7 4.300000000000001 -3.598645114898641 4.300000000000001 -67.39729022979729 0.0
5.362671852111816 25.7 4.300000000000001 -3.5752362132072015 4.300000000000001 -67.35047242641441 0.0
5.373571395874023 25.7 4.300000000000001 -3.551802194118455 4.300000000000001 -67.30360438823692 0.0
5.384152889251709 25.7 4.300000000000001 -3.5290519833564282 4.300000000000001 -67.25810396671287 0.0
5.395435810089111 25.7 4.300000000000001 -3.5047937035560146 4.300000000000001 -67.20958740711204 0.0
5.4065186977386475 25.7 4.300000000000001 -3.480965495109512 4.300000000000001 -67.16193099021903 0.0
5.416675329208374 25.7 4.300000000000001 -3.4591287374496 4.300000000000001 -67.11825747489921 0.0
5.428147554397583 25.7 4.300000000000001 -3.4344634532928033 4.300000000000001 -67.06892690658562 0.0
5.438162326812744 25.7 4.300000000000001 -3.412931692600207 4.300000000000001 -67.02586338520042 0.0
5.450059175491333 25.7 4.300000000000001 -3.3873534679412423 4.300000000000001 -66.9747069358825 0.0
5.461130857467651 25.7 4.300000000000001 -3.3635493516921606 4.300000000000001 -66.92709870338433 0.0
5.472196340560913 25.7 4.300000000000001 -3.339758563041645 4.300000000000001 -66.8795171260833 0.0
5.487724542617798 25.7 4.300000000000001 -3.306372928619343 4.300000000000001 -66.8127458572387 0.0
5.500384092330933 25.7 4.300000000000001 -3.279154896736106 4.300000000000001 -66.75830979347222 0.0
5.5103983879089355 25.7 4.300000000000001 -3.2576241612434025 4.300000000000001 -66.71524832248681 0.0
5.52161979675293 25.7 4.300000000000001 -3.2334981322288137 4.300000000000001 -66.66699626445764 0.0
5.531858205795288 25.7 4.300000000000001 -3.211485552787746 4.300000000000001 -66.6229711055755 0.0
5.545740842819214 25.7 4.300000000000001 -3.1816378831863084 4.300000000000001 -66.56327576637263 0.0
5.556013345718384 25.7 4.300000000000001 -3.1595520019530916 4.300000000000001 -66.5191040039062 0.0
5.566596508026123 25.7 4.300000000000001 -3.1367982029914536 4.300000000000001 -66.47359640598292 0.0
5.582200527191162 25.7 4.300000000000001 -3.1032495617866225 4.300000000000001 -66.40649912357325 0.0
5.593600034713745 25.7 4.300000000000001 -3.078740620613072 4.300000000000001 -66.35748124122615 0.0
5.605369806289673 25.7 4.300000000000001 -3.053435611724826 4.300000000000001 -66.30687122344966 0.0
5.615384817123413 25.7 4.300000000000001 -3.031903338432283 4.300000000000001 -66.26380667686458 0.0
5.625947952270508 25.7 4.300000000000001 -3.009192597866029 4.300000000000001 -66.21838519573207 0.0
5.6359546184539795 25.7 4.300000000000001 -2.9876782655715637 4.300000000000001 -66.17535653114314 0.0
5.648414611816406 25.7 4.300000000000001 -2.9608892798423447 4.300000000000001 -66.1217785596847 0.0
5.674089431762695 25.7 4.300000000000001 -2.905688416957826 4.300000000000001 -66.01137683391566 0.0
5.684131383895874 25.7 4.300000000000001 -2.8840982198714933 4.300000000000001 -65.968196439743 0.0
5.695976972579956 25.7 4.300000000000001 -2.8586302042007183 4.300000000000001 -65.91726040840145 0.0
5.7063353061676025 25.7 4.300000000000001 -2.836359786987277 4.300000000000001 -65.87271957397456 0.0
5.717859745025635 25.7 4.300000000000001 -2.811582243442505 4.300000000000001 -65.82316448688502 0.0
5.727787733078003 25.7 4.300000000000001 -2.790237069129912 4.300000000000001 -65.78047413825983 0.0
5.7381911277771 25.7 4.300000000000001 -2.767869770526854 4.300000000000001 -65.73573954105372 0.0
5.749215364456177 25.7 4.300000000000001 -2.7441676616668396 4.300000000000001 -65.68833532333369 0.0
5.761093378067017 25.7 4.300000000000001 -2.718629932403534 4.300000000000001 -65.63725986480708 0.0
5.77123761177063 25.7 4.300000000000001 -2.696819829940768 4.300000000000001 -65.59363965988155 0.0
5.782007217407227 25.7 4.300000000000001 -2.673665177822084 4.300000000000001 -65.54733035564418 0.0
5.792068004608154 25.7 4.300000000000001 -2.652034485340092 4.300000000000001 -65.5040689706802 0.0
5.804062604904175 25.7 4.300000000000001 -2.6262460947036494 4.300000000000001 -65.45249218940731 0.0
5.814065456390381 25.7 4.300000000000001 -2.6047399640083064 4.300000000000001 -65.40947992801662 0.0
5.825288534164429 25.7 4.300000000000001 -2.5806103467941064 4.300000000000001 -65.36122069358822 0.0
5.835357904434204 25.7 4.300000000000001 -2.5589612007140907 4.300000000000001 -65.31792240142819 0.0
5.847275733947754 25.7 4.300000000000001 -2.533337867259956 4.300000000000001 -65.26667573451992 0.0
5.858432292938232 25.7 4.300000000000001 -2.5093512654304284 4.300000000000001 -65.21870253086087 0.0
5.869210958480835 25.7 4.300000000000001 -2.4861771345138344 4.300000000000001 -65.17235426902768 0.0
5.879321813583374 25.7 4.300000000000001 -2.4644387960433782 4.300000000000001 -65.12887759208677 0.0
5.890686750411987 25.7 4.300000000000001 -2.4400041818618625 4.300000000000001 -65.08000836372373 0.0
5.9017333984375 25.7 4.300000000000001 -2.416253888607013 4.300000000000001 -65.03250777721404 0.0
5.912307024002075 25.7 4.300000000000001 -2.393520593643178 4.300000000000001 -64.98704118728637 0.0
5.922353267669678 25.7 4.300000000000001 -2.3719211697578295 4.300000000000001 -64.94384233951567 0.0
5.933652400970459 25.7 4.300000000000001 -2.347628033161147 4.300000000000001 -64.8952560663223 0.0
5.943901300430298 25.7 4.300000000000001 -2.3255928993224906 4.300000000000001 -64.85118579864499 0.0
5.956051826477051 25.7 4.300000000000001 -2.2994692683219746 4.300000000000001 -64.79893853664396 0.0
5.966432332992554 25.7 4.300000000000001 -2.2771511793136447 4.300000000000001 -64.7543023586273 0.0
5.981942415237427 25.7 4.300000000000001 -2.243804502487169 4.300000000000001 -64.68760900497435 0.0
5.992478847503662 25.7 4.300000000000001 -2.221151173114766 4.300000000000001 -64.64230234622954 0.0
6.004501819610596 25.7 4.300000000000001 -2.1953017830848616 4.300000000000001 -64.59060356616973 0.0
6.014633893966675 25.7 4.300000000000001 -2.1735178232192887 4.300000000000001 -64.54703564643859 0.0
6.02546501159668 25.7 4.300000000000001 -2.1502309203147796 4.300000000000001 -64.50046184062957 0.0
6.0354743003845215 25.7 4.300000000000001 -2.128710949420917 4.300000000000001 -64.45742189884184 0.0
6.046298503875732 25.7 4.300000000000001 -2.1054389119148134 4.300000000000001 -64.41087782382964 0.0
6.058574676513672 25.7 4.300000000000001 -2.0790451407432435 4.300000000000001 -64.3580902814865 0.0
6.06980562210083 25.7 4.300000000000001 -2.054898607730852 4.300000000000001 -64.30979721546171 0.0
6.083539962768555 25.7 4.300000000000001 -2.0253697752952426 4.300000000000001 -64.2507395505905 0.0
6.094628572463989 25.7 4.300000000000001 -2.0015292644500597 4.300000000000001 -64.20305852890013 0.0
6.105775833129883 25.7 4.300000000000001 -1.9775626540183886 4.300000000000001 -64.15512530803679 0.0
6.116470575332642 25.7 4.300000000000001 -1.9545689582824544 4.300000000000001 -64.10913791656492 0.0
6.127149343490601 25.7 4.300000000000001 -1.9316096067428425 4.300000000000001 -64.0632192134857 0.0
6.139109373092651 25.7 4.300000000000001 -1.9058955430984348 4.300000000000001 -64.01179108619688 0.0
6.149132966995239 25.7 4.300000000000001 -1.8843448162078715 4.300000000000001 -63.96868963241575 0.0
6.161525726318359 25.7 4.300000000000001 -1.8577003836631647 4.300000000000001 -63.91540076732634 0.0
6.171685218811035 25.7 4.300000000000001 -1.8358574748039125 4.300000000000001 -63.871714949607835 0.0
6.182325601577759 25.7 4.300000000000001 -1.812980651855458 4.300000000000001 -63.825961303710926 0.0
6.194395303726196 25.7 4.300000000000001 -1.7870307922363189 4.300000000000001 -63.77406158447265 0.0
6.206058502197266 25.7 4.300000000000001 -1.7619549155235212 4.300000000000001 -63.72390983104705 0.0
6.216138601303101 25.7 4.300000000000001 -1.7402827024459775 4.300000000000001 -63.680565404891965 0.0
6.227835655212402 25.1 4.899999999999999 28.13585882435766 4.899999999999999 -63.623249840736385 51.29496748945172
6.238013505935669 25.1 4.899999999999999 2.5133108139038 4.899999999999999 -63.57337837219238 0.0
6.24901270866394 25.7 4.300000000000001 -28.9377450230031 4.300000000000001 -63.526081800460815 -54.54940824554539
6.2610156536102295 25.7 4.300000000000001 -1.6372345685958827 4.300000000000001 -63.474469137191775 0.0
6.27182936668396 25.7 4.300000000000001 -1.6139850854873607 4.300000000000001 -63.42797017097473 0.0
6.2819108963012695 25.7 4.300000000000001 -1.5923097968101452 4.300000000000001 -63.3846195936203 0.0
6.293429136276245 25.7 4.300000000000001 -1.5675455808639462 4.300000000000001 -63.3350911617279 0.0
6.304667234420776 25.7 4.300000000000001 -1.5433836698532026 4.300000000000001 -63.286767339706415 0.0
6.315353155136108 25.7 4.300000000000001 -1.5204089403152388 4.300000000000001 -63.24081788063049 0.0
6.325591325759888 25.7 4.300000000000001 -1.498396873474114 4.300000000000001 -63.19679374694824 0.0
6.336535692214966 25.7 4.300000000000001 -1.4748664855956974 4.300000000000001 -63.149732971191405 0.0
6.346659183502197 25.7 4.300000000000001 -1.4531009793281484 4.300000000000001 -63.10620195865631 0.0
6.360558748245239 25.7 4.300000000000001 -1.4232169151306096 4.300000000000001 -63.04643383026123 0.0
6.375273942947388 25.7 4.300000000000001 -1.3915792465209904 4.300000000000001 -62.98315849304199 0.0
6.385504722595215 25.7 4.300000000000001 -1.3695830702781606 4.300000000000001 -62.93916614055633 0.0
6.397743225097656 25.7 4.300000000000001 -1.3432702898979123 4.300000000000001 -62.886540579795835 0.0
6.408646583557129 25.7 4.300000000000001 -1.3198280692100468 4.300000000000001 -62.839656138420104 0.0
6.419297695159912 25.7 4.300000000000001 -1.2969281792640643 4.300000000000001 -62.79385635852814 0.0
6.429797172546387 25.7 4.300000000000001 -1.2743543028831432 4.300000000000001 -62.748708605766296 0.0
6.440443515777588 25.7 4.300000000000001 -1.2514646649360621 4.300000000000001 -62.702929329872134 0.0
6.458395481109619 25.7 4.300000000000001 -1.2128679394721935 4.300000000000001 -62.6257358789444 0.0
6.486324071884155 25.7 4.300000000000001 -1.1528214693069394 4.300000000000001 -62.50564293861389 0.0
6.505228757858276 25.7 4.300000000000001 -1.1121763944625798 4.300000000000001 -62.42435278892517 0.0
6.518420934677124 25.7 4.300000000000001 -1.083813214302058 4.300000000000001 -62.367626428604126 0.0
6.529250860214233 25.7 4.300000000000001 -1.0605288743972743 4.300000000000001 -62.32105774879456 0.0
6.541369199752808 25.7 4.300000000000001 -1.034474444389339 4.300000000000001 -62.26894888877869 0.0
6.5520124435424805 25.7 4.300000000000001 -1.011591470241541 4.300000000000001 -62.22318294048309 0.0
6.562456369400024 25.7 4.300000000000001 -0.9891370296478215 4.300000000000001 -62.17827405929565 0.0
6.578190326690674 25.7 4.300000000000001 -0.9553090214729245 4.300000000000001 -62.11061804294586 0.0
6.593380451202393 25.7 4.300000000000001 -0.9226502537727299 4.300000000000001 -62.04530050754547 0.0
6.609081506729126 25.7 4.300000000000001 -0.8888929843902531 4.300000000000001 -61.977785968780516 0.0
