0 0
0.0002942085266113281 109.0 -79.0 -365641.2674194763 -79.0 -0.017083406448364258 -365325.26571113564
0.03392195701599121 109.0 -79.0 -316.2673675537109 -79.0 -2.673675537109375 0.0
0.045735836029052734 109.0 -79.0 -316.36069719791413 -79.0 -3.6069719791412354 0.0
0.055811166763305664 109.0 -79.0 -316.4402923107147 -79.0 -4.402923107147217 0.0
0.06638741493225098 109.1 -79.1 -326.37909921641767 -79.1 -5.239504337310791 -9.455148782686567
0.07742810249328613 109.1 -79.1 -317.01128227233886 -79.1 -6.112822723388672 0.0
0.0880124568939209 109.1 -79.1 -317.0950045156479 -79.1 -6.950045156478882 0.0
0.10029745101928711 108.9 -78.9 -300.1119090542447 -78.9 -7.919331192970276 16.28002406505235
0.11170458793640137 108.9 -78.9 -316.48193542957307 -78.9 -8.81935429573059 0.0
0.12275385856628418 108.9 -78.9 -316.56911417484287 -78.9 -9.691141748428345 0.0
0.13290119171142578 108.9 -78.9 -316.649176633358 -78.9 -10.491766333580017 0.0
0.1432807445526123 108.9 -78.9 -316.731071305275 -78.9 -11.310713052749634 0.0
0.15488052368164062 109.2 -79.2 -343.8855029602066 -79.2 -12.229415559768677 -25.86256140422971
0.1656193733215332 109.2 -79.2 -318.1079932451248 -79.2 -13.079932451248169 0.0
0.17570805549621582 108.2 -78.2 -215.06591308972492 -78.2 -13.86886739730835 99.12097365000591
0.18642115592956543 108.2 -78.2 -314.27066318511964 -78.2 -14.706631851196288 0.0
0.1977980136871338 108.2 -78.2 -314.3596302127838 -78.2 -15.596302127838134 0.0
0.2101900577545166 108.3 -78.3 -322.92635362261774 -78.3 -16.56659917831421 -8.069693704786365
0.22027873992919922 108.3 -78.3 -314.93565429925917 -78.3 -17.35654299259186 0.0
0.23090481758117676 107.4 -77.4 -226.72060830066684 -77.4 -18.17900140285492 84.69729183961866
0.24238824844360352 107.4 -77.4 -311.5067818951607 -77.4 -19.06781895160675 0.0
0.25377464294433594 107.4 -77.4 -311.59491258859634 -77.4 -19.94912588596344 0.0
0.26502442359924316 107.6 -77.6 -330.26033529041933 -77.6 -20.82210886478424 -17.77812440394092
0.27565598487854004 107.6 -77.6 -312.5647118020057 -77.6 -21.64711802005768 0.0
0.28598952293395996 107.2 -77.2 -272.33557619020723 -77.2 -22.4448671579361 38.70891052558637
0.3016541004180908 107.2 -77.2 -311.1654172539711 -77.2 -23.654172539711002 0.0
0.31325459480285645 106.4 -76.4 -239.09146693176154 -76.4 -24.540450310707097 68.9625780993092
0.3237762451171875 106.4 -76.4 -308.1344304394722 -76.4 -25.34430439472199 0.0
0.3338766098022461 105.4 -75.4 -205.20426106324157 -75.4 -26.105871891975408 99.006326125956
0.35147809982299805 105.4 -75.4 -304.343302423954 -75.4 -27.433024239540106 0.0
0.36162734031677246 105.4 -75.4 -304.41982769727707 -75.4 -28.198276972770696 0.0
0.3731043338775635 105.3 -75.3 -295.3931662397106 -75.3 -29.06249458789826 8.713083219079225
0.3834826946258545 105.3 -75.3 -304.1843985152245 -75.3 -29.843985152244574 0.0
0.3953824043273926 105.0 -75.0 -277.8629472936874 -75.0 -30.73646337985993 25.210699044298615
0.40668487548828125 105.0 -75.0 -303.1584148716927 -75.0 -31.58414871692658 0.0
0.4176795482635498 105.0 -75.0 -303.2408749175072 -75.0 -32.40874917507172 0.0
0.42830657958984375 103.1 -73.1 -116.92921070504644 -73.1 -33.18558516502381 178.7893478114559
0.4389631748199463 103.1 -73.1 -295.7964582276344 -73.1 -33.9645822763443 0.0
0.45108914375305176 103.0 -73.0 -287.23821413588394 -73.0 -34.849778008461 8.246763664962174
0.4627723693847656 103.0 -73.0 -295.5702653479576 -73.0 -35.702653479576114 0.0
0.4732935428619385 102.8 -72.8 -275.83757308057403 -72.8 -36.468594908714294 19.009286410297353
0.48392438888549805 102.8 -72.8 -294.9242520499229 -72.8 -37.24252049922943 0.0
0.4940681457519531 102.8 -72.8 -294.99809859991075 -72.8 -37.98098599910736 0.0
0.5061237812042236 102.4 -72.4 -260.30587779137005 -72.4 -38.853814005851746 33.17950360921515
0.5173039436340332 102.4 -72.4 -293.566325776577 -72.4 -39.663257765769956 0.0
0.5276615619659424 101.2 -71.2 -172.98332179466792 -71.2 -40.40072019100189 115.85675022443229
0.5382678508758545 101.2 -71.2 -288.91558879613876 -71.2 -41.15588796138763 0.0
0.5483541488647461 101.2 -71.2 -288.9874032378197 -71.2 -41.87403237819671 0.0
0.5608310699462891 101.5 -71.5 -314.32100671128467 -71.5 -42.76613223552703 -24.044393487731945
0.5714313983917236 101.5 -71.5 -290.35240557193754 -71.5 -43.5240557193756 0.0
0.5818929672241211 100.7 -70.7 -210.75600262916555 -70.7 -44.26368863582611 76.4703662344171
0.5929479598999023 100.7 -70.7 -287.3045276618004 -70.7 -45.04527661800384 0.0
0.6038374900817871 100.7 -70.7 -287.3815166401863 -70.7 -45.815166401863095 0.0
0.6154496669769287 99.8 -69.8 -206.35772208332781 -69.8 -46.62569634914398 77.50484755158656
0.6258008480072021 99.8 -69.8 -283.9348208785057 -69.8 -47.34820878505707 0.0
0.6367509365081787 98.6 -68.6 -169.62178311199384 -68.6 -48.09938485622406 109.58815537362855
0.6471104621887207 98.6 -68.6 -279.2810048317909 -68.6 -48.81004831790924 0.0
0.6581435203552246 98.6 -68.6 -279.35669161081313 -68.6 -49.56691610813141 0.0
0.6696155071258545 97.7 -67.7 -197.38238364620648 -67.7 -50.34356961250305 78.45197331504383
0.6800556182861328 97.7 -67.7 -275.9050365138054 -67.7 -51.0503651380539 0.0
0.7019007205963135 97.2 -67.2 -251.16340995330796 -67.2 -52.51835601329804 22.88842564802183
0.7197952270507812 96.0 -66.0 -202.31025244765306 -66.0 -53.69939343929291 67.05968689627622
0.7336282730102539 96.0 -66.0 -269.4612374472618 -66.0 -54.61237447261811 0.0
0.7478675842285156 96.0 -66.0 -269.55521690130234 -66.0 -55.55216901302338 0.0
0.7595369815826416 96.0 -66.0 -269.6322349238396 -66.0 -56.322349238395695 0.0
0.7700331211090088 94.7 -64.7 -140.64508407068956 -64.7 -57.001449465751655 123.85506087588561
0.7809467315673828 94.7 -64.7 -264.57075600624086 -64.7 -57.707560062408454 0.0
0.7911510467529297 95.6 -65.6 -356.4356776222684 -65.6 -58.37696313858033 -88.19798130841038
0.8021798133850098 95.6 -65.6 -268.31004502296446 -65.6 -59.100450229644785 0.0
0.8138318061828613 95.6 -65.6 -268.38648209571835 -65.6 -59.864820957183845 0.0
0.8242974281311035 94.7 -64.7 -178.85834994583152 -64.7 -60.54194669723511 85.99584472389202
0.8347671031951904 94.7 -64.7 -264.92193346738816 -64.7 -61.219334673881534 0.0
0.8454279899597168 95.2 -65.2 -313.8918561805029 -65.2 -61.91442449092865 -46.90041373141004
0.8566653728485107 95.2 -65.2 -267.0647101855278 -65.2 -62.64710185527802 0.0
0.8670017719268799 95.2 -65.2 -267.13210350751876 -65.2 -63.32103507518769 0.0
0.8777668476104736 93.7 -63.7 -121.86120149036742 -63.7 -64.00677039623261 139.33947554925584
0.888390302658081 93.7 -63.7 -261.2683484482765 -63.7 -64.68348448276521 0.0
0.899878740310669 93.3 -63.3 -224.92345518369888 -63.3 -65.41070258617403 34.81761507491852
0.911818265914917 93.3 -63.3 -259.8166474556923 -63.3 -66.16647455692292 0.0
0.9221398830413818 91.7 -61.7 -98.46586264737033 -61.7 -66.8033183336258 155.01446918599225
0.9332742691040039 91.7 -61.7 -253.54903099536898 -61.7 -67.49030995368958 0.0
0.9434378147125244 91.7 -61.7 -253.61174007177354 -61.7 -68.1174007177353 0.0
0.9537906646728516 90.2 -60.2 -102.78642403785236 -60.2 -68.740642285347 144.88764019068236
0.9662978649139404 90.2 -60.2 -247.74935757398606 -60.2 -69.49357573986055 0.0
0.9772629737854004 89.5 -59.5 -181.17574454353502 -59.5 -70.14599971771241 63.838855428236215
0.9883122444152832 89.5 -59.5 -245.08034313201904 -59.5 -70.80343132019044 0.0
0.998915433883667 89.5 -59.5 -245.14343210935593 -59.5 -71.43432109355928 0.0
1.0115675926208496 89.1 -59.099999999999994 -212.00304817124973 -59.099999999999994 -72.18206367492677 31.615158196242934
1.021813154220581 89.1 -59.099999999999994 -243.67875763654706 -59.099999999999994 -72.7875763654709 0.0
1.0329985618591309 86.9 -56.900000000000006 -38.25757259428815 -56.900000000000006 -73.42402606010438 196.6848300117223
1.0435078144073486 86.9 -56.900000000000006 -235.00220025300982 -56.900000000000006 -74.02200253009798 0.0
1.054328203201294 85.3 -55.3 -80.79304352516183 -55.3 -74.62037003040315 147.86899347787846
1.0659055709838867 85.3 -55.3 -228.72605984687803 -55.3 -75.26059846878053 0.0
1.076167106628418 85.3 -55.3 -228.7828061389923 -55.3 -75.8280613899231 0.0
1.0875327587127686 82.5 -52.5 28.713824663745072 -52.5 -76.42475812435151 246.35630047618022
1.1156005859375 84.2 -54.2 -285.1621702229969 -54.2 -77.94603435993196 -60.56756678700371
1.1259775161743164 84.2 -54.2 -224.65084639787676 -54.2 -78.50846397876741 0.0
1.1370487213134766 84.8 -54.8 -281.30615869007397 -54.8 -79.11516602039339 -54.194642088034634
1.1472070217132568 84.8 -54.8 -227.16718408823013 -54.8 -79.67184088230135 0.0
1.1598913669586182 84.9 -54.900000000000006 -235.5205548378499 -54.900000000000006 -80.3682114362717 -7.883733694222694
1.1715643405914307 84.9 -54.900000000000006 -227.70090576887134 -54.900000000000006 -81.0090576887131 0.0
1.18172287940979 84.9 -54.900000000000006 -227.75667614698412 -54.900000000000006 -81.56676146984103 0.0
1.1939342021942139 81.8 -51.8 38.4428205774625 -51.8 -82.19930799007417 253.8627513764699
1.204249620437622 81.8 -51.8 -215.47336466550826 -51.8 -82.73364665508272 0.0
1.217663288116455 81.0 -51.0 -152.7011138776114 -51.0 -83.4177437067032 59.640660493058924
1.2279911041259766 81.0 -51.0 -212.39444623231887 -51.0 -83.9444623231888 0.0
1.2394802570343018 79.4 -49.400000000000006 -66.7894126126163 -49.400000000000006 -84.51202647686007 139.26179003506974
1.2499518394470215 79.4 -49.400000000000006 -206.10293226480488 -49.400000000000006 -85.02932264804842 0.0
1.2607359886169434 79.2 -49.2 -186.81025274776906 -49.2 -85.55990278720857 18.5457375309518
1.271885633468628 79.2 -49.2 -205.41084653139114 -49.2 -86.10846531391145 0.0
1.2821879386901855 79.2 -49.2 -205.4615338730812 -49.2 -86.61533873081208 0.0
1.293656587600708 79.2 -49.2 -205.517959625721 -49.2 -87.1795962572098 0.0
1.3038179874420166 79.2 -49.2 -205.56795371294024 -49.2 -87.67953712940218 0.0
1.3161563873291016 78.8 -48.8 -171.6090504979077 -48.8 -88.28165104389193 32.41911460648149
1.3263874053955078 78.8 -48.8 -204.07809247255324 -48.8 -88.78092472553256 0.0
1.3371787071228027 79.2 -49.2 -242.79807622541495 -49.2 -89.31185677051546 -37.06689054836339
1.3476660251617432 79.2 -49.2 -205.78278328180315 -49.2 -89.82783281803133 0.0
1.3654916286468506 77.3 -47.3 -91.67884169206805 -47.3 -90.67098386287691 106.58825669421962
1.3757226467132568 77.3 -47.3 -198.31549110174177 -47.3 -91.15491101741793 0.0
1.3862109184265137 77.0 -47.0 -168.56140801511998 -47.0 -91.647859787941 28.603377963674117
1.3969218730926514 77.0 -47.0 -197.21512746572495 -47.0 -92.15127465724947 0.0
1.4095733165740967 77.0 -47.0 -197.27458925008773 -47.0 -92.7458925008774 0.0
1.4203860759735107 77.0 -47.0 -197.325409219265 -47.0 -93.25409219264986 0.0
1.430851697921753 77.0 -47.0 -197.37459764242172 -47.0 -93.74597642421725 0.0
1.4408962726593018 77.0 -47.0 -197.4218071436882 -47.0 -94.21807143688204 0.0
1.4509344100952148 77.0 -47.0 -197.468986389637 -47.0 -94.68986389636996 0.0
1.4610199928283691 77.0 -47.0 -197.51638862848282 -47.0 -95.16388628482821 0.0
1.4734296798706055 77.0 -47.0 -197.57471415758133 -47.0 -95.74714157581332 0.0
1.4834928512573242 77.0 -47.0 -197.6220110630989 -47.0 -96.2201106309891 0.0
1.4979259967803955 77.0 -47.0 -197.68984684705734 -47.0 -96.89846847057345 0.0
1.5098214149475098 77.0 -47.0 -197.74575531244278 -47.0 -97.45755312442782 0.0
1.5210893154144287 77.0 -47.0 -197.7987144446373 -47.0 -97.98714444637301 0.0
1.5316109657287598 72.8 -42.8 218.1331761432469 -42.8 -98.43747107982638 399.17692325122954
1.542820692062378 72.8 -42.8 -181.0917247366905 -42.8 -98.91724736690524 0.0
1.5532112121582031 72.8 -42.8 -181.13619616270066 -42.8 -99.36196162700656 0.0
1.5639252662658691 73.0 -43.0 -200.64933678095292 -43.0 -99.8226659536362 -18.6670701855893
1.575314998626709 73.0 -43.0 -182.03124244451524 -43.0 -100.31242444515232 0.0
1.5859389305114746 72.0 -42.0 -83.94875344317093 -42.0 -100.75862958431247 94.12710951526033
1.5962579250335693 72.0 -42.0 -178.11920273542404 -42.0 -101.19202735424045 0.0
1.607010841369629 71.4 -41.400000000000006 -119.96490381827962 -41.400000000000006 -101.63719809055331 55.79881599077573
1.6201074123382568 71.4 -41.400000000000006 -175.81793961286547 -41.400000000000006 -102.1793961286545 0.0
1.6301488876342773 71.4 -41.400000000000006 -175.859511320591 -41.400000000000006 -102.59511320590975 0.0
1.6410467624664307 71.2 -41.2 -156.75220859154604 -41.2 -103.04410564899447 18.35220197335343
1.6516590118408203 71.2 -41.2 -175.14813303232194 -41.2 -103.48133032321932 0.0
1.6623890399932861 70.2 -40.2 -77.99486734553929 -40.2 -103.91267745494845 93.19640039995556
1.6737301349639893 70.2 -40.2 -171.23685894727709 -40.2 -104.36858947277072 0.0
1.6848773956298828 68.9 -38.900000000000006 -49.45964217411445 -38.900000000000006 -104.80221791267398 116.62057961715298
1.696141242980957 68.9 -38.900000000000006 -166.1240381574631 -38.900000000000006 -105.24038157463077 0.0
1.7077617645263672 68.7 -38.7 -148.15807810272088 -38.7 -105.69009575843815 17.210931473122937
1.7199654579162598 68.7 -38.7 -165.41623786926272 -38.7 -106.16237869262699 0.0
1.7301454544067383 68.7 -38.7 -165.45563445568087 -38.7 -106.55634455680851 0.0
1.7411251068115234 68.1 -38.099999999999994 -108.45092823595446 -38.099999999999994 -106.97466931343082 54.6465386953886
1.7515909671783447 68.1 -38.099999999999994 -163.13734185934064 -38.099999999999994 -107.37341859340671 0.0
1.7628562450408936 66.6 -36.599999999999994 -24.026064839809635 -36.599999999999994 -107.785727763176 133.15250793650793
1.7739129066467285 66.6 -36.599999999999994 -157.21904015779492 -36.599999999999994 -108.19040157794956 0.0
1.7852087020874023 66.8 -36.8 -175.76631175395184 -36.8 -108.60608685016635 -17.7057030689352
1.7953596115112305 66.8 -36.8 -158.0979640316963 -36.8 -108.97964031696323 0.0
1.8058459758758545 66.8 -36.8 -158.13655385255814 -36.8 -109.36553852558139 0.0
1.817209243774414 65.8 -35.8 -66.17438086555622 -35.8 -109.77234351634982 88.00285348607876
1.8289000988006592 65.8 -35.8 -154.21908761262893 -35.8 -110.1908761262894 0.0
1.840165615081787 65.3 -35.3 -107.87562490055072 -35.3 -110.58854885101321 44.38322998455059
1.8502495288848877 65.3 -35.3 -152.29445110082625 -35.3 -110.94451100826267 0.0
1.8610351085662842 64.5 -34.5 -74.95855024944082 -34.5 -111.31661350727084 74.17311110128627
1.8723227977752686 64.5 -34.5 -149.17060387849807 -34.5 -111.7060387849808 0.0
1.8829810619354248 64.4 -34.400000000000006 -139.42487746970062 -34.400000000000006 -112.07268307209019 9.382390837508414
1.8978524208068848 64.4 -34.400000000000006 -148.85842578172685 -34.400000000000006 -112.58425781726841 0.0
1.9103960990905762 63.4 -33.4 -65.1788892943511 -33.4 -113.0032166719437 79.72143237284327
1.9210734367370605 63.4 -33.4 -144.93598397493363 -33.4 -113.35983974933629 0.0
1.9333117008209229 62.2 -32.2 -42.12226929013295 -32.2 -113.75391185283665 98.05312189515072
1.9437975883483887 62.2 -32.2 -140.20915574312212 -32.2 -114.09155743122105 0.0
1.953927755355835 62.4 -32.4 -160.7849886165189 -32.4 -114.41977484226231 -19.743011132292644
1.9651739597320557 62.4 -32.4 -141.07841518640518 -32.4 -114.78415186405186 0.0
1.9775292873382568 61.8 -31.799999999999997 -90.15565812113016 -31.799999999999997 -115.17705128192907 48.56204700706275
1.9889793395996094 61.8 -31.799999999999997 -138.754116294384 -31.799999999999997 -115.54116294384008 0.0
1.9995174407958984 61.8 -31.799999999999997 -138.7876274561882 -31.799999999999997 -115.87627456188207 0.0
2.011780023574829 60.7 -30.700000000000003 -44.721495855068994 -30.700000000000003 -116.25273585319525 89.70377773025054
2.0221617221832275 60.7 -30.700000000000003 -134.45714540004732 -30.700000000000003 -116.57145400047308 0.0
2.034069299697876 60.7 -30.700000000000003 -134.4937016630173 -30.700000000000003 -116.93701663017279 0.0
2.0441668033599854 60.7 -30.700000000000003 -134.52470099925998 -30.700000000000003 -117.24700999259954 0.0
2.0553412437438965 59.8 -29.799999999999997 -50.417054790510235 -29.799999999999997 -117.5800083160401 80.54094604109378
2.065871238708496 59.8 -29.799999999999997 -130.9893802165985 -29.799999999999997 -117.89380216598516 0.0
2.078212022781372 59.9 -29.9 -139.52949200462328 -29.9 -118.26279160976415 -8.103212843646876
2.0883989334106445 59.9 -29.9 -131.45673802375794 -29.9 -118.5673802375794 0.0
2.0989348888397217 58.8 -28.799999999999997 -22.682691541223676 -28.799999999999997 -118.87081575393682 104.40439003416999
2.1139514446258545 58.8 -28.799999999999997 -127.13032925605773 -28.799999999999997 -119.30329256057745 0.0
2.1261210441589355 58.2 -28.200000000000003 -75.46146393643531 -28.200000000000003 -119.64647526741034 49.30318359030574
2.1367273330688477 58.2 -28.200000000000003 -124.79455726146699 -28.200000000000003 -119.94557261466986 0.0
2.1469202041625977 57.4 -27.4 -43.13625818335326 -27.4 -120.22485728263861 78.48622754491059
2.157815456390381 57.4 -27.4 -121.65233871936798 -27.4 -120.52338719367987 0.0
2.168020486831665 57.4 -27.4 -121.6803005027771 -27.4 -120.80300502777105 0.0
2.180323600769043 57.3 -27.299999999999997 -113.18586443930458 -27.299999999999997 -121.13888003826146 8.128023564521557
2.1909875869750977 57.3 -27.299999999999997 -121.34300068616866 -27.299999999999997 -121.43000686168675 0.0
2.2021095752716064 57.4 -27.4 -130.76467303052345 -27.4 -121.7347493410111 -8.991198096422345
2.213360071182251 57.4 -27.4 -121.80430129289627 -27.4 -122.04301292896275 0.0
2.2238428592681885 56.3 -26.299999999999997 -12.497955450598539 -26.299999999999997 -122.3187102556229 104.93391557496375
2.235454797744751 56.3 -26.299999999999997 -117.46241042375564 -26.299999999999997 -122.6241042375565 0.0
2.2462539672851562 55.9 -25.9 -78.8504950758238 -25.9 -122.90380272865299 37.039885197041485
2.2567942142486572 55.9 -25.9 -115.91767951250077 -25.9 -123.17679512500767 0.0
2.2670018672943115 55.9 -25.9 -115.94411733388901 -25.9 -123.44117333889012 0.0
2.2782506942749023 55.4 -25.4 -69.52361027597712 -25.4 -123.72689354419713 44.449079078442594
2.2889978885650635 55.4 -25.4 -113.99998722791672 -25.4 -123.99987227916722 0.0
2.312213659286499 55.1 -25.1 -99.93600851974173 -25.1 -124.58258812427525 12.92225029268581
2.3238890171051025 54.6 -24.6 -68.06174024983916 -24.6 -124.8698019266129 42.82523994282214
2.3356168270111084 54.6 -24.6 -110.91583060503007 -24.6 -125.15830605030064 0.0
2.346391201019287 55.3 -25.299999999999997 -178.71206146917478 -25.299999999999997 -125.43089771270756 -64.96897169790405
2.3567917346954346 55.3 -25.299999999999997 -113.7694031214714 -25.299999999999997 -125.69403121471409 0.0
2.374960422515869 54.6 -24.6 -72.48627445989008 -24.6 -126.14098093509678 38.527823633619604
2.3869402408599854 54.6 -24.6 -111.04356844663621 -24.6 -126.43568446636203 0.0
2.397444248199463 54.2 -24.200000000000003 -71.38828360255437 -24.200000000000003 -126.68988144397738 38.08070454184339
2.4082729816436768 54.2 -24.200000000000003 -109.49519367933274 -24.200000000000003 -126.95193679332736 0.0
2.4209108352661133 53.6 -23.6 -59.64860269150907 -23.6 -127.25019013881686 47.47641632237263
2.4336488246917725 53.6 -23.6 -107.15508066892625 -23.6 -127.55080668926242 0.0
2.444756269454956 51.9 -21.9 52.671096302306665 -21.9 -127.79405972957613 153.05050227526428
2.455221176147461 51.9 -21.9 -100.40232411861419 -21.9 -128.023241186142 0.0
2.465989828109741 51.0 -21.0 -13.249017814823489 -21.0 -128.2493828773499 83.5759204729115
2.476313352584839 51.0 -21.0 -96.8466176891327 -21.0 -128.46617689132694 0.0
2.488314628601074 50.0 -20.0 -9.546147189533173 -20.0 -128.70620241165165 83.324473051632
2.4989237785339355 50.0 -20.0 -92.89183854103089 -20.0 -128.91838541030887 0.0
2.5101828575134277 49.6 -19.6 -55.78702170089943 -19.6 -129.1390633583069 35.526884634931264
2.521019458770752 49.6 -19.6 -91.33514607429505 -19.6 -129.35146074295048 0.0
2.5323355197906494 48.8 -18.799999999999997 -17.4604423493694 -18.799999999999997 -129.56420269012455 70.69597791964304
2.5437324047088623 48.8 -18.799999999999997 -88.17784641265868 -18.799999999999997 -129.77846412658695 0.0
2.5540144443511963 48.8 -18.799999999999997 -88.19717664718627 -18.799999999999997 -129.97176647186282 0.0
2.565323829650879 48.3 -18.299999999999997 -42.00680504532675 -18.299999999999997 -130.178728222847 44.21106777695794
2.575650453567505 48.3 -18.299999999999997 -86.23677054405212 -18.299999999999997 -130.36770544052126 0.0
2.5874722003936768 48.3 -18.299999999999997 -86.25840434074401 -18.299999999999997 -130.58404340744022 0.0
2.5979790687561035 48.3 -18.299999999999997 -86.27763190984726 -18.299999999999997 -130.77631909847264 0.0
2.6102941036224365 47.5 -17.5 -18.137937988253668 -17.5 -130.99183220863347 64.96124523260968
2.621199369430542 47.5 -17.5 -83.11826743602754 -17.5 -131.1826743602753 0.0
2.632331609725952 47.1 -17.1 -45.60563218853824 -17.1 -131.37303566932684 35.931671378394455
2.643605947494507 47.1 -17.1 -81.55658268451691 -17.1 -131.5658268451691 0.0
2.6544175148010254 46.2 -16.200000000000003 5.270077494302029 -16.200000000000003 -131.7409742355347 83.24417491785552
2.6654064655303955 46.2 -16.200000000000003 -77.99189952373507 -16.200000000000003 -131.91899523735052 0.0
2.6757140159606934 45.5 -15.5 -7.296493718169984 -15.5 -132.07876226902013 67.91138250873203
2.6877405643463135 45.5 -15.5 -75.22651737689972 -15.5 -132.26517376899724 0.0
2.7101242542266846 45.4 -15.399999999999999 -70.39344959458022 -15.399999999999999 -132.60988259315496 4.467538664735269
2.723781108856201 44.7 -14.700000000000003 -20.82475196955742 -14.700000000000003 -132.81063835620887 51.25631186606348
2.736182689666748 44.7 -14.700000000000003 -72.09929415941241 -14.700000000000003 -132.99294159412392 0.0
2.747323989868164 44.8 -14.799999999999997 -81.49139638022184 -14.799999999999997 -133.15783283710488 -8.975613096511367
2.7578282356262207 44.8 -14.799999999999997 -72.53132956743241 -14.799999999999997 -133.3132956743241 0.0
2.7731502056121826 43.9 -13.899999999999999 -10.213444035612618 -13.899999999999999 -133.52627105712898 58.739183070100275
2.7882888317108154 43.9 -13.899999999999999 -68.97366979598999 -13.899999999999999 -133.73669795989997 0.0
2.803882122039795 43.9 -13.899999999999999 -68.99534446954728 -13.899999999999999 -133.9534446954728 0.0
2.8195886611938477 42.8 -12.799999999999997 5.419075584270786 -12.799999999999997 -134.15448839664467 70.03452442393524
2.835266351699829 42.9 -12.899999999999999 -71.41416356332951 -12.899999999999999 -134.35673060417182 -6.378490502912328
2.8522982597351074 42.9 -12.899999999999999 -65.05764422178268 -12.899999999999999 -134.5764422178269 0.0
2.863363265991211 42.4 -12.399999999999999 -17.8838621361552 -12.399999999999999 -134.71364829540258 45.18750269338505
2.873645067214966 42.4 -12.399999999999999 -63.08411426305771 -12.399999999999999 -134.84114263057714 0.0
2.8847053050994873 42.0 -12.0 -25.33179913743929 -12.0 -134.9738654851914 36.16558741107985
2.8957552909851074 42.0 -12.0 -61.510646531581884 -12.0 -135.10646531581884 0.0
2.906136989593506 42.0 -12.0 -61.523104569911965 -12.0 -135.23104569911962 0.0
2.917811155319214 42.0 -12.0 -61.537113568782814 -12.0 -135.37113568782812 0.0
2.9282894134521484 42.0 -12.0 -61.54968747854233 -12.0 -135.49687478542333 0.0
2.94071102142334 42.0 -12.0 -61.56459340810776 -12.0 -135.64593408107763 0.0
2.95078182220459 42.0 -12.0 -61.57667836904526 -12.0 -135.76678369045263 0.0
2.961885452270508 41.8 -11.799999999999997 -42.777653193963985 -11.799999999999997 -135.89780652523046 18.012127458559046
2.972269058227539 41.8 -11.799999999999997 -60.802033307552335 -11.799999999999997 -136.02033307552344 0.0
2.9833638668060303 41.6 -11.600000000000001 -41.98845437608077 -11.600000000000001 -136.14903285503394 18.02644890942263
2.994844913482666 41.6 -11.600000000000001 -60.028221299648294 -11.600000000000001 -136.2822129964829 0.0
3.005645751953125 41.2 -11.200000000000003 -21.406156391576282 -11.200000000000003 -136.40318238735205 37.034161847158934
3.0168943405151367 41.2 -11.200000000000003 -58.45291665792467 -11.200000000000003 -136.52916657924658 0.0
3.0279500484466553 40.8 -10.799999999999997 -20.684450965381203 -10.799999999999997 -136.64856822490697 36.180405857109484
3.0394511222839355 40.8 -10.799999999999997 -56.87727798223495 -10.799999999999997 -136.7727798223496 0.0
3.051579475402832 40.3 -10.299999999999997 -13.66405758520041 -10.299999999999997 -136.89770185947424 41.225712600747
3.061908006668091 40.3 -10.299999999999997 -54.90040857315063 -10.299999999999997 -137.0040857315064 0.0
3.0723907947540283 40.1 -10.100000000000001 -35.032102448215376 -10.100000000000001 -137.10996189117435 19.078893740902068
3.0855319499969482 40.1 -10.100000000000001 -54.12426875591279 -10.100000000000001 -137.24268755912783 0.0
3.1021552085876465 39.9 -9.899999999999999 -41.30939035458352 -9.899999999999999 -137.40725781917575 12.03133542733405
3.113391160964966 39.7 -9.700000000000003 -34.751620411872246 -9.700000000000003 -137.51624655723575 17.80000424385134
3.124150276184082 39.7 -9.700000000000003 -52.56206099748613 -9.700000000000003 -137.62060997486117 0.0
3.1352646350860596 39.7 -9.700000000000003 -52.57284192562105 -9.700000000000003 -137.72841925621034 0.0
3.147481679916382 39.2 -9.200000000000003 -9.657654066956276 -9.200000000000003 -137.8408160686493 40.926427539908666
3.157867193222046 39.2 -9.200000000000003 -50.59363627910615 -9.200000000000003 -137.9363627910614 0.0
3.1694536209106445 39.7 -9.700000000000003 -95.75881465755731 -9.700000000000003 -138.0487511396408 -43.153939543593225
3.179671049118042 39.7 -9.700000000000003 -52.614786019325265 -9.700000000000003 -138.14786019325257 0.0
3.1906838417053223 39.1 -9.100000000000001 4.257286253819352 -9.100000000000001 -138.24807660579683 54.48209391439904
3.2022788524627686 39.1 -9.100000000000001 -50.23535912036896 -9.100000000000001 -138.35359120368958 0.0
3.213946580886841 39.1 -9.100000000000001 -50.24597675323487 -9.100000000000001 -138.45976753234862 0.0
3.224155902862549 39.1 -9.100000000000001 -50.25526723623276 -9.100000000000001 -138.55267236232757 0.0
3.2353265285491943 38.9 -8.899999999999999 -31.56110903546657 -8.899999999999999 -138.65209093093873 17.9041000576273
3.247300386428833 38.9 -8.899999999999999 -49.47586582660674 -8.899999999999999 -138.7586582660675 0.0
3.2583885192871094 38.4 -8.399999999999999 -2.3919250793572004 -8.399999999999999 -138.851798582077 45.09325477885049
3.269644260406494 38.4 -8.399999999999999 -47.49463468074798 -8.399999999999999 -138.94634680747984 0.0
3.2802984714508057 38.9 -8.899999999999999 -96.43391754173113 -8.899999999999999 -139.0411692857742 -46.929800613153716
3.2908592224121094 38.9 -8.899999999999999 -49.51351599693297 -8.899999999999999 -139.1351599693298 0.0
3.3027937412261963 38.0 -8.0 29.488439274724783 -8.0 -139.2306361198425 75.41150288670903
3.31353759765625 38.0 -8.0 -45.93165869712829 -8.0 -139.31658697128293 0.0
3.3242459297180176 38.3 -8.299999999999997 -75.15611414179482 -8.299999999999997 -139.4054661273956 -28.015567529055264
3.335986852645874 38.3 -8.299999999999997 -47.15029157876967 -8.299999999999997 -139.50291578769682 0.0
3.34902286529541 38.0 -8.0 -22.94754848845608 -8.0 -139.6072038888931 23.013171900433235
3.359506368637085 38.0 -8.0 -45.96910719156265 -8.0 -139.6910719156265 0.0
3.3696539402008057 37.6 -7.600000000000001 -4.958521333639773 -7.600000000000001 -139.7681934595108 39.41829801231131
3.380119562149048 37.6 -7.600000000000001 -44.38477321863175 -7.600000000000001 -139.84773218631744 0.0
3.3982698917388916 37.4 -7.399999999999999 -32.57912081393622 -7.399999999999999 -139.9820446252823 11.019083648592002
3.409776449203491 37.4 -7.399999999999999 -43.606719315052025 -7.399999999999999 -140.06719315052032 0.0
3.4203109741210938 36.5 -6.5 45.419806560487835 -6.5 -140.13566756248474 85.43337331673631
3.4308719635009766 36.5 -6.5 -40.0204313993454 -6.5 -140.20431399345398 0.0
3.4433915615081787 36.6 -6.600000000000001 -48.41617124363016 -6.600000000000001 -140.28694334030152 -7.987476909600007
3.4552273750305176 36.6 -6.600000000000001 -40.4365059709549 -6.600000000000001 -140.36505970954894 0.0
3.4661784172058105 37.0 -7.0 -78.57037565414811 -7.0 -140.441717004776 -36.52620395367051
3.4763712882995605 37.0 -7.0 -42.051306710243225 -7.0 -140.51306710243225 0.0
3.4874355792999268 36.4 -6.399999999999999 14.57012077368023 -6.399999999999999 -140.58387856483458 54.22850863016368
3.5049495697021484 36.4 -6.399999999999999 -39.66959681034088 -6.399999999999999 -140.6959681034088 0.0
3.516932249069214 36.4 -6.399999999999999 -39.6772657251358 -6.399999999999999 -140.77265725135803 0.0
3.5273094177246094 36.4 -6.399999999999999 -39.68390711307525 -6.399999999999999 -140.83907113075256 0.0
3.5382702350616455 36.1 -6.100000000000001 -11.12037155981199 -6.100000000000001 -140.90593211650847 27.370221651838865
3.550882577896118 36.1 -6.100000000000001 -38.49828674077988 -6.100000000000001 -140.98286740779875 0.0
3.562150001525879 35.7 -5.700000000000003 -1.4041357365012885 -5.700000000000003 -141.04709172248837 35.50057343574756
3.572378158569336 35.7 -5.700000000000003 -36.91053922176362 -5.700000000000003 -141.10539221763608 0.0
3.5833206176757812 35.7 -5.700000000000003 -36.916776423454294 -5.700000000000003 -141.16776423454283 0.0
3.5934865474700928 35.7 -5.700000000000003 -36.92257100343705 -5.700000000000003 -141.2257100343704 0.0
3.605233907699585 35.7 -5.700000000000003 -36.92926699876786 -5.700000000000003 -141.2926699876785 0.0
3.615852117538452 35.7 -5.700000000000003 -36.935319378376015 -5.700000000000003 -141.35319378376005 0.0
3.6269948482513428 34.8 -4.799999999999997 47.42947932074196 -4.799999999999997 -141.4066788911819 80.77014720986014
3.637711524963379 34.8 -4.799999999999997 -33.34581189393996 -4.799999999999997 -141.4581189393997 0.0
3.6497671604156494 35.3 -5.299999999999997 -76.8265808922495 -5.299999999999997 -141.52201380729673 -41.47437951151983
3.661060333251953 35.3 -5.299999999999997 -35.358186762332906 -5.299999999999997 -141.58186762332915 0.0
3.67171573638916 34.7 -4.700000000000003 23.346265504287103 -4.700000000000003 -141.631948018074 56.309460306094515
3.682271957397461 34.7 -4.700000000000003 -32.96815622568131 -4.700000000000003 -141.68156225681304 0.0
3.6940808296203613 34.7 -4.700000000000003 -32.97370639562608 -4.700000000000003 -141.73706395626067 0.0
3.705396890640259 34.7 -4.700000000000003 -32.97902494430543 -4.700000000000003 -141.7902494430542 0.0
3.716845989227295 34.9 -4.899999999999999 -51.25325914621652 -4.899999999999999 -141.84635002613066 -17.468624143603467
3.727128505706787 34.9 -4.899999999999999 -33.789673435688016 -4.899999999999999 -141.8967343568802 0.0
3.7372920513153076 34.5 -4.5 7.162097241466235 -4.5 -141.94247031211853 39.356344272678086
3.749002456665039 34.5 -4.5 -32.19951671361923 -4.5 -141.99516713619232 0.0
3.76027774810791 34.0 -4.0 14.140724924857324 -4.0 -142.0402683019638 44.34475175505371
3.7716338634490967 34.0 -4.0 -30.208569276332856 -4.0 -142.08569276332855 0.0
3.781796455383301 34.0 -4.0 -30.212634313106538 -4.0 -142.12634313106537 0.0
3.7928755283355713 34.5 -4.5 -77.3477496598637 -4.5 -142.1761989593506 -45.13012976392864
3.8040883541107178 34.5 -4.5 -32.222665667533875 -4.5 -142.22665667533875 0.0
3.8158493041992188 33.8 -3.799999999999997 30.09186616476324 -3.799999999999997 -142.27134828567506 59.519000993330735
3.8271186351776123 33.8 -3.799999999999997 -29.431417174339288 -3.799999999999997 -142.31417174339296 0.0
3.8380658626556396 33.8 -3.799999999999997 -29.435577120780934 -3.799999999999997 -142.35577120780945 0.0
3.8483035564422607 33.8 -3.799999999999997 -29.43946744441985 -3.799999999999997 -142.3946744441986 0.0
3.8611721992492676 33.8 -3.799999999999997 -29.444357528686513 -3.799999999999997 -142.44357528686524 0.0
3.871748208999634 33.8 -3.799999999999997 -29.448376412391653 -3.799999999999997 -142.48376412391664 0.0
3.882761240005493 33.6 -3.6000000000000014 -10.492036288867642 -3.6000000000000014 -142.52341103553775 18.16030481468614
3.8932528495788574 33.6 -3.6000000000000014 -28.656118083000194 -3.6000000000000014 -142.56118083000186 0.0
3.909806489944458 33.4 -3.3999999999999986 -15.779811738189135 -3.3999999999999986 -142.6174632072449 12.08193458253535
3.920236587524414 33.4 -3.3999999999999986 -27.865292553901668 -3.3999999999999986 -142.65292553901674 0.0
3.9318065643310547 33.4 -3.3999999999999986 -27.869226346015928 -3.3999999999999986 -142.69226346015932 0.0
3.9419312477111816 33.4 -3.3999999999999986 -27.87266873836517 -3.3999999999999986 -142.72668738365175 0.0
3.9535281658172607 32.9 -2.8999999999999986 17.238871220699338 -2.8999999999999986 -142.76031844615937 43.11490306531527
3.96516752243042 32.9 -2.8999999999999986 -25.87940725803375 -2.8999999999999986 -142.79407258033754 0.0
3.975773572921753 33.0 -3.0 -35.71116949354771 -3.0 -142.82589073181154 -9.428580420366549
3.989013195037842 33.0 -3.0 -26.28656095981598 -3.0 -142.8656095981598 0.0
3.999986171722412 33.0 -3.0 -26.289852852821355 -3.0 -142.89852852821352 0.0
4.012988567352295 33.0 -3.0 -26.293753571510315 -3.0 -142.93753571510317 0.0
4.0240092277526855 33.0 -3.0 -26.297059769630437 -3.0 -142.97059769630434 0.0
4.034103631973267 33.0 -3.0 -26.300088090896608 -3.0 -143.00088090896608 0.0
4.045469045639038 32.8 -2.799999999999997 -7.906022661809818 -2.799999999999997 -143.03270406723024 17.597247744913194
4.057181358337402 32.8 -2.799999999999997 -25.506549854278553 -2.799999999999997 -143.06549854278566 0.0
4.068171739578247 32.6 -2.6000000000000014 -6.511676481544409 -2.6000000000000014 -143.09407353401187 18.197730871856784
4.078894138336182 32.6 -2.6000000000000014 -24.712195177078257 -2.6000000000000014 -143.1219517707825 0.0
4.090101003646851 32.6 -2.6000000000000014 -24.715108962059027 -2.6000000000000014 -143.15108962059023 0.0
4.100225925445557 32.6 -2.6000000000000014 -24.717741441726695 -2.6000000000000014 -143.17741441726687 0.0
4.112922191619873 32.1 -2.1000000000000014 16.661249369342823 -2.1000000000000014 -143.20407657623295 39.381657026966124
4.123263835906982 32.1 -2.1000000000000014 -22.722579402923593 -2.1000000000000014 -143.22579402923589 0.0
4.13401198387146 32.1 -2.1000000000000014 -22.724836513996138 -2.1000000000000014 -143.2483651399613 0.0
4.14424991607666 32.1 -2.1000000000000014 -22.726986479759226 -2.1000000000000014 -143.26986479759222 0.0
4.155722141265869 32.1 -2.1000000000000014 -22.72939564704896 -2.1000000000000014 -143.29395647048955 0.0
4.167795896530151 32.1 -2.1000000000000014 -22.731931135654463 -2.1000000000000014 -143.31931135654455 0.0
4.178911209106445 32.6 -2.6000000000000014 -69.71781161476862 -2.6000000000000014 -143.34821116924292 -44.98299049784432
4.189489126205444 32.6 -2.6000000000000014 -24.737571375370038 -2.6000000000000014 -143.37571375370032 0.0
4.200214147567749 32.6 -2.6000000000000014 -24.740359880924238 -2.6000000000000014 -143.4035988092423 0.0
4.211779832839966 32.6 -2.6000000000000014 -24.743366959095013 -2.6000000000000014 -143.43366959095007 0.0
4.222245216369629 32.1 -2.1000000000000014 25.030993004861994 -2.1000000000000014 -143.45564689636237 47.77655769449824
4.233396291732788 32.1 -2.1000000000000014 -22.74790641546251 -2.1000000000000014 -143.479064154625 0.0
4.243649005889893 32.1 -2.1000000000000014 -22.7500594854355 -2.1000000000000014 -143.50059485435492 0.0
4.254356145858765 32.1 -2.1000000000000014 -22.75230798482896 -2.1000000000000014 -143.52307984828954 0.0
4.266172170639038 32.1 -2.1000000000000014 -22.754789350032816 -2.1000000000000014 -143.54789350032812 0.0
4.276998281478882 32.6 -2.6000000000000014 -70.94224120720918 -2.6000000000000014 -143.5760413885117 -46.184637068358
4.287635326385498 32.6 -2.6000000000000014 -24.760369770526896 -2.6000000000000014 -143.6036977052689 0.0
4.298967361450195 32.6 -2.6000000000000014 -24.763316099643717 -2.6000000000000014 -143.6331609964371 0.0
4.3161633014678955 32.1 -2.1000000000000014 6.309703602172672 -2.1000000000000014 -143.66927247047428 29.076630849220106
4.326976537704468 32.1 -2.1000000000000014 -22.769198026657115 -2.1000000000000014 -143.69198026657108 0.0
4.337496280670166 32.1 -2.1000000000000014 -22.771407172679908 -2.1000000000000014 -143.71407172679903 0.0
4.348962783813477 32.1 -2.1000000000000014 -22.773815138340005 -2.1000000000000014 -143.73815138339998 0.0
4.359483957290649 32.1 -2.1000000000000014 -22.776024584770212 -2.1000000000000014 -143.76024584770204 0.0
4.371641159057617 32.6 -2.6000000000000014 -65.90707077032408 -2.6000000000000014 -143.79185457229616 -41.12788531309447
4.381945371627808 32.6 -2.6000000000000014 -24.781864552497872 -2.6000000000000014 -143.81864552497865 0.0
4.393048524856567 32.6 -2.6000000000000014 -24.784751372337347 -2.6000000000000014 -143.84751372337342 0.0
4.410274028778076 32.1 -2.1000000000000014 6.238358285361812 -2.1000000000000014 -143.8836872816086 29.026727013522677
4.4220054149627686 32.1 -2.1000000000000014 -22.79083231925965 -2.1000000000000014 -143.90832319259644 0.0
4.433008670806885 32.1 -2.1000000000000014 -22.793143002986916 -2.1000000000000014 -143.9314300298691 0.0
4.443185329437256 32.1 -2.1000000000000014 -22.79528010129929 -2.1000000000000014 -143.95280101299286 0.0
4.4553751945495605 32.2 -2.200000000000003 -31.401498094437454 -2.200000000000003 -143.97961871623994 -8.203536222813447
4.467492341995239 32.2 -2.200000000000003 -23.200627644062056 -2.200000000000003 -144.00627644062044 0.0
4.478266716003418 32.2 -2.200000000000003 -23.202998006343854 -2.200000000000003 -144.02998006343844 0.0
4.488899230957031 32.2 -2.200000000000003 -23.20533715963365 -2.200000000000003 -144.0533715963364 0.0
4.499028444290161 32.1 -2.1000000000000014 -12.93502931738274 -2.1000000000000014 -144.07464294433598 9.872434977050863
4.510851621627808 32.1 -2.1000000000000014 -22.809947161674508 -2.1000000000000014 -144.09947161674503 0.0
4.524139404296875 32.1 -2.1000000000000014 -22.812737596035014 -2.1000000000000014 -144.12737596035007 0.0
4.534382104873657 32.1 -2.1000000000000014 -22.81488856315614 -2.1000000000000014 -144.1488856315613 0.0
4.545233964920044 30.8 -0.8000000000000007 102.17937467041125 -0.8000000000000007 -144.1575671195984 119.7951313823711
4.556178092956543 30.8 -0.8000000000000007 -17.616632242202762 -0.8000000000000007 -144.1663224220276 0.0
4.5680975914001465 32.2 -2.200000000000003 -140.6738610846469 -2.200000000000003 -144.19254531860352 -117.45460655278652
4.579441070556641 32.2 -2.200000000000003 -23.221750097274793 -2.200000000000003 -144.2175009727478 0.0
4.589794397354126 32.2 -2.200000000000003 -23.22402782917024 -2.200000000000003 -144.24027829170228 0.0
4.600667715072632 32.2 -2.200000000000003 -23.226419959068313 -2.200000000000003 -144.264199590683 0.0
4.629380702972412 32.2 -2.200000000000003 -23.232736816406266 -2.200000000000003 -144.32736816406253 0.0
4.645540952682495 32.0 -2.0 -10.05992248166802 -2.0 -144.3596886634827 12.376046384680249
4.655717849731445 32.0 -2.0 -22.43800424575806 -2.0 -144.3800424575806 0.0
4.667768239974976 32.1 -2.1000000000000014 -31.139021265000345 -2.1000000000000014 -144.405348277092 -8.298486437291137
4.679560661315918 32.1 -2.1000000000000014 -22.843011236190804 -2.1000000000000014 -144.430112361908 0.0
4.69224739074707 30.8 -0.8000000000000007 84.82525143200968 -0.8000000000000007 -144.44026174545291 102.46927760655497
4.713567733764648 32.2 -2.200000000000003 -88.91370144156411 -2.200000000000003 -144.48716650009158 -65.66498479155494
4.726821422576904 32.2 -2.200000000000003 -23.251632461547864 -2.200000000000003 -144.51632461547854 0.0
4.73948073387146 32.0 -2.0 -6.655516565929448 -2.0 -144.54164323806765 15.798647757877317
4.749538421630859 32.0 -2.0 -22.456175861358645 -2.0 -144.56175861358645 0.0
4.760300874710083 32.0 -2.0 -22.45832835197449 -2.0 -144.5832835197449 0.0
4.770746946334839 32.0 -2.0 -22.46041756629944 -2.0 -144.6041756629944 0.0
4.782400131225586 32.1 -2.1000000000000014 -31.444209744026523 -2.1000000000000014 -144.628647351265 -8.581345008900014
4.793766021728516 32.1 -2.1000000000000014 -22.865251572132124 -2.1000000000000014 -144.65251572132115 0.0
4.805261611938477 32.1 -2.1000000000000014 -22.86766564607621 -2.1000000000000014 -144.67665646076208 0.0
4.815830230712891 32.1 -2.1000000000000014 -22.869885056018838 -2.1000000000000014 -144.69885056018833 0.0
4.827131748199463 30.8 -0.8000000000000007 97.35801129513621 -0.8000000000000007 -144.7078917741776 115.02880047255397
4.840277910232544 30.8 -0.8000000000000007 -17.67184087038041 -0.8000000000000007 -144.71840870380407 0.0
4.855400800704956 30.8 -0.8000000000000007 -17.6730507016182 -0.8000000000000007 -144.730507016182 0.0
4.870769500732422 32.2 -2.200000000000003 -114.37066864099168 -2.200000000000003 -144.76431815624244 -91.09423682536742
4.885413885116577 32.2 -2.200000000000003 -23.27965358018877 -2.200000000000003 -144.7965358018876 0.0
4.901900768280029 32.2 -2.200000000000003 -23.28328069448473 -2.200000000000003 -144.8328069448472 0.0
4.9162890911102295 32.2 -2.200000000000003 -23.286446125507375 -2.200000000000003 -144.86446125507362 0.0
4.929602861404419 32.2 -2.200000000000003 -23.289375154972095 -2.200000000000003 -144.89375154972083 0.0
4.941740036010742 32.2 -2.200000000000003 -23.292045333385488 -2.200000000000003 -144.92045333385474 0.0
4.95190167427063 32.2 -2.200000000000003 -23.294280893802664 -2.200000000000003 -144.9428089380265 0.0
4.962782621383667 32.2 -2.200000000000003 -23.29667470216753 -2.200000000000003 -144.9667470216752 0.0
4.973015785217285 32.2 -2.200000000000003 -23.298925998210926 -2.200000000000003 -144.98925998210916 0.0
4.983625411987305 30.8 -0.8000000000000007 114.25585669232186 -0.8000000000000007 -144.99774768352518 131.95563146067437
4.995594024658203 30.8 -0.8000000000000007 -17.70073225736619 -0.8000000000000007 -145.0073225736619 0.0
5.006133079528809 30.3 -0.3000000000000007 31.741535952491624 -0.3000000000000007 -145.0104842901231 47.442584381503934
5.017836332321167 30.3 -0.3000000000000007 -15.701399526596084 -0.3000000000000007 -145.0139952659608 0.0
5.028208494186401 30.3 -0.3000000000000007 -15.701710691452043 -0.3000000000000007 -145.01710691452038 0.0
5.039658308029175 30.3 -0.3000000000000007 -15.702054185867325 -0.3000000000000007 -145.02054185867323 0.0
5.050787925720215 30.3 -0.3000000000000007 -15.702388074398057 -0.3000000000000007 -145.02388074398053 0.0
5.062179088592529 30.3 -0.3000000000000007 -15.702729809284225 -0.3000000000000007 -145.02729809284222 0.0
5.07240104675293 30.3 -0.3000000000000007 -15.703036468029039 -0.3000000000000007 -145.03036468029035 0.0
5.0837318897247314 30.3 -0.3000000000000007 -15.703376393318193 -0.3000000000000007 -145.0337639331819 0.0
5.095177412033081 30.3 -0.3000000000000007 -15.703719758987441 -0.3000000000000007 -145.03719758987438 0.0
5.117901802062988 30.3 -0.3000000000000007 -15.704401490688339 -0.3000000000000007 -145.04401490688335 0.0
5.130014419555664 30.3 -0.3000000000000007 -15.70476486921312 -0.3000000000000007 -145.04764869213116 0.0
5.140270709991455 30.3 -0.3000000000000007 -15.705072557926194 -0.3000000000000007 -145.0507255792619 0.0
5.152398586273193 30.4 -0.3999999999999986 -24.351024371097907 -0.3999999999999986 -145.0555767297746 -8.24546669812045
5.163028001785278 30.4 -0.3999999999999986 -16.10598284959794 -0.3999999999999986 -145.05982849597945 0.0
5.174724578857422 29.7 0.3000000000000007 46.54093646533376 0.3000000000000007 -145.0563195228578 59.84656841761954
5.186785936355591 29.7 0.3000000000000007 -13.30527011156083 0.3000000000000007 -145.05270111560833 0.0
5.199486017227173 30.4 -0.3999999999999986 -71.22353736988312 -0.3999999999999986 -145.05778114795697 -55.11775925508743
5.2103495597839355 30.4 -0.3999999999999986 -16.106212656497963 -0.3999999999999986 -145.06212656497968 0.0
5.221595525741577 29.8 0.1999999999999993 39.64647680521112 0.1999999999999993 -145.05987737178816 53.35246454238994
5.232853412628174 29.8 0.1999999999999993 -13.705762579441089 0.1999999999999993 -145.05762579441085 0.0
5.245398998260498 29.8 0.1999999999999993 -13.705511667728443 0.1999999999999993 -145.0551166772844 0.0
5.255610227584839 29.8 0.1999999999999993 -13.705307443141956 0.1999999999999993 -145.05307443141953 0.0
5.266367197036743 30.2 -0.1999999999999993 -52.490716961714334 -0.1999999999999993 -145.05522582530992 -37.18519437918334
5.276942014694214 30.2 -0.1999999999999993 -15.305734078884138 -0.1999999999999993 -145.0573407888414 0.0
5.288150310516357 30.2 -0.1999999999999993 -15.305958244800582 -0.1999999999999993 -145.05958244800584 0.0
5.300036668777466 30.2 -0.1999999999999993 -15.306195971965805 -0.1999999999999993 -145.06195971965806 0.0
5.311712265014648 30.2 -0.1999999999999993 -15.306429483890549 -0.1999999999999993 -145.0642948389055 0.0
5.322161436080933 30.2 -0.1999999999999993 -15.306638467311874 -0.1999999999999993 -145.06638467311876 0.0
5.3329854011535645 29.7 0.3000000000000007 32.88747906646002 0.3000000000000007 -145.06313748359696 46.19379281481971
5.343340635299683 29.7 0.3000000000000007 -13.306003091335311 0.3000000000000007 -145.06003091335313 0.0
5.355679512023926 29.6 0.3999999999999986 -4.80104409464961 0.3999999999999986 -145.05509536266342 8.104465441616739
5.366234540939331 29.6 0.3999999999999986 -12.905087335109734 0.3999999999999986 -145.05087335109727 0.0
5.377301216125488 29.6 0.3999999999999986 -12.904644668102287 0.3999999999999986 -145.04644668102281 0.0
5.388028383255005 29.6 0.3999999999999986 -12.904215581417105 0.3999999999999986 -145.042155814171 0.0
5.4006993770599365 29.6 0.3999999999999986 -12.903708741664909 0.3999999999999986 -145.03708741664903 0.0
5.416911363601685 29.6 0.3999999999999986 -12.903060262203239 0.3999999999999986 -145.03060262203232 0.0
5.429718255996704 29.6 0.3999999999999986 -12.902547986507438 0.3999999999999986 -145.02547986507432 0.0
5.439784288406372 29.6 0.3999999999999986 -12.902145345211052 0.3999999999999986 -145.02145345211045 0.0
5.4518678188323975 29.4 0.6000000000000014 4.450033831801608 0.6000000000000014 -145.01420333385482 16.551454165187085
5.463215351104736 29.4 0.6000000000000014 -12.100739481449137 0.6000000000000014 -145.00739481449142 0.0
5.474178075790405 29.4 0.6000000000000014 -12.100081717967996 0.6000000000000014 -145.00081717968 0.0
5.4849536418914795 29.4 0.6000000000000014 -12.099435184001932 0.6000000000000014 -144.99435184001936 0.0
5.495948076248169 29.4 0.6000000000000014 -12.098775517940531 0.6000000000000014 -144.98775517940535 0.0
5.5128700733184814 29.4 0.6000000000000014 -12.097760198116312 0.6000000000000014 -144.97760198116316 0.0
5.525248050689697 29.4 0.6000000000000014 -12.097017519474036 0.6000000000000014 -144.97017519474042 0.0
5.535604953765869 29.4 0.6000000000000014 -12.096396105289466 0.6000000000000014 -144.96396105289472 0.0
5.546424627304077 29.4 0.6000000000000014 -12.095746924877174 0.6000000000000014 -144.9574692487718 0.0
5.557685852050781 29.4 0.6000000000000014 -12.095071251392373 0.6000000000000014 -144.95071251392378 0.0
5.568403720855713 29.4 0.6000000000000014 -12.094428179264078 0.6000000000000014 -144.94428179264082 0.0
5.57904577255249 29.4 0.6000000000000014 -12.09378965616227 0.6000000000000014 -144.93789656162275 0.0
5.590069770812988 28.9 1.1000000000000014 35.26301794882654 1.1000000000000014 -144.9257701635362 45.35559496518015
5.6023619174957275 28.9 1.1000000000000014 -10.091224880218514 1.1000000000000014 -144.9122488021852 0.0
5.614001274108887 28.9 1.1000000000000014 -10.089944550991067 1.1000000000000014 -144.89944550991072 0.0
5.624208211898804 28.9 1.1000000000000014 -10.088821787834176 1.1000000000000014 -144.8882178783418 0.0
5.635268449783325 28.9 1.1000000000000014 -10.087605161666879 1.1000000000000014 -144.87605161666883 0.0
5.645486831665039 28.9 1.1000000000000014 -10.08648113965989 1.1000000000000014 -144.86481139659895 0.0
5.657256841659546 28.8 1.1999999999999993 -1.188899232515471 1.1999999999999993 -144.85068738460555 8.496169505945087
5.6679511070251465 28.8 1.1999999999999993 -9.683785426616687 1.1999999999999993 -144.83785426616683 0.0
5.679647922515869 28.8 1.1999999999999993 -9.6823818087578 1.1999999999999993 -144.82381808757796 0.0
5.689744234085083 28.8 1.1999999999999993 -9.681170251369494 1.1999999999999993 -144.8117025136949 0.0
5.703139066696167 28.8 1.1999999999999993 -9.679562871456165 1.1999999999999993 -144.79562871456162 0.0
5.714271306991577 28.8 1.1999999999999993 -9.678227002620716 1.1999999999999993 -144.78227002620713 0.0
5.73533034324646 28.8 1.1999999999999993 -9.67569991827013 1.1999999999999993 -144.75699918270126 0.0
5.745935916900635 28.8 1.1999999999999993 -9.674427249431629 1.1999999999999993 -144.74427249431625 0.0
5.757822275161743 28.8 1.1999999999999993 -9.673000886440295 1.1999999999999993 -144.73000886440292 0.0
5.768087387084961 28.8 1.1999999999999993 -9.671769073009509 1.1999999999999993 -144.71769073009506 0.0
5.779011011123657 28.8 1.1999999999999993 -9.670458238124866 1.1999999999999993 -144.70458238124863 0.0
5.789604663848877 28.8 1.1999999999999993 -9.669186999797839 1.1999999999999993 -144.69186999797836 0.0
5.800787448883057 28.6 1.3999999999999986 9.017011030836882 1.3999999999999986 -144.6762140989305 17.884632440729938
5.8128838539123535 28.6 1.3999999999999986 -8.865927913188955 1.3999999999999986 -144.6592791318895 0.0
5.8262410163879395 28.6 1.3999999999999986 -8.864057910442373 1.3999999999999986 -144.64057910442367 0.0
5.836644411087036 28.6 1.3999999999999986 -8.8626014351845 1.3999999999999986 -144.62601435184493 0.0
5.847777366638184 28.6 1.3999999999999986 -8.861042821407338 1.3999999999999986 -144.61042821407332 0.0
5.8596274852752686 28.6 1.3999999999999986 -8.859383804798146 1.3999999999999986 -144.5938380479814 0.0
5.8701629638671875 28.6 1.3999999999999986 -8.857908837795277 1.3999999999999986 -144.5790883779527 0.0
5.880313158035278 28.6 1.3999999999999986 -8.856487810611743 1.3999999999999986 -144.56487810611736 0.0
5.891235113143921 28.6 1.3999999999999986 -8.854958736896533 1.3999999999999986 -144.54958736896526 0.0
5.90230393409729 28.6 1.3999999999999986 -8.853409101963061 1.3999999999999986 -144.53409101963055 0.0
5.918922662734985 28.6 1.3999999999999986 -8.851082479953783 1.3999999999999986 -144.51082479953777 0.0
5.930226564407349 28.6 1.3999999999999986 -8.849499933719654 1.3999999999999986 -144.49499933719648 0.0
5.940771818161011 28.6 1.3999999999999986 -8.84802359819414 1.3999999999999986 -144.48023598194135 0.0
5.951694488525391 28.6 1.3999999999999986 -8.846494424343128 1.3999999999999986 -144.4649442434312 0.0
5.963326692581177 28.6 1.3999999999999986 -8.844865915775316 1.3999999999999986 -144.4486591577531 0.0
5.97363805770874 29.0 1.0 -49.23598257458716 1.0 -144.43834779262554 -38.79214779532461
5.984379291534424 29.0 1.0 -10.442760655879987 1.0 -144.42760655879985 0.0
5.994741916656494 29.0 1.0 -10.441724393367778 1.0 -144.41724393367778 0.0
6.005991697311401 29.4 0.6000000000000014 -47.59729821441221 0.6000000000000014 -144.41049406528484 -35.55624880788373
6.018313646316528 29.4 0.6000000000000014 -12.04031008958817 0.6000000000000014 -144.40310089588175 0.0
6.030125141143799 29.4 0.6000000000000014 -12.039601399898533 0.6000000000000014 -144.39601399898538 0.0
6.04177713394165 29.4 0.6000000000000014 -12.03890228033066 0.6000000000000014 -144.38902280330666 0.0
6.052955150604248 29.4 0.6000000000000014 -12.038231599330906 0.6000000000000014 -144.3823159933091 0.0
6.0640034675598145 29.4 0.6000000000000014 -12.037568700313571 0.6000000000000014 -144.37568700313577 0.0
6.0751051902771 28.8 1.1999999999999993 44.40942968629375 1.1999999999999993 -144.36236493587504 54.04566617988126
6.085726737976074 28.8 1.1999999999999993 -9.63496190786363 1.1999999999999993 -144.34961907863627 0.0
6.096772193908691 28.1 1.8999999999999986 56.5416143664772 1.8999999999999986 -144.32863271236428 63.37447763771363
6.109877824783325 28.2 1.8000000000000007 -14.86081224945601 1.8000000000000007 -144.30504257678993 -7.630307991777021
6.120826005935669 28.2 1.8000000000000007 -7.228533585071569 1.8000000000000007 -144.2853358507157 0.0
6.131029367446899 28.1 1.8999999999999986 2.9740967070409 1.8999999999999986 -144.26594946384438 9.800691653425345
6.142253160476685 28.1 1.8999999999999986 -6.824462425708786 1.8999999999999986 -144.2446242570878 0.0
6.152763605117798 28.1 1.8999999999999986 -6.822465441226974 1.8999999999999986 -144.22465441226967 0.0
6.164052248001099 28.1 1.8999999999999986 -6.820320599079146 1.8999999999999986 -144.2032059907914 0.0
6.174190282821655 28.1 1.8999999999999986 -6.81839437246324 1.8999999999999986 -144.18394372463234 0.0
6.1852922439575195 28.1 1.8999999999999986 -6.816284999847426 1.8999999999999986 -144.1628499984742 0.0
6.1955037117004395 28.1 1.8999999999999986 -6.814344820976272 1.8999999999999986 -144.14344820976265 0.0
6.206831932067871 28.1 1.8999999999999986 -6.812192459106459 1.8999999999999986 -144.12192459106453 0.0
6.218321800231934 28.1 1.8999999999999986 -6.810009384155288 1.8999999999999986 -144.10009384155282 0.0
6.22989296913147 28.1 1.8999999999999986 -6.807810862064375 1.8999999999999986 -144.0781086206437 0.0
6.240157842636108 28.1 1.8999999999999986 -6.805860536098493 1.8999999999999986 -144.05860536098487 0.0
6.251508951187134 28.0 2.0 2.406121930938456 2.0 -144.03590314388282 8.809712245326738
6.262933254241943 28.0 2.0 -6.40130545377732 2.0 -144.0130545377732 0.0
6.273613214492798 28.1 1.8999999999999986 -16.162606990205788 1.8999999999999986 -143.99276261329658 -9.363330728876123
6.284090757369995 28.1 1.8999999999999986 -6.7972855281829965 1.8999999999999986 -143.9728552818299 0.0
6.295360326766968 28.8 1.1999999999999993 -71.7101076742278 1.1999999999999993 -143.95933179855354 -62.11417449437245
6.305660724639893 28.1 1.8999999999999986 61.16456381194996 1.8999999999999986 -143.93976104259497 67.95853991620946
6.329976558685303 28.1 1.8999999999999986 -6.789356095790874 1.8999999999999986 -143.89356095790868 0.0
6.34171986579895 28.1 1.8999999999999986 -6.787124867439282 1.8999999999999986 -143.87124867439275 0.0
6.351876974105835 28.1 1.8999999999999986 -6.785195016860975 1.8999999999999986 -143.85195016860968 0.0
6.363998174667358 28.1 1.8999999999999986 -6.782891988754285 1.8999999999999986 -143.82891988754278 0.0
6.375643014907837 28.1 1.8999999999999986 -6.780679469108595 1.8999999999999986 -143.80679469108588 0.0
6.38691520690918 28.2 1.8000000000000007 -16.050039463316953 1.8000000000000007 -143.78650474548346 -8.87138898876861
6.397197246551514 28.2 1.8000000000000007 -7.176799707412725 1.8000000000000007 -143.76799707412727 0.0
6.409098386764526 28.2 1.8000000000000007 -7.174657502174382 1.8000000000000007 -143.74657502174384 0.0
6.421041011810303 28.2 1.8000000000000007 -7.172507829666143 1.8000000000000007 -143.72507829666145 0.0
6.438931465148926 28.2 1.8000000000000007 -7.169287548065192 1.8000000000000007 -143.69287548065194 0.0
6.451545715332031 28.2 1.8000000000000007 -7.167016983032234 1.8000000000000007 -143.67016983032235 0.0
6.46171236038208 28.2 1.8000000000000007 -7.165186986923224 1.8000000000000007 -143.65186986923226 0.0
6.473653316497803 28.2 1.8000000000000007 -7.163037614822393 1.8000000000000007 -143.63037614822395 0.0
6.483793020248413 28.2 1.8000000000000007 -7.161212468147282 1.8000000000000007 -143.61212468147284 0.0
6.496281862258911 28.0 2.0 9.655580287082294 2.0 -143.58714699745184 16.01429498682748
6.506975173950195 28.0 2.0 -6.356576037406928 2.0 -143.56576037406927 0.0
6.520317554473877 28.0 2.0 -6.353907561302192 2.0 -143.5390756130219 0.0
6.530282974243164 28.0 2.0 -6.351914477348334 2.0 -143.51914477348333 0.0
6.541191101074219 28.0 2.0 -6.3497328519821234 2.0 -143.49732851982122 0.0
6.551764488220215 28.0 2.0 -6.347618174552924 2.0 -143.47618174552923 0.0
6.563434839248657 28.0 2.0 -6.345284104347236 2.0 -143.45284104347235 0.0
6.574144124984741 28.0 2.0 -6.343142247200019 2.0 -143.43142247200018 0.0
6.585145950317383 28.0 2.0 -6.340941882133491 2.0 -143.4094188213349 0.0
6.595211505889893 28.0 2.0 -6.338928771018988 2.0 -143.38928771018988 0.0
6.614747524261475 28.0 2.0 -6.335021567344672 2.0 -143.3502156734467 0.0
6.626809358596802 28.0 2.0 -6.332609200477606 2.0 -143.32609200477606 0.0
6.637135982513428 28.0 2.0 -6.330543875694282 2.0 -143.3054387569428 0.0
6.647778511047363 27.9 2.1000000000000014 3.467954328742133 2.1000000000000014 -143.28308944702155 9.396263273444283
6.658100843429565 27.9 2.1000000000000014 -5.9261412549018875 2.1000000000000014 -143.26141254901893 0.0
6.671664714813232 28.0 2.0 -13.695954890778014 2.0 -143.2342848062516 -7.372526410152853
6.682003021240234 28.0 2.0 -6.321360819339759 2.0 -143.2136081933976 0.0
6.693593263626099 28.0 2.0 -6.319042770862588 2.0 -143.19042770862586 0.0
6.703642845153809 28.0 2.0 -6.317032854557045 2.0 -143.17032854557044 0.0
6.729533433914185 28.0 2.0 -6.311854736804969 2.0 -143.1185473680497 0.0
6.740091800689697 28.0 2.0 -6.309743063449867 2.0 -143.09743063449866 0.0
6.750298738479614 28.0 2.0 -6.3077016758918845 2.0 -143.07701675891883 0.0
6.761530637741089 28.0 2.0 -6.3054552960395895 2.0 -143.05455296039588 0.0
6.772724866867065 28.0 2.0 -6.303216450214393 2.0 -143.03216450214393 0.0
6.783824920654297 28.0 2.0 -6.300996439456947 2.0 -143.00996439456947 0.0
6.794118404388428 28.0 2.0 -6.298937742710121 2.0 -142.9893774271012 0.0
6.805440902709961 27.9 2.1000000000000014 2.9354130288947857 2.1000000000000014 -142.96560018062598 8.83197304695738
6.816830635070801 27.9 2.1000000000000014 -5.894168174266817 2.1000000000000014 -142.9416817426682 0.0
6.831715822219849 28.0 2.0 -13.009279327377367 2.0 -142.9119113683701 -6.718088190540355
6.843277215957642 28.0 2.0 -6.288878858089454 2.0 -142.88878858089453 0.0
6.853673219680786 28.0 2.0 -6.286799657344824 2.0 -142.86799657344824 0.0
6.864915370941162 28.0 2.0 -6.284551227092749 2.0 -142.8455122709275 0.0
6.875762224197388 28.0 2.0 -6.2823818564415035 2.0 -142.82381856441503 0.0
6.88692831993103 27.9 2.1000000000000014 3.075644793317217 2.1000000000000014 -142.8003697633744 8.955681769654651
6.897222518920898 27.9 2.1000000000000014 -5.87787519454956 2.1000000000000014 -142.77875194549566 0.0
6.909491777420044 28.0 2.0 -14.425873141299165 2.0 -142.75421342849737 -8.150451798449428
6.919581413269043 28.0 2.0 -6.273403415679937 2.0 -142.73403415679937 0.0
6.935007095336914 28.0 2.0 -6.2703182792663625 2.0 -142.70318279266363 0.0
6.94975209236145 28.0 2.0 -6.267369279861455 2.0 -142.67369279861455 0.0
6.963865041732788 28.0 2.0 -6.264546689987188 2.0 -142.64546689987188 0.0
6.9807350635528564 28.0 2.0 -6.261172685623174 2.0 -142.61172685623174 0.0
6.9947710037231445 28.0 2.0 -6.258365497589118 2.0 -142.58365497589116 0.0
7.007814645767212 28.0 2.0 -6.255756769180303 2.0 -142.55756769180303 0.0
7.019765138626099 28.0 2.0 -6.253366670608527 2.0 -142.53366670608526 0.0
7.031507730484009 28.0 2.0 -6.251018152236945 2.0 -142.51018152236944 0.0
7.0427727699279785 28.0 2.0 -6.24876514434815 2.0 -142.4876514434815 0.0
7.052903652191162 28.0 2.0 -6.246738967895514 2.0 -142.46738967895513 0.0
7.063518285751343 27.9 2.1000000000000014 3.576446507748793 2.1000000000000014 -142.44509894847874 9.420956402596662
7.074950456619263 27.9 2.1000000000000014 -5.842109138965606 2.1000000000000014 -142.4210913896561 0.0
7.085916042327881 28.0 2.0 -15.359355936593657 2.0 -142.39916021823888 -9.11943991476977
7.096266984939575 28.0 2.0 -6.237845833301549 2.0 -142.3784583330155 0.0
7.111154556274414 28.0 2.0 -6.234868319034582 2.0 -142.3486831903458 0.0
7.122906446456909 28.0 2.0 -6.232517940998083 2.0 -142.32517940998082 0.0
7.135106801986694 28.0 2.0 -6.230077869892126 2.0 -142.30077869892125 0.0
7.145536661148071 28.0 2.0 -6.22799189805985 2.0 -142.2799189805985 0.0
7.1563639640808105 27.9 2.1000000000000014 3.4101922576819845 2.1000000000000014 -142.25718164443975 9.235910422125954
7.167139530181885 27.9 2.1000000000000014 -5.823455295562745 2.1000000000000014 -142.2345529556275 0.0
7.179533958435059 28.0 2.0 -14.289117832602955 2.0 -142.20976409912114 -8.06814142269084
7.189579486846924 28.0 2.0 -6.218967304229743 2.0 -142.18967304229741 0.0
7.200109004974365 28.0 2.0 -6.2168614006042535 2.0 -142.16861400604253 0.0
7.210879802703857 28.0 2.0 -6.214707241058356 2.0 -142.14707241058355 0.0
7.221801280975342 28.0 2.0 -6.212522945404059 2.0 -142.12522945404058 0.0
7.23595666885376 28.0 2.0 -6.209691867828376 2.0 -142.09691867828374 0.0
7.246867656707764 27.9 2.1000000000000014 3.3576724227519463 2.1000000000000014 -142.07400560379034 9.165072983130976
7.257519960403442 27.9 2.1000000000000014 -5.805163576602936 2.1000000000000014 -142.05163576602942 0.0
7.2683000564575195 28.0 2.0 -15.479362749253367 2.0 -142.03007557392127 -9.27635519186124
7.280255556106567 28.0 2.0 -6.200616457462317 2.0 -142.00616457462317 0.0
7.291421175003052 28.0 2.0 -6.1983833336830205 2.0 -141.9838333368302 0.0
7.3014984130859375 28.0 2.0 -6.196367886066444 2.0 -141.96367886066443 0.0
7.312405824661255 28.0 2.0 -6.194186403751381 2.0 -141.9418640375138 0.0
7.322844982147217 28.0 2.0 -6.192098572254189 2.0 -141.92098572254187 0.0
7.335122108459473 28.0 2.0 -6.189643146991736 2.0 -141.89643146991736 0.0
7.345447063446045 28.0 2.0 -6.187578155994423 2.0 -141.87578155994422 0.0
7.357178449630737 28.0 2.0 -6.1852318787574845 2.0 -141.85231878757483 0.0
7.367197275161743 28.0 2.0 -6.183228113651282 2.0 -141.83228113651282 0.0
7.379661321640015 28.0 2.0 -6.180735304355629 2.0 -141.80735304355628 0.0
7.389611482620239 28.0 2.0 -6.178745272159583 2.0 -141.78745272159583 0.0
7.400267124176025 27.9 2.1000000000000014 3.608192477454388 2.1000000000000014 -141.7650758743287 9.384700064887252
7.411971807479858 27.9 2.1000000000000014 -5.77404960393906 2.1000000000000014 -141.74049603939065 0.0
7.423157691955566 28.0 2.0 -15.111650865136854 2.0 -141.71812427043923 -8.939838438092929
7.43401575088501 28.0 2.0 -6.169640815258035 2.0 -141.69640815258035 0.0
7.451714038848877 28.0 2.0 -6.166101157665262 2.0 -141.6610115766526 0.0
7.462676286697388 28.0 2.0 -6.16390870809556 2.0 -141.6390870809556 0.0
7.47276759147644 28.0 2.0 -6.161890447139749 2.0 -141.61890447139749 0.0
7.4840309619903564 27.9 2.1000000000000014 3.118811933611873 2.1000000000000014 -141.59525139331825 8.878337072943694
7.495776176452637 27.9 2.1000000000000014 -5.757058644294743 2.1000000000000014 -141.57058644294747 0.0
7.506921052932739 27.3 2.6999999999999993 50.48234794802053 2.6999999999999993 -141.5404952764512 53.836397475665656
7.522819995880127 27.3 2.6999999999999993 -3.3497568130493285 2.6999999999999993 -141.49756813049325 0.0
7.534973859786987 27.3 2.6999999999999993 -3.3464752697944764 2.6999999999999993 -141.46475269794473 0.0
7.54574179649353 27.3 2.6999999999999993 -3.3435679268837113 2.6999999999999993 -141.43567926883708 0.0
7.557959318161011 28.0 2.0 -63.43588673618687 2.0 -141.41124422550212 -57.29476231363666
7.568244457244873 27.3 2.6999999999999993 64.72101416355586 2.6999999999999993 -141.3834743499757 68.05936159855344
7.579988241195679 27.3 2.6999999999999993 -3.335176613330857 2.6999999999999993 -141.35176613330853 0.0
7.592291593551636 27.3 2.6999999999999993 -3.331854708194749 2.6999999999999993 -141.31854708194746 0.0
7.602755784988403 27.3 2.6999999999999993 -3.3290293765068224 2.6999999999999993 -141.29029376506818 0.0
7.6133880615234375 28.0 2.0 -71.96416718849429 2.0 -141.26902921199812 -65.83726426729447
7.624133110046387 28.0 2.0 -6.1247539114952225 2.0 -141.24753911495222 0.0
7.635362386703491 27.9 2.1000000000000014 3.1828973426136447 2.1000000000000014 -141.2239576339723 8.90529310601087
7.647184610366821 27.9 2.1000000000000014 -5.719913096427925 2.1000000000000014 -141.1991309642793 0.0
7.657427787780762 28.0 2.0 -15.880460182845521 2.0 -141.17864460945142 -9.762595721900379
7.668416738510132 28.0 2.0 -6.1156666707992695 2.0 -141.15666670799268 0.0
7.678974390029907 28.0 2.0 -6.113555140495315 2.0 -141.13555140495313 0.0
7.6921226978302 28.0 2.0 -6.110925478935256 2.0 -141.10925478935255 0.0
7.703046798706055 27.3 2.6999999999999993 60.770524213813715 2.6999999999999993 -141.07975971698775 64.0785001855125
7.714056968688965 27.3 2.6999999999999993 -3.305003225803393 2.6999999999999993 -141.0500322580339 0.0
7.725257158279419 27.3 2.6999999999999993 -3.3019791746139706 2.6999999999999993 -141.01979174613967 0.0
7.736417293548584 27.3 2.6999999999999993 -3.298965938091298 2.6999999999999993 -140.98965938091294 0.0
7.74785041809082 27.3 2.6999999999999993 -3.2958789944648945 2.6999999999999993 -140.9587899446489 0.0
7.758078575134277 27.3 2.6999999999999993 -3.293117392063161 2.6999999999999993 -140.93117392063158 0.0
7.769716501235962 27.3 2.6999999999999993 -3.289975152015707 2.6999999999999993 -140.89975152015703 0.0
7.7798473834991455 27.3 2.6999999999999993 -3.2872398138046464 2.6999999999999993 -140.87239813804644 0.0
7.791781902313232 27.3 2.6999999999999993 -3.2840174937248445 2.6999999999999993 -140.8401749372484 0.0
7.801886320114136 27.3 2.6999999999999993 -3.2812893009185995 2.6999999999999993 -140.81289300918596 0.0
7.813282012939453 27.3 2.6999999999999993 -3.2782124638557644 2.6999999999999993 -140.7821246385576 0.0
7.823625326156616 27.3 2.6999999999999993 -3.2754197692871294 2.6999999999999993 -140.75419769287126 0.0
7.8337953090667725 27.3 2.6999999999999993 -3.272673873901386 2.6999999999999993 -140.72673873901383 0.0
7.845860242843628 27.3 2.6999999999999993 -3.2694163417816355 2.6999999999999993 -140.69416341781633 0.0
7.8561084270477295 27.3 2.6999999999999993 -3.26664933204653 2.6999999999999993 -140.66649332046526 0.0
7.8670289516448975 27.3 2.6999999999999993 -3.263700790405295 2.6999999999999993 -140.63700790405292 0.0
7.877193212509155 27.3 2.6999999999999993 -3.260956439971947 2.6999999999999993 -140.60956439971943 0.0
7.892353296279907 27.3 2.6999999999999993 -3.2568632173538425 2.6999999999999993 -140.5686321735384 0.0
7.903396844863892 27.3 2.6999999999999993 -3.253881459236167 2.6999999999999993 -140.53881459236163 0.0
7.917997360229492 27.3 2.6999999999999993 -3.2499393200874565 2.6999999999999993 -140.49939320087452 0.0
7.930020093917847 27.3 2.6999999999999993 -3.246693181991601 2.6999999999999993 -140.46693181991597 0.0
7.9417338371276855 27.3 2.6999999999999993 -3.2435304713249433 2.6999999999999993 -140.4353047132494 0.0
7.953264236450195 27.3 2.6999999999999993 -3.240417263507865 2.6999999999999993 -140.40417263507862 0.0
7.963467359542847 27.3 2.6999999999999993 -3.2376624202728497 2.6999999999999993 -140.37662420272846 0.0
7.974271059036255 27.3 2.6999999999999993 -3.234745421409631 2.6999999999999993 -140.34745421409627 0.0
7.984840631484985 27.3 2.6999999999999993 -3.2318916368484736 2.6999999999999993 -140.3189163684847 0.0
7.9962828159332275 27.3 2.6999999999999993 -3.228802247047449 2.6999999999999993 -140.28802247047446 0.0
8.006881713867188 27.3 2.6999999999999993 -3.2259405446052796 2.6999999999999993 -140.25940544605277 0.0
8.018353462219238 27.3 2.6999999999999993 -3.222843172550226 2.6999999999999993 -140.22843172550222 0.0
8.028970003128052 27.3 2.6999999999999993 -3.2199767065048466 2.6999999999999993 -140.19976706504843 0.0
8.041164875030518 27.3 2.6999999999999993 -3.2166840910911816 2.6999999999999993 -140.1668409109118 0.0
8.05223536491394 27.3 2.6999999999999993 -3.2136950588226583 2.6999999999999993 -140.13695058822654 0.0
8.064103841781616 27.3 2.6999999999999993 -3.2104905700683855 2.6999999999999993 -140.10490570068382 0.0
8.074963808059692 27.3 2.6999999999999993 -3.207558379173305 2.6999999999999993 -140.075583791733 0.0
8.085755109786987 27.3 2.6999999999999993 -3.2046447277069348 2.6999999999999993 -140.04644727706932 0.0
8.096999168395996 27.3 2.6999999999999993 -3.2016088318825027 2.6999999999999993 -140.01608831882498 0.0
8.108083009719849 27.3 2.6999999999999993 -3.198616194725062 2.6999999999999993 -139.9861619472506 0.0
8.118926763534546 27.3 2.6999999999999993 -3.1956883811950956 2.6999999999999993 -139.95688381195092 0.0
8.130096912384033 27.3 2.6999999999999993 -3.192672441005733 2.6999999999999993 -139.9267244100573 0.0
8.141127109527588 27.3 2.6999999999999993 -3.189694287776973 2.6999999999999993 -139.8969428777697 0.0
8.152820110321045 27.3 2.6999999999999993 -3.186537177562741 2.6999999999999993 -139.86537177562738 0.0
8.163013219833374 27.3 2.6999999999999993 -3.1837850379944115 2.6999999999999993 -139.8378503799441 0.0
8.173722743988037 27.3 2.6999999999999993 -3.1808934664726536 2.6999999999999993 -139.8089346647265 0.0
8.184149026870728 27.3 2.6999999999999993 -3.178078370094326 2.6999999999999993 -139.78078370094323 0.0
8.196101903915405 27.3 2.6999999999999993 -3.174851093292265 2.6999999999999993 -139.7485109329226 0.0
8.206337928771973 27.3 2.6999999999999993 -3.1720873665809908 2.6999999999999993 -139.72087366580988 0.0
8.218247890472412 27.4 2.6000000000000014 -11.965323402554624 2.6000000000000014 -139.68990776538874 -8.396332626015756
8.22896409034729 27.4 2.6000000000000014 -3.5662045645714002 2.6000000000000014 -139.66204564571404 0.0
8.24008059501648 27.3 2.6999999999999993 5.8324302293118695 2.6999999999999993 -139.63203108310722 8.995633337622595
8.251754999160767 27.3 2.6999999999999993 -3.1600510191917675 2.6999999999999993 -139.60051019191764 0.0
8.263457775115967 27.3 2.6999999999999993 -3.1568912696838627 2.6999999999999993 -139.5689126968386 0.0
8.27367639541626 27.3 2.6999999999999993 -3.1541322422027847 2.6999999999999993 -139.5413224220278 0.0
8.284256219863892 27.3 2.6999999999999993 -3.151275689601924 2.6999999999999993 -139.5127568960192 0.0
8.295743465423584 27.3 2.6999999999999993 -3.148174133300806 2.6999999999999993 -139.48174133300802 0.0
8.307014465332031 27.3 2.6999999999999993 -3.145130963325526 2.6999999999999993 -139.45130963325522 0.0
8.323386192321777 27.3 2.6999999999999993 -3.140710597038293 2.6999999999999993 -139.4071059703829 0.0
8.333690166473389 27.3 2.6999999999999993 -3.137928524017358 2.6999999999999993 -139.37928524017354 0.0
8.345655918121338 27.3 2.6999999999999993 -3.1346977710724104 2.6999999999999993 -139.34697771072408 0.0
8.355828523635864 27.3 2.6999999999999993 -3.1319511675834892 2.6999999999999993 -139.31951167583486 0.0
8.367296934127808 27.3 2.6999999999999993 -3.1288546967506647 2.6999999999999993 -139.28854696750662 0.0
8.377634763717651 27.3 2.6999999999999993 -3.126063482761408 2.6999999999999993 -139.26063482761404 0.0
8.38829493522644 27.3 2.6999999999999993 -3.1231852364540345 2.6999999999999993 -139.23185236454032 0.0
8.400254726409912 27.3 2.6999999999999993 -3.1199560928344976 2.6999999999999993 -139.19956092834494 0.0
8.410934925079346 27.3 2.6999999999999993 -3.1170724391937483 2.6999999999999993 -139.17072439193745 0.0
8.421189785003662 27.3 2.6999999999999993 -3.114303627014184 2.6999999999999993 -139.1430362701418 0.0
8.4322988986969 27.3 2.6999999999999993 -3.1113041663170105 2.6999999999999993 -139.11304166317007 0.0
8.44298005104065 27.3 2.6999999999999993 -3.108420255184198 2.6999999999999993 -139.08420255184194 0.0
8.459882259368896 27.3 2.6999999999999993 -3.1038566589355696 2.6999999999999993 -139.03856658935567 0.0
8.471033573150635 27.3 2.6999999999999993 -3.100845804214501 2.6999999999999993 -139.00845804214498 0.0
8.482008457183838 27.3 2.6999999999999993 -3.0978825855255376 2.6999999999999993 -138.97882585525534 0.0
8.492202043533325 27.3 2.6999999999999993 -3.0951303172111757 2.6999999999999993 -138.95130317211172 0.0
8.50398325920105 27.3 2.6999999999999993 -3.0919493889808916 2.6999999999999993 -138.91949388980888 0.0
8.516680002212524 27.3 2.6999999999999993 -3.088521268367794 2.6999999999999993 -138.8852126836779 0.0
8.527116060256958 27.3 2.6999999999999993 -3.0857035326957973 2.6999999999999993 -138.85703532695794 0.0
8.537208080291748 27.3 2.6999999999999993 -3.0829786872864062 2.6999999999999993 -138.82978687286402 0.0
8.549879550933838 27.3 2.6999999999999993 -3.07955739021304 2.6999999999999993 -138.79557390213037 0.0
8.559956550598145 27.3 2.6999999999999993 -3.076836600303677 2.6999999999999993 -138.76836600303673 0.0
8.57197093963623 27.3 2.6999999999999993 -3.073592715263395 2.6999999999999993 -138.7359271526339 0.0
8.583156824111938 27.3 2.6999999999999993 -3.070572526454953 2.6999999999999993 -138.7057252645495 0.0
8.593856573104858 27.3 2.6999999999999993 -3.067683594226864 2.6999999999999993 -138.6768359422686 0.0
8.60546588897705 27.3 2.6999999999999993 -3.064549078941372 2.6999999999999993 -138.64549078941369 0.0
8.616938591003418 27.3 2.6999999999999993 -3.0614514493942533 2.6999999999999993 -138.6145144939425 0.0
8.627116680145264 27.3 2.6999999999999993 -3.058703365325954 2.6999999999999993 -138.5870336532595 0.0
8.637938261032104 27.3 2.6999999999999993 -3.0557815384865084 2.6999999999999993 -138.55781538486505 0.0
8.64987325668335 27.3 2.6999999999999993 -3.052559089660674 2.6999999999999993 -138.5255908966067 0.0
8.660729169845581 27.3 2.6999999999999993 -3.0496279931068706 2.6999999999999993 -138.49627993106867 0.0
8.671693325042725 27.3 2.6999999999999993 -3.046667671203643 2.6999999999999993 -138.4666767120364 0.0
8.683021306991577 27.3 2.6999999999999993 -3.0436091160774517 2.6999999999999993 -138.43609116077448 0.0
8.693888902664185 27.3 2.6999999999999993 -3.0406748652458475 2.6999999999999993 -138.40674865245845 0.0
8.706138610839844 27.3 2.6999999999999993 -3.0373674440384217 2.6999999999999993 -138.37367444038418 0.0
8.722708225250244 27.3 2.6999999999999993 -3.0328936481476134 2.6999999999999993 -138.3289364814761 0.0
8.733111143112183 27.3 2.6999999999999993 -3.030084860324889 2.6999999999999993 -138.30084860324885 0.0
8.744142055511475 27.3 2.6999999999999993 -3.027106513977081 2.6999999999999993 -138.27106513977077 0.0
8.755442142486572 27.3 2.6999999999999993 -3.0240554904938026 2.6999999999999993 -138.240554904938 0.0
8.766277313232422 27.3 2.6999999999999993 -3.021129994392423 2.6999999999999993 -138.2112999439242 0.0
8.777049779891968 27.3 2.6999999999999993 -3.0182214283943445 2.6999999999999993 -138.1822142839434 0.0
8.791516304016113 27.3 2.6999999999999993 -3.0143154668808254 2.6999999999999993 -138.14315466880822 0.0
8.802797079086304 27.3 2.6999999999999993 -3.0112696576118747 2.6999999999999993 -138.1126965761187 0.0
8.814207553863525 27.3 2.6999999999999993 -3.008188829422025 2.6999999999999993 -138.08188829422022 0.0
8.824350833892822 27.3 2.6999999999999993 -3.005450143814116 2.6999999999999993 -138.05450143814113 0.0
8.83574891090393 27.3 2.6999999999999993 -3.0023726630211183 2.6999999999999993 -138.02372663021114 0.0
8.846278429031372 27.3 2.6999999999999993 -2.9995296931267106 2.6999999999999993 -137.99529693126706 0.0
8.858078002929688 27.3 2.6999999999999993 -2.9963438081741636 2.6999999999999993 -137.9634380817416 0.0
8.869590044021606 27.3 2.6999999999999993 -2.9932355570793447 2.6999999999999993 -137.93235557079342 0.0
8.880141735076904 27.3 2.6999999999999993 -2.990386600494416 2.6999999999999993 -137.90386600494412 0.0
8.890241622924805 27.3 2.6999999999999993 -2.9876596307754824 2.6999999999999993 -137.8765963077548 0.0
8.901016473770142 27.3 2.6999999999999993 -2.9847504210472415 2.6999999999999993 -137.84750421047238 0.0
8.913012742996216 27.3 2.6999999999999993 -2.9815114283561996 2.6999999999999993 -137.81511428356197 0.0
8.92371392250061 27.3 2.6999999999999993 -2.978622109890015 2.6999999999999993 -137.7862210989001 0.0
8.93386459350586 27.3 2.6999999999999993 -2.9758814287185977 2.6999999999999993 -137.75881428718594 0.0
8.94418716430664 27.3 2.6999999999999993 -2.9730943346023864 2.6999999999999993 -137.73094334602382 0.0
8.955561876296997 27.3 2.6999999999999993 -2.97002316236499 2.6999999999999993 -137.70023162364987 0.0
8.966350793838501 27.3 2.6999999999999993 -2.9671101546287844 2.6999999999999993 -137.67110154628782 0.0
8.977215051651001 27.3 2.6999999999999993 -2.9641768050194095 2.6999999999999993 -137.64176805019406 0.0
8.988038539886475 27.3 2.6999999999999993 -2.961254463195832 2.6999999999999993 -137.6125446319583 0.0
8.998213052749634 27.3 2.6999999999999993 -2.958507344722779 2.6999999999999993 -137.58507344722776 0.0
9.01500129699707 27.3 2.6999999999999993 -2.953974518775972 2.6999999999999993 -137.53974518775968 0.0
9.030107736587524 27.3 2.6999999999999993 -2.949895780086548 2.6999999999999993 -137.49895780086544 0.0
9.043782472610474 27.3 2.6999999999999993 -2.9462036013603505 2.6999999999999993 -137.46203601360347 0.0
9.060140609741211 27.3 2.6999999999999993 -2.94178690433505 2.6999999999999993 -137.41786904335046 0.0
9.073375463485718 27.3 2.6999999999999993 -2.9382134938240316 2.6999999999999993 -137.38213493824028 0.0
9.085367679595947 27.3 2.6999999999999993 -2.9349755954742704 2.6999999999999993 -137.34975595474268 0.0
9.096723794937134 27.3 2.6999999999999993 -2.931909444332149 2.6999999999999993 -137.31909444332146 0.0
9.108986377716064 27.3 2.6999999999999993 -2.9285985469818385 2.6999999999999993 -137.28598546981834 0.0
9.124130010604858 27.3 2.6999999999999993 -2.9245097661018633 2.6999999999999993 -137.2450976610186 0.0
9.134734153747559 27.3 2.6999999999999993 -2.9216466474533362 2.6999999999999993 -137.21646647453332 0.0
9.145878553390503 27.3 2.6999999999999993 -2.9186376595497396 2.6999999999999993 -137.18637659549736 0.0
9.157150983810425 27.3 2.6999999999999993 -2.9155941033363604 2.6999999999999993 -137.15594103336358 0.0
9.167910099029541 27.3 2.6999999999999993 -2.912689142227201 2.6999999999999993 -137.12689142227197 0.0
9.17896556854248 27.3 2.6999999999999993 -2.909704165458706 2.6999999999999993 -137.09704165458703 0.0
9.189897060394287 27.3 2.6999999999999993 -2.906752662658718 2.6999999999999993 -137.06752662658715 0.0
9.200011730194092 27.3 2.6999999999999993 -2.9040217018127734 2.6999999999999993 -137.0402170181277 0.0
9.213148832321167 27.3 2.6999999999999993 -2.9004746842384606 2.6999999999999993 -137.00474684238458 0.0
9.223507642745972 27.3 2.6999999999999993 -2.897677805423763 2.6999999999999993 -136.9767780542376 0.0
9.234260320663452 27.3 2.6999999999999993 -2.8947745823860433 2.6999999999999993 -136.9477458238604 0.0
9.244417190551758 27.3 2.6999999999999993 -2.8920322275162 2.6999999999999993 -136.92032227516196 0.0
9.255650758743286 27.3 2.6999999999999993 -2.8889991641044883 2.6999999999999993 -136.88999164104484 0.0
9.267103910446167 27.3 2.6999999999999993 -2.885906813144709 2.6999999999999993 -136.85906813144706 0.0
9.278344631195068 27.3 2.6999999999999993 -2.8828718185425064 2.6999999999999993 -136.82871818542503 0.0
9.288995027542114 27.3 2.6999999999999993 -2.8799962115288036 2.6999999999999993 -136.799962115288 0.0
9.300032138824463 27.3 2.6999999999999993 -2.877016191482568 2.6999999999999993 -136.77016191482565 0.0
9.311781883239746 27.3 2.6999999999999993 -2.873843760490443 2.6999999999999993 -136.7384376049044 0.0
9.323099136352539 27.3 2.6999999999999993 -2.8707881021499873 2.6999999999999993 -136.70788102149984 0.0
9.333338260650635 27.3 2.6999999999999993 -2.868023538589501 2.6999999999999993 -136.68023538589497 0.0
9.343994379043579 27.3 2.6999999999999993 -2.8651463866234064 2.6999999999999993 -136.65146386623402 0.0
9.354340314865112 27.3 2.6999999999999993 -2.8623529839515935 2.6999999999999993 -136.6235298395159 0.0
9.366209506988525 27.3 2.6999999999999993 -2.859148302078271 2.6999999999999993 -136.59148302078268 0.0
9.376412630081177 27.3 2.6999999999999993 -2.8563934588432556 2.6999999999999993 -136.56393458843252 0.0
9.388138771057129 27.3 2.6999999999999993 -2.8532274007797476 2.6999999999999993 -136.53227400779744 0.0
9.398350715637207 27.3 2.6999999999999993 -2.8504701757431263 2.6999999999999993 -136.50470175743123 0.0
9.411596775054932 27.3 2.6999999999999993 -2.8468937397003415 2.6999999999999993 -136.46893739700337 0.0
9.421803951263428 27.3 2.6999999999999993 -2.844137802124047 2.6999999999999993 -136.44137802124044 0.0
9.432860374450684 27.3 2.6999999999999993 -2.841152567863489 2.6999999999999993 -136.41152567863486 0.0
9.443282127380371 27.3 2.6999999999999993 -2.8383386945724745 2.6999999999999993 -136.3833869457247 0.0
9.453869342803955 27.3 2.6999999999999993 -2.8354801464081056 2.6999999999999993 -136.35480146408102 0.0
9.465264558792114 27.3 2.6999999999999993 -2.832403438091303 2.6999999999999993 -136.324034380913 0.0
9.481813430786133 27.3 2.6999999999999993 -2.8279352426529165 2.6999999999999993 -136.27935242652913 0.0
9.493761539459229 27.3 2.6999999999999993 -2.824709253311182 2.6999999999999993 -136.24709253311178 0.0
9.504071712493896 27.3 2.6999999999999993 -2.821925506591823 2.6999999999999993 -136.2192550659182 0.0
9.520948886871338 27.3 2.6999999999999993 -2.8173686695099125 2.6999999999999993 -136.1736866950991 0.0
9.532940864562988 27.3 2.6999999999999993 -2.8141308355331667 2.6999999999999993 -136.14130835533163 0.0
9.5436372756958 27.3 2.6999999999999993 -2.811242804527309 2.6999999999999993 -136.11242804527305 0.0
9.553763628005981 27.3 2.6999999999999993 -2.80850868940356 2.6999999999999993 -136.08508689403556 0.0
9.565923929214478 27.3 2.6999999999999993 -2.8052254080772663 2.6999999999999993 -136.05225408077263 0.0
9.576201915740967 27.3 2.6999999999999993 -2.802450351715116 2.6999999999999993 -136.02450351715112 0.0
9.588901042938232 27.3 2.6999999999999993 -2.799021587371854 2.6999999999999993 -135.9902158737185 0.0
9.59942364692688 27.3 2.6999999999999993 -2.7961804842949203 2.6999999999999993 -135.96180484294916 0.0
9.629827737808228 27.3 2.6999999999999993 -2.787971379756957 2.6999999999999993 -135.87971379756954 0.0
9.640118598937988 27.3 2.6999999999999993 -2.7851928472519205 2.6999999999999993 -135.85192847251918 0.0
9.65154218673706 27.3 2.6999999999999993 -2.7821084785461725 2.6999999999999993 -135.8210847854617 0.0
9.661742210388184 27.3 2.6999999999999993 -2.779354472160371 2.6999999999999993 -135.79354472160367 0.0
9.672837972640991 27.3 2.6999999999999993 -2.7763586163521126 2.6999999999999993 -135.7635861635211 0.0
9.683821678161621 27.3 2.6999999999999993 -2.7733930158615436 2.6999999999999993 -135.7339301586154 0.0
9.695915222167969 27.3 2.6999999999999993 -2.7701277589798323 2.6999999999999993 -135.70127758979828 0.0
9.70621657371521 27.3 2.6999999999999993 -2.767346394062077 2.6999999999999993 -135.67346394062074 0.0
9.720857858657837 27.3 2.6999999999999993 -2.763393247127567 2.6999999999999993 -135.63393247127564 0.0
9.731963396072388 27.3 2.6999999999999993 -2.7603947520256398 2.6999999999999993 -135.60394752025636 0.0
9.743345737457275 27.3 2.6999999999999993 -2.7573215198517183 2.6999999999999993 -135.57321519851715 0.0
9.753641605377197 27.3 2.6999999999999993 -2.754541635513341 2.6999999999999993 -135.54541635513337 0.0
9.764362812042236 27.3 2.6999999999999993 -2.751646909713779 2.6999999999999993 -135.51646909713776 0.0
9.77495265007019 27.3 2.6999999999999993 -2.7487876534462323 2.6999999999999993 -135.4878765344623 0.0
9.786678075790405 27.3 2.6999999999999993 -2.745621788501774 2.6999999999999993 -135.4562178850177 0.0
9.79718542098999 27.3 2.6999999999999993 -2.7427848052978856 2.6999999999999993 -135.42784805297882 0.0
9.809537410736084 27.3 2.6999999999999993 -2.7394497680664394 2.6999999999999993 -135.39449768066436 0.0
9.819611310958862 27.3 2.6999999999999993 -2.7367298150062886 2.6999999999999993 -135.36729815006285 0.0
9.830306053161621 27.3 2.6999999999999993 -2.7338422346115436 2.6999999999999993 -135.3384223461154 0.0
9.841695547103882 27.3 2.6999999999999993 -2.730767071247133 2.6999999999999993 -135.3076707124713 0.0
9.852853536605835 27.3 2.6999999999999993 -2.7277544140816055 2.6999999999999993 -135.27754414081602 0.0
9.863282680511475 27.3 2.6999999999999993 -2.724938545227083 2.6999999999999993 -135.2493854522708 0.0
9.874133110046387 27.3 2.6999999999999993 -2.722008929252656 2.6999999999999993 -135.22008929252652 0.0
9.885554790496826 27.3 2.6999999999999993 -2.718925075531036 2.6999999999999993 -135.18925075531033 0.0
9.89707636833191 27.3 2.6999999999999993 -2.7158142495155637 2.6999999999999993 -135.1581424951556 0.0
9.907504558563232 27.4 2.6000000000000014 -12.702494538519277 2.6000000000000014 -135.13102920055417 -9.589391618463866
9.923959732055664 27.4 2.6000000000000014 -3.1088245749473806 2.6000000000000014 -135.08824574947386 0.0
9.935987710952759 27.3 2.6999999999999993 5.608371719666646 2.6999999999999993 -135.0557702064517 8.31394874031182
9.946837425231934 27.3 2.6999999999999993 -2.702647597789799 2.6999999999999993 -135.02647597789795 0.0
9.957825422286987 27.3 2.6999999999999993 -2.699680838584934 2.6999999999999993 -134.9968083858493 0.0
9.968008518218994 27.3 2.6999999999999993 -2.6969314026832905 2.6999999999999993 -134.96931402683288 0.0
9.979548454284668 27.3 2.6999999999999993 -2.6938156199455605 2.6999999999999993 -134.93815619945556 0.0
9.991446256637573 27.3 2.6999999999999993 -2.6906032133102755 2.6999999999999993 -134.9060321331027 0.0
10.002885341644287 27.3 2.6999999999999993 -2.687514660358463 2.6999999999999993 -134.8751466035846 0.0
10.013664960861206 27.3 2.6999999999999993 -2.684604163169894 2.6999999999999993 -134.8460416316989 0.0
10.024247169494629 27.3 2.6999999999999993 -2.6817469668388707 2.6999999999999993 -134.81746966838867 0.0
10.035648584365845 27.3 2.6999999999999993 -2.6786685848236402 2.6999999999999993 -134.78668584823637 0.0
10.04681134223938 27.3 2.6999999999999993 -2.675654640197786 2.6999999999999993 -134.75654640197783 0.0
10.057011127471924 27.3 2.6999999999999993 -2.672900698184998 2.6999999999999993 -134.72900698184995 0.0
10.067675352096558 27.3 2.6999999999999993 -2.670021357536349 2.6999999999999993 -134.70021357536345 0.0
10.077913522720337 27.3 2.6999999999999993 -2.667257051467928 2.6999999999999993 -134.67257051467925 0.0
10.090250492095947 27.3 2.6999999999999993 -2.6639260697365135 2.6999999999999993 -134.6392606973651 0.0
10.102904081344604 27.3 2.6999999999999993 -2.660509600639376 2.6999999999999993 -134.60509600639372 0.0
10.113616228103638 27.3 2.6999999999999993 -2.6576173210144365 2.6999999999999993 -134.57617321014433 0.0
10.123785972595215 27.3 2.6999999999999993 -2.6548714900017103 2.6999999999999993 -134.54871490001707 0.0
10.134985446929932 27.3 2.6999999999999993 -2.6518476319313393 2.6999999999999993 -134.51847631931335 0.0
10.146734476089478 27.3 2.6999999999999993 -2.6486753940582624 2.6999999999999993 -134.4867539405826 0.0
10.157758235931396 27.3 2.6999999999999993 -2.6456989789009455 2.6999999999999993 -134.4569897890094 0.0
10.16818642616272 27.3 2.6999999999999993 -2.642883367538488 2.6999999999999993 -134.42883367538485 0.0
10.179762363433838 27.3 2.6999999999999993 -2.6397578644752855 2.6999999999999993 -134.39757864475283 0.0
10.190847635269165 27.3 2.6999999999999993 -2.6367648410797475 2.6999999999999993 -134.36764841079744 0.0
10.20225191116333 27.8 2.1999999999999993 -48.47746038264423 2.1999999999999993 -134.34255900383027 -43.8432044822612
10.213472366333008 27.8 2.1999999999999993 -4.6317874002457025 2.1999999999999993 -134.317874002457 0.0
10.224180221557617 27.8 2.1999999999999993 -4.629431672096288 2.1999999999999993 -134.29431672096285 0.0
10.234353303909302 27.8 2.1999999999999993 -4.6271935939789195 2.1999999999999993 -134.27193593978916 0.0
10.24638056755066 27.9 2.1000000000000014 -13.339111035564846 2.1000000000000014 -134.2466786861423 -8.314443166950621
10.256906032562256 27.9 2.1000000000000014 -5.0224575209617885 2.1000000000000014 -134.22457520961794 0.0
10.268138408660889 28.0 2.0 -14.323046841293221 2.0 -134.20211045742067 -8.902835795551153
10.278337717056274 28.0 2.0 -5.418171184062992 2.0 -134.1817118406299 0.0
10.29114842414856 28.0 2.0 -5.415609042644533 2.0 -134.15609042644533 0.0
10.301226615905762 28.0 2.0 -5.413593404293094 2.0 -134.13593404293093 0.0
10.31308913230896 27.9 2.1000000000000014 3.418812305600804 2.1000000000000014 -134.1110227584842 8.42991458144922
10.327486991882324 28.0 2.0 -12.35369952918348 2.0 -134.08222703933748 -6.94547682524973
10.339918613433838 28.0 2.0 -5.4057363796234466 2.0 -134.05736379623445 0.0
10.350308656692505 28.0 2.0 -5.403658370971712 2.0 -134.03658370971712 0.0
10.361445426940918 28.0 2.0 -5.4014310169220305 2.0 -134.0143101692203 0.0
10.371553421020508 28.0 2.0 -5.399409418106112 2.0 -133.99409418106112 0.0
10.382407426834106 28.2 1.8000000000000007 -24.623832413149657 1.8000000000000007 -133.97455697059664 -18.426376716089994
10.393914699554443 28.2 1.8000000000000007 -6.195384387970002 1.8000000000000007 -133.95384387970003 0.0
10.405771493911743 28.1 1.8999999999999986 2.6408512305702523 1.8999999999999986 -133.93131597042117 8.433982827612375
10.416947603225708 28.1 1.8999999999999986 -5.79100813627247 1.8999999999999986 -133.91008136272464 0.0
10.427688837051392 28.8 1.1999999999999993 -73.75914118945633 1.1999999999999993 -133.89719188213382 -65.16942200124294
10.438123941421509 28.8 1.1999999999999993 -8.588466975688972 1.1999999999999993 -133.88466975688968 0.0
10.450306177139282 29.4 0.6000000000000014 -60.23977925432167 0.6000000000000014 -133.877360415459 -49.252043212775774
10.460819959640503 29.4 0.6000000000000014 -10.987105214595823 0.6000000000000014 -133.8710521459583 0.0
10.472123622894287 29.0 1.0 26.000783498948422 1.0 -133.8597484827045 35.38675834721887
10.482328653335571 29.0 1.0 -9.384954345226323 1.0 -133.84954345226322 0.0
10.498296976089478 29.0 1.0 -9.383357512950932 1.0 -133.8335751295093 0.0
10.51084589958191 28.5 1.5 32.46257999903496 1.5 -133.81475174427067 39.844055173462024
10.522192239761353 28.5 1.5 -7.37977322340015 1.5 -133.7977322340015 0.0
10.53239107131958 28.5 1.5 -7.378243398666417 1.5 -133.78243398666416 0.0
10.54525351524353 28.6 1.3999999999999986 -15.551014937745748 1.3999999999999986 -133.76442656517062 -7.774572281228679
10.555638551712036 28.6 1.3999999999999986 -7.7749887514114775 1.3999999999999986 -133.7498875141147 0.0
10.56667709350586 28.6 1.3999999999999986 -7.773443355560341 1.3999999999999986 -133.73443355560335 0.0
10.576899528503418 28.6 1.3999999999999986 -7.772012214660684 1.3999999999999986 -133.72012214660677 0.0
10.587949275970459 28.6 1.3999999999999986 -7.770465250015299 1.3999999999999986 -133.70465250015292 0.0
10.599904537200928 28.6 1.3999999999999986 -7.768791513443032 1.3999999999999986 -133.68791513443026 0.0
10.612879991531372 28.6 1.3999999999999986 -7.766974949836769 1.3999999999999986 -133.66974949836762 0.0
10.623115062713623 28.6 1.3999999999999986 -7.765542039871253 1.3999999999999986 -133.65542039871247 0.0
10.635844469070435 28.6 1.3999999999999986 -7.763759922981301 1.3999999999999986 -133.63759922981293 0.0
10.647954940795898 28.6 1.3999999999999986 -7.762064456939735 1.3999999999999986 -133.62064456939729 0.0
10.658405780792236 28.6 1.3999999999999986 -7.760601339340248 1.3999999999999986 -133.6060133934024 0.0
10.669018983840942 28.6 1.3999999999999986 -7.759115490913429 1.3999999999999986 -133.59115490913422 0.0
10.680168151855469 28.6 1.3999999999999986 -7.757554607391393 1.3999999999999986 -133.57554607391387 0.0
10.690362453460693 28.6 1.3999999999999986 -7.75612740516666 1.3999999999999986 -133.56127405166654 0.0
10.70361042022705 28.6 1.3999999999999986 -7.754272689819372 1.3999999999999986 -133.54272689819365 0.0
10.715514659881592 28.6 1.3999999999999986 -7.752606096267735 1.3999999999999986 -133.5260609626773 0.0
10.730707168579102 28.6 1.3999999999999986 -7.750479145050086 1.3999999999999986 -133.5047914505008 0.0
10.742173671722412 29.0 1.0 -44.23355090035795 1.0 -133.49332494735748 -34.8842184056222
10.753620147705078 29.0 1.0 -9.348187847137481 1.0 -133.4818784713748 0.0
10.764269828796387 29.0 1.0 -9.347122879028351 1.0 -133.4712287902835 0.0
10.774288892745972 29.0 1.0 -9.346120972633393 1.0 -133.46120972633392 0.0
10.78559923171997 29.0 1.0 -9.344989938735992 1.0 -133.44989938735992 0.0
10.795633554458618 29.0 1.0 -9.343986506462128 1.0 -133.43986506462127 0.0
10.806803703308105 29.0 1.0 -9.34286949157718 1.0 -133.42869491577179 0.0
10.818943738937378 29.0 1.0 -9.341655488014252 1.0 -133.4165548801425 0.0
10.829537630081177 29.0 1.0 -9.340596098899873 1.0 -133.40596098899871 0.0
10.839981079101562 29.0 1.0 -9.339551753997833 1.0 -133.39551753997833 0.0
10.851134777069092 29.0 1.0 -9.338436384201081 1.0 -133.3843638420108 0.0
10.861973285675049 29.0 1.0 -9.337352533340486 1.0 -133.37352533340484 0.0
10.871984004974365 29.0 1.0 -9.336351461410553 1.0 -133.36351461410553 0.0
10.8829927444458 28.8 1.1999999999999993 9.632353829540184 1.1999999999999993 -133.35030412673981 18.16738424221417
10.893315553665161 28.8 1.1999999999999993 -8.533791675567663 1.1999999999999993 -133.3379167556766 0.0
10.905271053314209 28.8 1.1999999999999993 -8.532357015609776 1.1999999999999993 -133.32357015609773 0.0
10.916712284088135 28.8 1.1999999999999993 -8.530984067916904 1.1999999999999993 -133.309840679169 0.0
10.927461862564087 28.8 1.1999999999999993 -8.52969411849979 1.1999999999999993 -133.29694118499788 0.0
10.937666177749634 28.8 1.1999999999999993 -8.528469600677525 1.1999999999999993 -133.28469600677522 0.0
10.950350999832153 28.8 1.1999999999999993 -8.526947422027625 1.1999999999999993 -133.2694742202762 0.0
10.96077299118042 28.8 1.1999999999999993 -8.525696783065833 1.1999999999999993 -133.25696783065828 0.0
10.971778154373169 28.1 1.8999999999999986 57.88290213788743 1.8999999999999986 -133.23605802059205 63.60650793994664
10.982126474380493 28.1 1.8999999999999986 -5.72163962125782 1.8999999999999986 -133.21639621257813 0.0
10.993172883987427 28.1 1.8999999999999986 -5.719540803432503 1.8999999999999986 -133.19540803432497 0.0
11.004315853118896 28.1 1.8999999999999986 -5.717423639297525 1.8999999999999986 -133.1742363929752 0.0
11.01623249053955 28.1 1.8999999999999986 -5.715159478187601 1.8999999999999986 -133.15159478187596 0.0
11.02699875831604 28.1 1.8999999999999986 -5.713113887310071 1.8999999999999986 -133.13113887310064 0.0
11.037956714630127 28.1 1.8999999999999986 -5.711031875610395 1.8999999999999986 -133.11031875610388 0.0
11.048308610916138 28.1 1.8999999999999986 -5.709065015316051 1.8999999999999986 -133.09065015316045 0.0
11.060790777206421 28.1 1.8999999999999986 -5.706693403720898 1.8999999999999986 -133.0669340372089 0.0
11.07118272781372 28.1 1.8999999999999986 -5.704718933105511 1.8999999999999986 -133.04718933105505 0.0
11.082873582839966 28.8 1.1999999999999993 -68.37917613043092 1.1999999999999993 -133.03316030502356 -59.87586009992856
11.095959901809692 28.8 1.1999999999999993 -8.501745672225992 1.1999999999999993 -133.01745672225988 0.0
11.112957239151001 28.1 1.8999999999999986 35.48440476671536 1.8999999999999986 -132.9851617813114 41.18292094484651
11.133591890335083 28.8 1.1999999999999993 -42.41955991646265 1.1999999999999993 -132.9604001998905 -33.9235198964736
11.147996664047241 28.8 1.1999999999999993 -8.494311447143595 1.1999999999999993 -132.9431144714359 0.0
11.163556337356567 28.8 1.1999999999999993 -8.492444286346476 1.1999999999999993 -132.92444286346472 0.0
11.174933910369873 28.8 1.1999999999999993 -8.491078977584877 1.1999999999999993 -132.91078977584874 0.0
11.185463428497314 28.8 1.1999999999999993 -8.489815435409586 1.1999999999999993 -132.89815435409582 0.0
11.196211576461792 28.6 1.3999999999999986 10.919546273873062 1.3999999999999986 -132.88310694694556 18.607856968567624
11.20796537399292 28.6 1.3999999999999986 -7.686665163040203 1.3999999999999986 -132.86665163040198 0.0
11.21971869468689 28.6 1.3999999999999986 -7.68501969814305 1.3999999999999986 -132.85019698143043 0.0
11.23018479347229 28.6 1.3999999999999986 -7.683554444313092 1.3999999999999986 -132.83554444313086 0.0
11.241038799285889 28.6 1.3999999999999986 -7.682034883499188 1.3999999999999986 -132.82034883499182 0.0
11.251664876937866 28.6 1.3999999999999986 -7.6805472326279105 1.3999999999999986 -132.80547232627904 0.0
11.26357913017273 28.6 1.3999999999999986 -7.678879237175032 1.3999999999999986 -132.78879237175025 0.0
11.273741483688354 28.6 1.3999999999999986 -7.677456507682843 1.3999999999999986 -132.77456507682837 0.0
11.284754753112793 28.6 1.3999999999999986 -7.6759146499634205 1.3999999999999986 -132.75914649963414 0.0
11.29501461982727 28.6 1.3999999999999986 -7.6744782686233926 1.3999999999999986 -132.74478268623386 0.0
11.30700969696045 28.6 1.3999999999999986 -7.672798957824748 1.3999999999999986 -132.72798957824742 0.0
11.318051099777222 28.6 1.3999999999999986 -7.6712531614304 1.3999999999999986 -132.71253161430394 0.0
11.330349922180176 28.6 1.3999999999999986 -7.669531326293987 1.3999999999999986 -132.6953132629398 0.0
11.340780258178711 28.6 1.3999999999999986 -7.66807107925419 1.3999999999999986 -132.68071079254184 0.0
11.351681470870972 28.6 1.3999999999999986 -7.666544909477274 1.3999999999999986 -132.66544909477267 0.0
11.363341808319092 28.6 1.3999999999999986 -7.664912462234538 1.3999999999999986 -132.6491246223453 0.0
11.373930931091309 28.6 1.3999999999999986 -7.663429985046427 1.3999999999999986 -132.6342998504642 0.0
11.384103059768677 28.6 1.3999999999999986 -7.6620058870315955 1.3999999999999986 -132.6200588703159 0.0
11.394241094589233 28.6 1.3999999999999986 -7.660586562156718 1.3999999999999986 -132.60586562156712 0.0
11.405552625656128 28.6 1.3999999999999986 -7.659002947807352 1.3999999999999986 -132.59002947807346 0.0
11.41752004623413 28.6 1.3999999999999986 -7.657327508926432 1.3999999999999986 -132.57327508926426 0.0
11.429579734802246 28.6 1.3999999999999986 -7.655639152526897 1.3999999999999986 -132.5563915252689 0.0
11.439877271652222 28.5 1.5 2.4569656525741497 1.5 -132.54094521999394 9.711060174573545
11.450753927230835 28.5 1.5 -7.252463023662603 1.5 -132.52463023662602 0.0
11.461959600448608 28.6 1.3999999999999986 -16.574945293242035 1.3999999999999986 -132.50894229412114 -8.924051063829914
11.473163843154907 28.6 1.3999999999999986 -7.649325635433238 1.3999999999999986 -132.49325635433232 0.0
11.4835946559906 28.2 1.8000000000000007 32.300474196591686 1.8000000000000007 -132.47448089122807 38.34792228571449
11.494213581085205 28.2 1.8000000000000007 -6.045536682605775 1.8000000000000007 -132.45536682605777 0.0
11.504738330841064 28.2 1.8000000000000007 -6.04364222764972 1.8000000000000007 -132.4364222764972 0.0
11.52695083618164 28.2 1.8000000000000007 -6.039643976688417 1.8000000000000007 -132.39643976688419 0.0
11.53818130493164 28.2 1.8000000000000007 -6.037622492313416 1.8000000000000007 -132.37622492313417 0.0
11.549564123153687 28.1 1.8999999999999986 3.14971084407437 1.8999999999999986 -132.35459756851228 8.785170600925603
11.562312364578247 28.1 1.8999999999999986 -5.633037590980567 1.8999999999999986 -132.3303759098056 0.0
11.574041604995728 28.2 1.8000000000000007 -14.55662760423178 1.8000000000000007 -132.30926327705416 -8.525701276526366
