0 0
0.00030612945556640625 109.3 -79.3 -1764045.6663146778
0.03537893295288086 108.9 -78.9 -7832.975758976522
0.0458223819732666 108.9 -78.9 -7890.000000000001
0.05633044242858887 109.2 -79.2 -8062.747560920269
0.06631660461425781 109.2 -79.2 -7920.0
0.07791423797607422 108.9 -78.9 -7760.663267823372
0.08828449249267578 108.9 -78.9 -7890.000000000001
0.10381269454956055 108.4 -78.4 -7679.002610164288
0.11525154113769531 108.4 -78.4 -7840.000000000001
0.12605738639831543 108.4 -78.4 -7840.000000000001
0.1364443302154541 109.1 -79.1 -8246.961483725834
0.14825654029846191 109.1 -79.1 -7909.999999999999
0.1591777801513672 108.9 -78.9 -7798.435304647767
0.1699199676513672 108.9 -78.9 -7890.000000000001
0.17996740341186523 108.9 -78.9 -7890.000000000001
0.1909778118133545 108.1 -78.1 -7446.707390485259
0.20144176483154297 108.1 -78.1 -7809.999999999999
0.2138381004333496 108.4 -78.4 -7961.003500403898
0.2250990867614746 108.4 -78.4 -7840.000000000001
0.2349390983581543 108.4 -78.4 -7840.000000000001
0.2459855079650879 107.6 -77.6 -7397.891392558053
0.2559962272644043 107.6 -77.6 -7759.999999999999
0.26613950729370117 107.2 -77.2 -7522.825122226405
0.2779245376586914 107.2 -77.2 -7720.0
0.2879469394683838 107.2 -77.2 -7720.0
0.299746036529541 107.2 -77.2 -7720.0
0.30979180335998535 107.2 -77.2 -7720.0
0.3197143077850342 105.4 -75.4 -6632.970926041618
0.3314378261566162 105.4 -75.4 -7540.000000000001
0.3414125442504883 105.8 -75.8 -7780.506919712212
0.3651916980743408 105.8 -75.8 -7580.0
0.3764674663543701 105.0 -75.0 -7145.256988201464
0.3865087032318115 105.0 -75.0 -7500.0
0.39731884002685547 105.0 -75.0 -7500.0
0.40787482261657715 104.6 -74.6 -7270.533980801803
0.41933608055114746 104.6 -74.6 -7459.999999999999
0.4310901165008545 103.0 -73.0 -6619.3827180527405
0.440964937210083 103.0 -73.0 -7300.0
0.4524528980255127 103.0 -73.0 -7300.0
0.46299004554748535 101.5 -71.5 -6438.232419223459
0.47295284271240234 101.5 -71.5 -7150.0
0.48592066764831543 102.8 -72.8 -7781.240572888896
0.4963047504425049 102.8 -72.8 -7280.0
0.5064413547515869 102.8 -72.8 -7280.0
0.5166759490966797 101.2 -71.2 -6338.337363430944
0.527885913848877 101.2 -71.2 -7120.0
0.5386474132537842 99.3 -69.3 -6047.223386578636
0.5486102104187012 99.3 -69.3 -6930.0
0.5592007637023926 99.3 -69.3 -6930.0
0.5696706771850586 99.2 -69.2 -6872.24411349456
0.5804629325866699 99.2 -69.2 -6920.0
0.5903308391571045 98.4 -68.4 -6434.645533837495
0.602452278137207 98.4 -68.4 -6840.000000000001
0.6119728088378906 98.4 -68.4 -6840.000000000001
0.6231458187103271 97.6 -67.6 -6401.994409235425
0.6341760158538818 97.6 -67.6 -6759.999999999999
0.6453187465667725 96.4 -66.4 -6101.532351934275
0.6558129787445068 96.4 -66.4 -6640.000000000001
0.6658964157104492 96.4 -66.4 -6640.000000000001
0.6775078773498535 96.0 -66.0 -6427.756396041228
0.687736988067627 96.0 -66.0 -6600.0
0.6995391845703125 94.7 -64.7 -5919.255060401601
0.7095499038696289 94.7 -64.7 -6470.0
0.7194459438323975 94.7 -64.7 -6470.0
0.7306489944458008 94.5 -64.5 -6360.738598395368
0.740668535232544 94.5 -64.5 -6450.0
0.7579514980316162 93.7 -63.7 -6138.558201131192
0.7682955265045166 93.7 -63.7 -6370.0
0.7800719738006592 93.3 -63.3 -6160.169494270557
0.790137767791748 93.3 -63.3 -6330.0
0.8025169372558594 93.1 -63.099999999999994 -6229.219136396901
0.8126413822174072 93.1 -63.099999999999994 -6309.999999999999
0.8226125240325928 93.1 -63.099999999999994 -6309.999999999999
0.8342065811157227 91.5 -61.5 -5459.9913220506305
0.844498872756958 91.5 -61.5 -6150.0
0.8550941944122314 91.7 -61.7 -6264.381278127814
0.8656570911407471 91.7 -61.7 -6170.0
0.8756899833679199 91.7 -61.7 -6170.0
0.887197732925415 90.3 -60.3 -5421.714256117013
0.8981204032897949 90.3 -60.3 -6030.0
0.908679723739624 90.1 -60.099999999999994 -5915.296936033776
0.9187064170837402 90.1 -60.099999999999994 -6009.999999999999
0.9292359352111816 89.3 -59.3 -5550.115569241918
0.9403104782104492 89.3 -59.3 -5930.0
0.9502990245819092 89.3 -59.3 -5930.0
0.9614229202270508 87.8 -57.8 -5105.775767837624
0.9724175930023193 87.8 -57.8 -5780.0
0.9836933612823486 87.7 -57.7 -5725.657123525186
0.995725154876709 87.7 -57.7 -5770.0
1.0057332515716553 87.7 -57.7 -5770.0
1.016258716583252 87.1 -57.099999999999994 -5424.976963327062
1.0275309085845947 87.1 -57.099999999999994 -5709.999999999999
1.0437507629394531 84.9 -54.900000000000006 -4811.818817891848
1.0578489303588867 84.9 -54.900000000000006 -5490.000000000001
1.073573112487793 85.6 -55.599999999999994 -5782.587093643858
1.0884301662445068 84.8 -54.8 -5210.767616143787
1.0999724864959717 84.8 -54.8 -5480.0
1.115959882736206 82.6 -52.599999999999994 -4571.958005249342
1.126540184020996 82.6 -52.599999999999994 -5259.999999999999
1.1374998092651367 83.5 -53.5 -5760.597981204319
1.152972936630249 83.5 -53.5 -5350.0
1.1630754470825195 81.2 -51.2 -3981.6690817265726
1.1757261753082275 81.2 -51.2 -5120.0
1.1865630149841309 81.2 -51.2 -5120.0
1.1981465816497803 79.6 -49.599999999999994 -4269.366429968092
1.208266019821167 79.6 -49.599999999999994 -4959.999999999999
1.2191927433013916 78.6 -48.599999999999994 -4402.4062840933875
1.2302277088165283 78.6 -48.599999999999994 -4859.999999999999
1.2431025505065918 78.0 -48.0 -4566.987426158777
1.2527070045471191 78.0 -48.0 -4800.0
1.2625458240509033 78.0 -48.0 -4800.0
1.2733752727508545 76.5 -46.5 -3957.443969882436
1.2833809852600098 76.5 -46.5 -4650.0
1.2959816455841064 76.4 -46.400000000000006 -4600.319539838417
1.3059918880462646 76.4 -46.400000000000006 -4640.000000000001
1.31642484664917 75.8 -45.8 -4292.449736054294
1.3263318538665771 75.8 -45.8 -4580.0
1.3363077640533447 75.8 -45.8 -4580.0
1.3474247455596924 75.8 -45.8 -4580.0
1.3573367595672607 75.8 -45.8 -4580.0
1.367708683013916 74.4 -44.400000000000006 -3765.1010734891897
1.3783185482025146 74.4 -44.400000000000006 -4440.000000000001
1.3894383907318115 74.2 -44.2 -4330.070668953686
1.400930643081665 74.2 -44.2 -4420.0
1.4110405445098877 74.2 -44.2 -4420.0
1.42136549949646 72.6 -42.599999999999994 -3485.178220108063
1.4313671588897705 72.6 -42.599999999999994 -4259.999999999999
1.4437944889068604 72.1 -42.099999999999994 -4008.8304811603093
1.4539775848388672 72.1 -42.099999999999994 -4209.999999999999
1.463998556137085 71.3 -41.3 -3730.837096428828
1.4756245613098145 71.3 -41.3 -4130.0
1.4855873584747314 71.3 -41.3 -4130.0
1.4980006217956543 71.0 -41.0 -3979.1615096513983
1.5079891681671143 71.0 -41.0 -4100.0
1.518643856048584 69.8 -39.8 -3416.867596052718
1.5291626453399658 69.8 -39.8 -3979.9999999999995
1.5390946865081787 69.6 -39.599999999999994 -3859.3157616784274
1.5551831722259521 69.6 -39.599999999999994 -3959.9999999999995
1.5657703876495361 68.0 -38.0 -3044.371661487189
1.576453447341919 68.0 -38.0 -3800.0
1.5864245891571045 68.0 -38.0 -3800.0
1.5982670783996582 67.2 -37.2 -3382.2331742868087
1.608323335647583 67.2 -37.2 -3720.0000000000005
1.619279384613037 66.8 -36.8 -3497.4524405370676
1.6293013095855713 66.8 -36.8 -3679.9999999999995
1.639228105545044 66.8 -36.8 -3679.9999999999995
1.6506357192993164 66.6 -36.599999999999994 -3572.339248019728
1.6606488227844238 66.6 -36.599999999999994 -3659.9999999999995
1.6858739852905273 65.4 -35.400000000000006 -3302.142265741671
1.6980202198028564 64.4 -34.400000000000006 -3028.349788988125
1.7085270881652832 64.4 -34.400000000000006 -3440.0000000000005
1.7193615436553955 63.9 -33.9 -3159.254670686351
1.7302296161651611 63.9 -33.9 -3390.0
1.7410528659820557 63.2 -33.2 -2996.6220812406405
1.7526051998138428 63.2 -33.2 -3320.0000000000005
1.764197587966919 62.6 -32.6 -3001.2094936448516
1.7745330333709717 62.6 -32.6 -3260.0
1.7857146263122559 61.8 -31.799999999999997 -2822.2692168276485
1.7984106540679932 61.8 -31.799999999999997 -3179.9999999999995
1.8084156513214111 61.8 -31.799999999999997 -3179.9999999999995
1.8191697597503662 60.9 -30.9 -2671.5552698088954
1.829235315322876 60.9 -30.9 -3090.0
1.8399288654327393 60.5 -30.5 -2862.971372514047
1.8510589599609375 60.5 -30.5 -3050.0
1.8619492053985596 59.5 -29.5 -2490.8735249688025
1.8719494342803955 59.5 -29.5 -2950.0
1.8818674087524414 59.0 -29.0 -2647.932402221207
1.8940396308898926 59.0 -29.0 -2900.0
1.9052891731262207 59.0 -29.0 -2900.0
1.9186007976531982 58.1 -28.1 -2471.949599699103
1.9286129474639893 58.1 -28.1 -2810.0
1.9391064643859863 58.2 -28.200000000000003 -2867.6484674982403
1.9546160697937012 57.4 -27.4 -2482.095308368688
1.965862512588501 57.4 -27.4 -2740.0
1.9759013652801514 57.4 -27.4 -2740.0
1.9870235919952393 56.3 -26.299999999999997 -2135.4947052518746
1.998673439025879 56.3 -26.299999999999997 -2629.9999999999995
2.0096077919006348 55.9 -25.9 -2407.09022720335
2.019577980041504 55.9 -25.9 -2590.0
2.0300087928771973 55.3 -25.299999999999997 -2242.390582857142
2.040008306503296 55.3 -25.299999999999997 -2529.9999999999995
2.0512008666992188 54.6 -24.6 -2147.292278197893
2.061455726623535 54.6 -24.6 -2460.0
2.071887969970703 54.6 -24.6 -2460.0
2.0831005573272705 53.7 -23.700000000000003 -1968.665334155522
2.0942094326019287 53.7 -23.700000000000003 -2370.0000000000005
2.1061270236968994 54.2 -24.200000000000003 -2629.773936702277
2.116147041320801 54.2 -24.200000000000003 -2420.0000000000005
2.1325719356536865 53.4 -23.4 -2096.4672308429244
2.143406867980957 53.4 -23.4 -2340.0
2.155125856399536 53.2 -23.200000000000003 -2234.6684027424594
2.1651053428649902 53.2 -23.200000000000003 -2320.0000000000005
2.176176071166992 52.5 -22.5 -1933.8509712710502
2.1865789890289307 52.5 -22.5 -2250.0
2.198310375213623 51.7 -21.700000000000003 -1829.034325779902
2.2093746662139893 51.7 -21.700000000000003 -2170.0000000000005
2.2193119525909424 50.0 -20.0 -1144.6357005758143
2.2297308444976807 50.0 -20.0 -2000.0
2.240633249282837 50.0 -20.0 -2000.0
2.2512595653533936 49.8 -19.799999999999997 -1885.8940094233774
2.2629756927490234 49.8 -19.799999999999997 -1979.9999999999998
2.2734200954437256 48.1 -18.1 -996.1669596183281
2.2834255695343018 48.1 -18.1 -1810.0000000000002
2.294523239135742 47.1 -17.1 -1259.454959503298
2.30574631690979 47.1 -17.1 -1710.0000000000002
2.315748929977417 46.9 -16.9 -1590.0261238499293
2.3262810707092285 46.9 -16.9 -1689.9999999999998
2.3362555503845215 46.9 -16.9 -1689.9999999999998
2.347080945968628 45.6 -15.600000000000001 -959.5600484528152
2.362442970275879 45.4 -15.399999999999999 -1474.9044123352928
2.3735809326171875 45.4 -15.399999999999999 -1539.9999999999998
2.3837363719940186 45.4 -15.399999999999999 -1539.9999999999998
2.3957512378692627 43.9 -13.899999999999999 -765.7733063459933
2.406477451324463 43.9 -13.899999999999999 -1389.9999999999998
2.41731858253479 42.8 -12.799999999999997 -772.6728684216305
2.4274518489837646 42.8 -12.799999999999997 -1279.9999999999998
2.4381375312805176 42.9 -12.899999999999999 -1336.7915839264601
2.448317289352417 42.9 -12.899999999999999 -1289.9999999999998
2.4598281383514404 41.8 -11.799999999999997 -702.1898922949454
2.4697694778442383 41.8 -11.799999999999997 -1179.9999999999998
2.480105400085449 41.2 -11.200000000000003 -829.7501384019222
2.4965312480926514 41.2 -11.200000000000003 -1120.0000000000002
2.508479118347168 41.0 -11.0 -1016.3030750503849
2.5184106826782227 41.0 -11.0 -1100.0
2.5286877155303955 39.9 -9.899999999999999 -454.82607586126824
2.538957118988037 39.9 -9.899999999999999 -989.9999999999999
2.5497822761535645 39.7 -9.700000000000003 -877.622588318212
2.5607097148895264 39.7 -9.700000000000003 -970.0000000000002
2.5711936950683594 38.4 -8.399999999999999 -220.00645850862816
2.5814104080200195 38.4 -8.399999999999999 -839.9999999999999
2.591440439224243 38.9 -8.899999999999999 -1139.2514678266657
2.6040408611297607 38.9 -8.899999999999999 -889.9999999999999
2.6157419681549072 37.6 -7.600000000000001 -204.4970047679218
2.6263515949249268 37.6 -7.600000000000001 -760.0000000000001
2.636317253112793 37.6 -7.600000000000001 -760.0000000000001
2.6470532417297363 37.6 -7.600000000000001 -760.0000000000001
2.6570751667022705 37.6 -7.600000000000001 -760.0000000000001
2.66921067237854 38.0 -8.0 -964.805658153241
2.6790857315063477 38.0 -8.0 -800.0
2.6895029544830322 36.4 -6.399999999999999 127.95898656535451
2.7001242637634277 36.4 -6.399999999999999 -639.9999999999999
2.713151216506958 35.3 -5.299999999999997 -107.79842237229741
2.7230870723724365 35.3 -5.299999999999997 -529.9999999999998
2.7337188720703125 34.7 -4.700000000000003 -187.82764110959414
2.743739128112793 34.7 -4.700000000000003 -470.0000000000003
2.7619917392730713 34.0 -4.0 -208.24661363428478
2.7719905376434326 34.0 -4.0 -400.0
2.782970666885376 32.9 -2.8999999999999986 210.90485082729043
2.7938640117645264 32.9 -2.8999999999999986 -289.9999999999999
2.8044753074645996 32.6 -2.6000000000000014 -118.6412025074722
2.816025733947754 32.6 -2.6000000000000014 -260.0000000000001
2.8264241218566895 32.1 -2.1000000000000014 30.42188288164337
2.8365581035614014 32.1 -2.1000000000000014 -210.00000000000014
2.84702467918396 32.1 -2.1000000000000014 -210.00000000000014
2.857592821121216 32.1 -2.1000000000000014 -210.00000000000014
2.8686506748199463 32.1 -2.1000000000000014 -210.00000000000014
2.8795833587646484 30.8 -0.8000000000000007 514.5475084505508
2.8896141052246094 30.8 -0.8000000000000007 -80.00000000000007
2.9013471603393555 32.2 -2.200000000000003 -816.6050556774783
2.9136877059936523 32.2 -2.200000000000003 -220.00000000000028
2.9245173931121826 30.3 -0.3000000000000007 847.2183255179103
2.934643507003784 30.3 -0.3000000000000007 -30.00000000000007
2.9455204010009766 30.3 -0.3000000000000007 -30.00000000000007
2.9556784629821777 30.3 -0.3000000000000007 -30.00000000000007
2.967296600341797 30.2 -0.1999999999999993 23.036158423969496
2.9774727821350098 30.2 -0.1999999999999993 -19.99999999999993
2.9883358478546143 29.8 0.1999999999999993 204.11008932686536
2.9991233348846436 29.8 0.1999999999999993 19.99999999999993
3.0094010829925537 28.6 1.3999999999999986 723.7854690544674
3.021460771560669 28.6 1.3999999999999986 139.99999999999986
3.031951904296875 29.0 1.0 -90.63718382837465
3.0431058406829834 29.0 1.0 100.0
3.052993059158325 29.0 1.0 100.0
3.063627004623413 28.6 1.3999999999999986 328.07694722209686
3.0746331214904785 28.6 1.3999999999999986 139.99999999999986
3.085622549057007 28.5 1.5 195.4982752261738
3.096329689025879 28.5 1.5 150.0
3.1082475185394287 28.8 1.1999999999999993 -5.861844079461022
3.125868082046509 29.4 0.6000000000000014 -110.2556220063316
3.145646572113037 30.4 -0.3999999999999986 -292.7998842773966
3.1796274185180664 30.4 -0.3999999999999986 -39.99999999999986
3.1914126873016357 32.0 -2.0 -878.8135380631593
3.2041332721710205 32.0 -2.0 -200.0
3.214984655380249 30.8 -0.8000000000000007 472.9249022278855
3.226412296295166 30.8 -0.8000000000000007 -80.00000000000007
3.236464738845825 30.8 -0.8000000000000007 -80.00000000000007
3.2473578453063965 30.8 -0.8000000000000007 -80.00000000000007
3.258648633956909 30.8 -0.8000000000000007 -80.00000000000007
3.2705020904541016 30.8 -0.8000000000000007 -80.00000000000007
3.280654191970825 30.8 -0.8000000000000007 -80.00000000000007
3.292124032974243 32.0 -2.0 -723.1110002494385
3.302950620651245 32.0 -2.0 -200.0
3.3131446838378906 30.4 -0.3999999999999986 744.7704937203274
3.3249990940093994 30.4 -0.3999999999999986 -39.99999999999986
3.335415840148926 30.3 -0.3000000000000007 17.999633791855352
3.345633029937744 30.3 -0.3000000000000007 -30.00000000000007
3.3561837673187256 30.2 -0.1999999999999993 27.390052651798356
3.366328001022339 30.2 -0.1999999999999993 -19.99999999999993
3.3775835037231445 29.8 0.1999999999999993 197.69086403016303
3.38895845413208 29.8 0.1999999999999993 19.99999999999993
3.3998804092407227 28.8 1.1999999999999993 577.7934948701156
3.4105377197265625 28.8 1.1999999999999993 119.99999999999993
3.4225211143493652 29.0 1.0 16.551191755203035
3.4332797527313232 29.0 1.0 100.0
3.4431819915771484 29.0 1.0 100.0
3.4538381099700928 29.0 1.0 100.0
3.46372389793396 29.0 1.0 100.0
3.4752604961395264 29.8 0.1999999999999993 -326.72265851037486
3.485379457473755 29.8 0.1999999999999993 19.99999999999993
3.496259927749634 30.3 -0.3000000000000007 -259.76948023490235
3.5064690113067627 30.3 -0.3000000000000007 -30.00000000000007
3.5173346996307373 30.3 -0.3000000000000007 -30.00000000000007
3.5286872386932373 30.3 -0.3000000000000007 -30.00000000000007
3.5389609336853027 30.4 -0.3999999999999986 -88.66798171311757
3.549717903137207 30.4 -0.3999999999999986 -39.99999999999986
3.5765464305877686 30.3 -0.3000000000000007 -11.363121739671836
3.587751626968384 32.0 -2.0 -958.5766202817138
3.598381996154785 32.0 -2.0 -200.0
3.6082537174224854 32.0 -2.0 -200.0
3.619797468185425 32.0 -2.0 -200.0
3.631438732147217 30.4 -0.3999999999999986 647.2106006922406
3.6425256729125977 30.4 -0.3999999999999986 -39.99999999999986
3.652571439743042 30.4 -0.3999999999999986 -39.99999999999986
3.663452625274658 32.0 -2.0 -935.2140055654162
3.6866605281829834 30.2 -0.1999999999999993 367.79893364563776
3.7050857543945312 29.6 0.3999999999999986 202.82025336111005
3.715114116668701 29.6 0.3999999999999986 39.99999999999986
3.7257347106933594 28.9 1.1000000000000014 439.5484218560604
3.7361931800842285 28.9 1.1000000000000014 110.00000000000014
3.748164176940918 29.0 1.0 58.232383987252945
3.7593748569488525 29.0 1.0 100.0
3.7698657512664795 28.1 1.8999999999999986 618.9434116631054
3.7800092697143555 28.1 1.8999999999999986 189.99999999999986
3.790212869644165 28.8 1.1999999999999993 -223.01619272378878
3.8030712604522705 28.8 1.1999999999999993 119.99999999999993
3.8133022785186768 28.8 1.1999999999999993 119.99999999999993
3.82391357421875 28.8 1.1999999999999993 119.99999999999993
3.8340322971343994 28.8 1.1999999999999993 119.99999999999993
3.8455255031585693 29.8 0.1999999999999993 -415.03962162386426
3.8563334941864014 29.8 0.1999999999999993 19.99999999999993
3.867124080657959 30.2 -0.1999999999999993 -205.34673766543597
3.877192735671997 30.2 -0.1999999999999993 -19.99999999999993
3.887765407562256 30.8 -0.8000000000000007 -363.75041154583454
3.899583339691162 30.8 -0.8000000000000007 -80.00000000000007
3.9101219177246094 32.0 -2.0 -769.3367720917602
3.920515775680542 32.0 -2.0 -200.0
3.9304938316345215 30.8 -0.8000000000000007 521.3195383622848
3.941455602645874 30.8 -0.8000000000000007 -80.00000000000007
3.953451633453369 32.0 -2.0 -700.1654377422237
3.9758968353271484 32.0 -2.0 -200.0
3.9864535331726074 32.0 -2.0 -200.0
3.997201681137085 32.0 -2.0 -200.0
4.008622169494629 30.8 -0.8000000000000007 445.37157888144264
4.020022630691528 30.8 -0.8000000000000007 -80.00000000000007
4.031149864196777 32.0 -2.0 -739.2175869383555
4.041467189788818 32.0 -2.0 -200.0
4.053852796554565 30.4 -0.3999999999999986 605.9110281237374
4.063913583755493 30.4 -0.3999999999999986 -39.99999999999986
4.075780391693115 30.3 -0.3000000000000007 12.134329857552324
4.086311340332031 30.3 -0.3000000000000007 -30.00000000000007
4.097073316574097 30.2 -0.1999999999999993 26.4598684064785
4.108537435531616 30.2 -0.1999999999999993 -19.99999999999993
4.119721174240112 29.8 0.1999999999999993 198.831073590858
4.129762411117554 29.8 0.1999999999999993 19.99999999999993
4.141061067581177 28.8 1.1999999999999993 562.5304916649081
4.153056621551514 28.8 1.1999999999999993 119.99999999999993
4.169615983963013 29.0 1.0 39.61120149737261
4.179746627807617 29.0 1.0 100.0
4.190328359603882 28.6 1.3999999999999986 329.0049793839976
4.2030439376831055 28.6 1.3999999999999986 139.99999999999986
4.214581251144409 28.9 1.1000000000000014 -20.01293628980457
4.225196123123169 28.9 1.1000000000000014 110.00000000000014
4.235924243927002 29.6 0.3999999999999986 -286.2453941373884
4.246383190155029 29.6 0.3999999999999986 39.99999999999986
4.258198022842407 30.4 -0.3999999999999986 -378.55748158611516
4.269741773605347 30.4 -0.3999999999999986 -39.99999999999986
4.280487537384033 30.4 -0.3999999999999986 -39.99999999999986
4.2909345626831055 30.4 -0.3999999999999986 -39.99999999999986
4.303331613540649 32.0 -2.0 -845.3147681597021
4.314453125 32.0 -2.0 -200.0
4.324934482574463 30.8 -0.8000000000000007 492.4449297120237
4.334955215454102 30.8 -0.8000000000000007 -80.00000000000007
4.3462324142456055 30.8 -0.8000000000000007 -80.00000000000007
4.361311435699463 30.8 -0.8000000000000007 -80.00000000000007
4.373099327087402 32.0 -2.0 -708.99688523927
4.383099317550659 32.0 -2.0 -200.0
4.393775224685669 32.0 -2.0 -200.0
4.403649568557739 32.0 -2.0 -200.0
4.415398120880127 30.4 -0.3999999999999986 640.9349595145815
4.425506830215454 30.4 -0.3999999999999986 -39.99999999999986
4.435819387435913 30.4 -0.3999999999999986 -39.99999999999986
4.446709632873535 29.7 0.3000000000000007 351.3885325218378
4.458148717880249 29.7 0.3000000000000007 30.00000000000007
4.469202041625977 29.6 0.3999999999999986 85.23526239727246
4.47930383682251 29.6 0.3999999999999986 39.99999999999986
4.4900548458099365 28.9 1.1000000000000014 435.5508393764013
4.501044750213623 28.9 1.1000000000000014 110.00000000000014
4.51329231262207 28.5 1.5 313.2978002725321
4.523300409317017 28.5 1.5 150.0
4.533915758132935 28.6 1.3999999999999986 92.8983918785366
4.544033050537109 28.6 1.3999999999999986 139.99999999999986
4.555516481399536 28.9 1.1000000000000014 -20.62298349423716
4.566521167755127 28.9 1.1000000000000014 110.00000000000014
4.5772740840911865 29.6 0.3999999999999986 -285.4930932795296
4.587623119354248 29.6 0.3999999999999986 39.99999999999986
4.599693059921265 30.4 -0.3999999999999986 -371.40179753086284
4.610609769821167 30.4 -0.3999999999999986 -39.99999999999986
4.621391296386719 30.4 -0.3999999999999986 -39.99999999999986
4.631413459777832 30.4 -0.3999999999999986 -39.99999999999986
4.641405820846558 32.0 -2.0 -1000.6115816849999
4.653491735458374 32.0 -2.0 -200.0
4.664119720458984 32.0 -2.0 -200.0
4.674613952636719 30.3 -0.3000000000000007 779.9687386404939
4.6846818923950195 30.3 -0.3000000000000007 -30.00000000000007
4.696360111236572 30.8 -0.8000000000000007 -294.0737413743825
4.7065582275390625 30.8 -0.8000000000000007 -80.00000000000007
4.718373537063599 30.3 -0.3000000000000007 181.58988639344585
4.728437662124634 30.3 -0.3000000000000007 -30.00000000000007
4.739552021026611 30.4 -0.3999999999999986 -84.98685029066539
4.749595403671265 30.4 -0.3999999999999986 -39.99999999999986
4.773819208145142 30.2 -0.1999999999999993 21.28170705301069
4.78555965423584 29.7 0.3000000000000007 242.93909794285491
4.796375036239624 29.7 0.3000000000000007 30.00000000000007
4.807198762893677 30.2 -0.1999999999999993 -250.97405172034001
4.818348169326782 30.2 -0.1999999999999993 -19.99999999999993
4.830522537231445 29.6 0.3999999999999986 286.4193643146691
4.840633869171143 29.6 0.3999999999999986 39.99999999999986
4.850712299346924 29.4 0.6000000000000014 159.22180166540653
4.863850831985474 29.4 0.6000000000000014 60.00000000000014
4.873952150344849 29.8 0.1999999999999993 -177.99395770392863
4.8856306076049805 29.8 0.1999999999999993 19.99999999999993
4.897479057312012 29.4 0.6000000000000014 228.7984546039933
4.908128499984741 29.4 0.6000000000000014 60.00000000000014
4.919424057006836 29.6 0.3999999999999986 -48.53038394157643
4.929942846298218 29.6 0.3999999999999986 39.99999999999986
4.940108060836792 29.6 0.3999999999999986 39.99999999999986
4.951326370239258 30.2 -0.1999999999999993 -287.41997322168515
4.962981939315796 30.2 -0.1999999999999993 -19.99999999999993
4.974509954452515 29.7 0.3000000000000007 246.86300463269367
4.9846532344818115 29.7 0.3000000000000007 30.00000000000007
4.9961652755737305 29.7 0.3000000000000007 30.00000000000007
5.006379127502441 29.7 0.3000000000000007 30.00000000000007
5.018113613128662 29.7 0.3000000000000007 30.00000000000007
5.0283074378967285 29.7 0.3000000000000007 30.00000000000007
5.039482593536377 30.2 -0.1999999999999993 -243.71053080730496
5.049455404281616 30.2 -0.1999999999999993 -19.99999999999993
5.0601630210876465 30.2 -0.1999999999999993 -19.99999999999993
5.071955680847168 30.2 -0.1999999999999993 -19.99999999999993
5.082627773284912 29.7 0.3000000000000007 264.25584200884686
5.093710660934448 29.7 0.3000000000000007 30.00000000000007
5.103774547576904 30.4 -0.3999999999999986 -387.7781620904499
5.114665985107422 30.4 -0.3999999999999986 -39.99999999999986
5.125980377197266 30.4 -0.3999999999999986 -39.99999999999986
5.136499881744385 30.4 -0.3999999999999986 -39.99999999999986
5.146531820297241 30.4 -0.3999999999999986 -39.99999999999986
5.157246351242065 30.4 -0.3999999999999986 -39.99999999999986
5.1889753341674805 30.4 -0.3999999999999986 -39.99999999999986
5.204159736633301 30.4 -0.3999999999999986 -39.99999999999986
5.217984676361084 30.4 -0.3999999999999986 -39.99999999999986
5.255735158920288 30.3 -0.3000000000000007 -16.755136196846323
5.266456604003906 29.8 0.1999999999999993 253.1775222931352
5.278229236602783 29.8 0.1999999999999993 19.99999999999993
5.290453195571899 29.6 0.3999999999999986 121.80655731310054
5.301396608352661 29.6 0.3999999999999986 39.99999999999986
5.312356948852539 29.4 0.6000000000000014 151.23804137391107
5.3238842487335205 29.4 0.6000000000000014 60.00000000000014
5.3339409828186035 29.4 0.6000000000000014 60.00000000000014
5.345338821411133 29.4 0.6000000000000014 60.00000000000014
5.35548996925354 29.4 0.6000000000000014 60.00000000000014
5.366600513458252 29.6 0.3999999999999986 -50.00459217613498
5.377899408340454 29.6 0.3999999999999986 39.99999999999986
5.388526439666748 30.2 -0.1999999999999993 -302.2989702286127
5.3997251987457275 30.2 -0.1999999999999993 -19.99999999999993
5.410511255264282 30.3 -0.3000000000000007 -76.35614500442159
5.420680522918701 30.3 -0.3000000000000007 -30.00000000000007
5.433507442474365 30.4 -0.3999999999999986 -78.98052044609568
5.443673610687256 30.4 -0.3999999999999986 -39.99999999999986
5.454165458679199 30.4 -0.3999999999999986 -39.99999999999986
5.464528560638428 30.4 -0.3999999999999986 -39.99999999999986
5.476417541503906 30.4 -0.3999999999999986 -39.99999999999986
5.486615180969238 30.4 -0.3999999999999986 -39.99999999999986
5.498143434524536 30.4 -0.3999999999999986 -39.99999999999986
5.508321285247803 30.4 -0.3999999999999986 -39.99999999999986
5.518391847610474 30.4 -0.3999999999999986 -39.99999999999986
5.529998064041138 30.3 -0.3000000000000007 13.080361544781255
5.5401835441589355 30.3 -0.3000000000000007 -30.00000000000007
5.551456451416016 29.7 0.3000000000000007 296.1247832156007
5.571972131729126 30.2 -0.1999999999999993 -141.8580111331915
5.585953950881958 30.2 -0.1999999999999993 -19.99999999999993
5.59751296043396 29.6 0.3999999999999986 299.53780784620994
5.608017206192017 29.6 0.3999999999999986 39.99999999999986
5.618948936462402 29.4 0.6000000000000014 151.47682711391388
5.631188869476318 29.4 0.6000000000000014 60.00000000000014
5.642939567565918 29.6 0.3999999999999986 -45.10132694883063
5.653091669082642 29.6 0.3999999999999986 39.99999999999986
5.663696050643921 29.6 0.3999999999999986 39.99999999999986
5.675085067749023 29.6 0.3999999999999986 39.99999999999986
5.68718695640564 29.6 0.3999999999999986 39.99999999999986
5.698584794998169 29.6 0.3999999999999986 39.99999999999986
5.709615707397461 29.8 0.1999999999999993 -70.65433246158143
5.719729661941528 29.8 0.1999999999999993 19.99999999999993
5.731983423233032 29.7 0.3000000000000007 70.80379796093146
5.742570400238037 29.7 0.3000000000000007 30.00000000000007
5.753347635269165 30.2 -0.1999999999999993 -251.97044443952825
5.764133453369141 30.2 -0.1999999999999993 -19.99999999999993
5.775321006774902 30.4 -0.3999999999999986 -129.3850481629865
5.78643012046814 30.4 -0.3999999999999986 -39.99999999999986
5.797151565551758 30.4 -0.3999999999999986 -39.99999999999986
5.807976484298706 30.4 -0.3999999999999986 -39.99999999999986
5.818205118179321 30.4 -0.3999999999999986 -39.99999999999986
5.82897162437439 30.4 -0.3999999999999986 -39.99999999999986
5.83991003036499 30.4 -0.3999999999999986 -39.99999999999986
5.851178169250488 30.4 -0.3999999999999986 -39.99999999999986
5.861255645751953 30.4 -0.3999999999999986 -39.99999999999986
5.872976064682007 30.2 -0.1999999999999993 65.32118228605115
5.884204387664795 30.2 -0.1999999999999993 -19.99999999999993
5.896083116531372 29.7 0.3000000000000007 240.46022921140843
5.906367540359497 29.7 0.3000000000000007 30.00000000000007
5.9171764850616455 29.8 0.1999999999999993 -26.25798482442282
5.927300453186035 29.8 0.1999999999999993 19.99999999999993
5.939396142959595 30.2 -0.1999999999999993 -185.34815603256197
5.949355363845825 30.2 -0.1999999999999993 -19.99999999999993
5.959882974624634 30.2 -0.1999999999999993 -19.99999999999993
5.9814252853393555 30.2 -0.1999999999999993 -19.99999999999993
5.995216131210327 30.2 -0.1999999999999993 -19.99999999999993
6.005876302719116 30.2 -0.1999999999999993 -19.99999999999993
6.015901327133179 30.2 -0.1999999999999993 -19.99999999999993
6.026697874069214 29.7 0.3000000000000007 261.555516297147
6.039318084716797 29.7 0.3000000000000007 30.00000000000007
6.049367189407349 29.7 0.3000000000000007 30.00000000000007
6.0597169399261475 29.6 0.3999999999999986 88.31034323888389
6.069760084152222 29.6 0.3999999999999986 39.99999999999986
6.080211162567139 29.6 0.3999999999999986 39.99999999999986
6.095166921615601 29.6 0.3999999999999986 39.99999999999986
6.105804204940796 29.6 0.3999999999999986 39.99999999999986
6.115899324417114 29.6 0.3999999999999986 39.99999999999986
6.126451730728149 29.7 0.3000000000000007 -17.38255761409743
6.13772177696228 29.7 0.3000000000000007 30.00000000000007
6.148982763290405 30.4 -0.3999999999999986 -350.8075880758803
6.15912652015686 30.4 -0.3999999999999986 -39.99999999999986
6.169640302658081 30.3 -0.3000000000000007 17.55662388316822
6.1797332763671875 30.3 -0.3000000000000007 -30.00000000000007
6.199511289596558 30.8 -0.8000000000000007 -206.40298957265992
6.209666967391968 30.8 -0.8000000000000007 -80.00000000000007
6.2203240394592285 30.4 -0.3999999999999986 147.66880690843308
6.23060154914856 30.4 -0.3999999999999986 -39.99999999999986
6.244555950164795 30.3 -0.3000000000000007 5.830989765756314
6.255181312561035 30.3 -0.3000000000000007 -30.00000000000007
6.266080379486084 30.3 -0.3000000000000007 -30.00000000000007
6.276144742965698 30.3 -0.3000000000000007 -30.00000000000007
6.28713321685791 30.3 -0.3000000000000007 -30.00000000000007
6.300441265106201 30.3 -0.3000000000000007 -30.00000000000007
6.311463117599487 30.3 -0.3000000000000007 -30.00000000000007
6.321483850479126 30.3 -0.3000000000000007 -30.00000000000007
6.333156585693359 29.7 0.3000000000000007 287.0091709389496
6.34393048286438 29.7 0.3000000000000007 30.00000000000007
6.3545897006988525 30.2 -0.1999999999999993 -254.53878500492073
6.37555718421936 30.2 -0.1999999999999993 -19.99999999999993
6.386580228805542 30.2 -0.1999999999999993 -19.99999999999993
6.400028467178345 30.2 -0.1999999999999993 -19.99999999999993
6.410088062286377 30.2 -0.1999999999999993 -19.99999999999993
6.420177698135376 30.2 -0.1999999999999993 -19.99999999999993
6.433096647262573 30.2 -0.1999999999999993 -19.99999999999993
6.444961071014404 29.6 0.3999999999999986 292.856781142615
6.454983949661255 29.6 0.3999999999999986 39.99999999999986
6.46509861946106 29.6 0.3999999999999986 39.99999999999986
6.475734710693359 29.4 0.6000000000000014 154.01950191656914
6.486434459686279 29.4 0.6000000000000014 60.00000000000014
6.499878168106079 29.8 0.1999999999999993 -128.7684750031044
6.510139465332031 29.8 0.1999999999999993 19.99999999999993
6.52141809463501 29.4 0.6000000000000014 237.32651249313093
6.531430959701538 29.4 0.6000000000000014 60.00000000000014
6.543209075927734 29.6 0.3999999999999986 -44.903220582580644
6.554140090942383 29.6 0.3999999999999986 39.99999999999986
6.565627336502075 30.2 -0.1999999999999993 -281.1592121375636
6.575740098953247 30.2 -0.1999999999999993 -19.99999999999993
6.5862205028533936 30.4 -0.3999999999999986 -135.41616998043537
6.598294973373413 30.4 -0.3999999999999986 -39.99999999999986
6.60938835144043 30.3 -0.3000000000000007 15.071933632787122
6.619436740875244 30.3 -0.3000000000000007 -30.00000000000007
6.630141019821167 30.3 -0.3000000000000007 -30.00000000000007
6.640215635299683 30.3 -0.3000000000000007 -30.00000000000007
6.652667760848999 30.3 -0.3000000000000007 -30.00000000000007
6.662688493728638 30.3 -0.3000000000000007 -30.00000000000007
6.6763999462127686 30.4 -0.3999999999999986 -76.465866805772
6.686618328094482 30.4 -0.3999999999999986 -39.99999999999986
6.699741363525391 30.2 -0.1999999999999993 56.2018821990478
6.7101147174835205 30.2 -0.1999999999999993 -19.99999999999993
6.72026252746582 29.7 0.3000000000000007 276.3585743486127
6.7332682609558105 29.7 0.3000000000000007 30.00000000000007
6.74346661567688 29.6 0.3999999999999986 89.02751607247106
6.756387948989868 29.6 0.3999999999999986 39.99999999999986
6.771291494369507 29.4 0.6000000000000014 127.09812829947319
6.785861492156982 29.4 0.6000000000000014 60.00000000000014
6.799732208251953 29.6 0.3999999999999986 -32.09433119048553
6.81004524230957 29.6 0.3999999999999986 39.99999999999986
6.821188688278198 29.6 0.3999999999999986 39.99999999999986
6.831273078918457 29.6 0.3999999999999986 39.99999999999986
6.84299111366272 30.4 -0.3999999999999986 -381.3541679383087
6.853841066360474 30.4 -0.3999999999999986 -39.99999999999986
6.865248680114746 30.3 -0.3000000000000007 13.830375990134215
6.875411033630371 30.3 -0.3000000000000007 -30.00000000000007
6.886029481887817 30.8 -0.8000000000000007 -315.43929766261766
6.89655065536499 30.8 -0.8000000000000007 -80.00000000000007
6.909398317337036 30.4 -0.3999999999999986 115.67034720804745
6.919374227523804 30.4 -0.3999999999999986 -39.99999999999986
6.930054664611816 30.4 -0.3999999999999986 -39.99999999999986
6.940152883529663 30.4 -0.3999999999999986 -39.99999999999986
6.9553303718566895 30.4 -0.3999999999999986 -39.99999999999986
6.9655375480651855 30.4 -0.3999999999999986 -39.99999999999986
6.976243019104004 30.3 -0.3000000000000007 16.705091087255624
6.986494302749634 30.3 -0.3000000000000007 -30.00000000000007
6.997344493865967 30.4 -0.3999999999999986 -86.08213759915509
7.00968861579895 30.4 -0.3999999999999986 -39.99999999999986
7.019749164581299 29.8 0.1999999999999993 318.1944688010985
7.030619859695435 29.8 0.1999999999999993 19.99999999999993
7.041051149368286 29.8 0.1999999999999993 19.99999999999993
7.052397012710571 29.6 0.3999999999999986 128.13784987812008
7.063366651535034 29.6 0.3999999999999986 39.99999999999986
7.074038743972778 29.6 0.3999999999999986 39.99999999999986
7.084147691726685 29.6 0.3999999999999986 39.99999999999986
7.096026420593262 29.6 0.3999999999999986 39.99999999999986
7.107837677001953 29.6 0.3999999999999986 39.99999999999986
7.1187050342559814 29.6 0.3999999999999986 39.99999999999986
7.129137992858887 29.6 0.3999999999999986 39.99999999999986
7.139788627624512 30.2 -0.1999999999999993 -301.673352435529
7.149858474731445 30.2 -0.1999999999999993 -19.99999999999993
7.162552833557129 29.7 0.3000000000000007 226.93787093381422
7.184576034545898 30.3 -0.3000000000000007 -166.2199800805443
7.195569038391113 30.3 -0.3000000000000007 -30.00000000000007
7.214444875717163 30.3 -0.3000000000000007 -30.00000000000007
7.225198745727539 30.3 -0.3000000000000007 -30.00000000000007
7.236484050750732 30.3 -0.3000000000000007 -30.00000000000007
7.246520757675171 30.3 -0.3000000000000007 -30.00000000000007
7.25798487663269 30.3 -0.3000000000000007 -30.00000000000007
7.2701170444488525 30.3 -0.3000000000000007 -30.00000000000007
7.285890102386475 30.3 -0.3000000000000007 -30.00000000000007
7.302435874938965 29.7 0.3000000000000007 211.31519640335506
7.318033218383789 29.7 0.3000000000000007 30.00000000000007
7.333325147628784 30.2 -0.1999999999999993 -183.48493116512566
7.348187208175659 29.6 0.3999999999999986 241.8562628336747
7.359776496887207 29.6 0.3999999999999986 39.99999999999986
7.370611667633057 29.6 0.3999999999999986 39.99999999999986
7.380660772323608 29.6 0.3999999999999986 39.99999999999986
7.3914806842803955 29.6 0.3999999999999986 39.99999999999986
7.403334617614746 29.6 0.3999999999999986 39.99999999999986
7.415640115737915 29.6 0.3999999999999986 39.99999999999986
7.425938129425049 29.6 0.3999999999999986 39.99999999999986
7.435939788818359 30.2 -0.1999999999999993 -319.9502264600704
7.4464943408966064 30.2 -0.1999999999999993 -19.99999999999993
7.456526041030884 30.2 -0.1999999999999993 -19.99999999999993
7.468367099761963 30.4 -0.3999999999999986 -124.4519077821399
7.478389501571655 30.4 -0.3999999999999986 -39.99999999999986
7.489201784133911 30.4 -0.3999999999999986 -39.99999999999986
7.4996936321258545 30.4 -0.3999999999999986 -39.99999999999986
7.51194167137146 30.3 -0.3000000000000007 10.822860702327176
7.52314829826355 30.3 -0.3000000000000007 -30.00000000000007
7.533818960189819 30.3 -0.3000000000000007 -30.00000000000007
7.543839931488037 30.3 -0.3000000000000007 -30.00000000000007
7.554187059402466 29.7 0.3000000000000007 319.9355284683986
7.56568717956543 29.7 0.3000000000000007 30.00000000000007
7.5879387855529785 30.2 -0.1999999999999993 -132.35144112289717
7.5998663902282715 29.7 0.3000000000000007 239.59782521787804
7.609952688217163 29.7 0.3000000000000007 30.00000000000007
7.623564958572388 29.6 0.3999999999999986 76.73156548849174
7.6336328983306885 29.6 0.3999999999999986 39.99999999999986
7.645948886871338 30.2 -0.1999999999999993 -263.58580637667603
7.656050205230713 30.2 -0.1999999999999993 -19.99999999999993
7.667375326156616 30.4 -0.3999999999999986 -128.29927790993827
7.6778953075408936 30.4 -0.3999999999999986 -39.99999999999986
7.688319444656372 30.4 -0.3999999999999986 -39.99999999999986
7.701455116271973 30.3 -0.3000000000000007 8.064288955439721
7.712456464767456 30.3 -0.3000000000000007 -30.00000000000007
7.724472761154175 30.3 -0.3000000000000007 -30.00000000000007
7.734544038772583 30.3 -0.3000000000000007 -30.00000000000007
7.74539852142334 30.3 -0.3000000000000007 -30.00000000000007
7.756215333938599 30.3 -0.3000000000000007 -30.00000000000007
7.768313884735107 30.4 -0.3999999999999986 -81.32726376982852
7.7785656452178955 30.4 -0.3999999999999986 -39.99999999999986
7.789403915405273 30.2 -0.1999999999999993 72.265645966695
7.80007791519165 30.2 -0.1999999999999993 -19.99999999999993
7.811270475387573 30.2 -0.1999999999999993 -19.99999999999993
7.8237950801849365 30.2 -0.1999999999999993 -19.99999999999993
7.834634304046631 29.6 0.3999999999999986 316.7725842993192
7.844947338104248 29.6 0.3999999999999986 39.99999999999986
7.85541033744812 29.4 0.6000000000000014 155.57488891420908
7.865535020828247 29.4 0.6000000000000014 60.00000000000014
7.877089023590088 29.4 0.6000000000000014 60.00000000000014
7.887280464172363 29.4 0.6000000000000014 60.00000000000014
7.899085283279419 29.4 0.6000000000000014 60.00000000000014
7.9091432094573975 29.4 0.6000000000000014 60.00000000000014
7.9199912548065186 29.6 0.3999999999999986 -52.18250549450694
7.931420087814331 29.6 0.3999999999999986 39.99999999999986
7.941505432128906 29.6 0.3999999999999986 39.99999999999986
7.953132629394531 30.2 -0.1999999999999993 -278.0157480314951
7.963141441345215 30.2 -0.1999999999999993 -19.99999999999993
7.978316307067871 30.4 -0.3999999999999986 -105.89844142785282
7.988561153411865 30.4 -0.3999999999999986 -39.99999999999986
8.000000715255737 30.3 -0.3000000000000007 13.707967737228316
8.010444402694702 30.3 -0.3000000000000007 -30.00000000000007
8.023305892944336 30.4 -0.3999999999999986 -78.87574381314204
8.033690452575684 30.4 -0.3999999999999986 -39.99999999999986
8.04451608657837 30.8 -0.8000000000000007 -264.7466854600724
8.054561853408813 30.8 -0.8000000000000007 -80.00000000000007
8.065791606903076 30.3 -0.3000000000000007 192.6228742489543
8.077205181121826 30.3 -0.3000000000000007 -30.00000000000007
8.08795976638794 29.7 0.3000000000000007 308.95078478318777
8.099095106124878 29.7 0.3000000000000007 30.00000000000007
8.10988450050354 30.2 -0.1999999999999993 -251.70902019710957
8.12112808227539 30.2 -0.1999999999999993 -19.99999999999993
8.13314414024353 29.6 0.3999999999999986 289.66590606956385
8.143172979354858 29.6 0.3999999999999986 39.99999999999986
8.15363097190857 29.6 0.3999999999999986 39.99999999999986
8.163690567016602 29.6 0.3999999999999986 39.99999999999986
8.174641132354736 29.6 0.3999999999999986 39.99999999999986
8.18578052520752 29.6 0.3999999999999986 39.99999999999986
8.196498155593872 29.6 0.3999999999999986 39.99999999999986
8.208675861358643 29.6 0.3999999999999986 39.99999999999986
8.226449012756348 29.6 0.3999999999999986 39.99999999999986
8.237197399139404 29.6 0.3999999999999986 39.99999999999986
8.248003482818604 29.6 0.3999999999999986 39.99999999999986
8.258224964141846 29.6 0.3999999999999986 39.99999999999986
8.269290447235107 30.4 -0.3999999999999986 -401.4844436783577
8.28198766708374 30.4 -0.3999999999999986 -39.99999999999986
8.293533325195312 30.3 -0.3000000000000007 13.306323049600465
8.303698301315308 30.3 -0.3000000000000007 -30.00000000000007
8.315133571624756 30.8 -0.8000000000000007 -298.62185434605846
8.328528881072998 30.8 -0.8000000000000007 -80.00000000000007
8.341162919998169 30.4 -0.3999999999999986 118.3025041988272
8.351245880126953 30.4 -0.3999999999999986 -39.99999999999986
8.363035917282104 30.4 -0.3999999999999986 -39.99999999999986
8.385777473449707 30.3 -0.3000000000000007 -8.013817686219546
8.396561622619629 30.3 -0.3000000000000007 -30.00000000000007
8.407505750656128 30.3 -0.3000000000000007 -30.00000000000007
8.417612075805664 30.3 -0.3000000000000007 -30.00000000000007
8.429535150527954 29.7 0.3000000000000007 281.61294966906024
8.44249939918518 29.7 0.3000000000000007 30.00000000000007
8.453081846237183 30.2 -0.1999999999999993 -256.2402559365565
8.463163375854492 30.2 -0.1999999999999993 -19.99999999999993
8.473390340805054 30.2 -0.1999999999999993 -19.99999999999993
8.485390424728394 30.2 -0.1999999999999993 -19.99999999999993
8.497127056121826 30.2 -0.1999999999999993 -19.99999999999993
8.50831937789917 30.2 -0.1999999999999993 -19.99999999999993
8.51840591430664 30.2 -0.1999999999999993 -19.99999999999993
8.529987573623657 29.6 0.3999999999999986 299.03024064886574
8.540690422058105 29.6 0.3999999999999986 39.99999999999986
8.55188512802124 29.6 0.3999999999999986 39.99999999999986
8.561941146850586 29.6 0.3999999999999986 39.99999999999986
8.573273420333862 29.4 0.6000000000000014 148.2435463171418
8.584049463272095 29.4 0.6000000000000014 60.00000000000014
8.595702886581421 29.6 0.3999999999999986 -45.811694422850096
8.606024026870728 29.6 0.3999999999999986 39.99999999999986
8.617011547088623 29.6 0.3999999999999986 39.99999999999986
8.627115964889526 29.6 0.3999999999999986 39.99999999999986
8.639100074768066 30.2 -0.1999999999999993 -270.33148313936044
8.64950704574585 30.2 -0.1999999999999993 -19.99999999999993
8.659555196762085 29.7 0.3000000000000007 278.801993118994
8.691386461257935 30.3 -0.3000000000000007 -124.24696277432432
8.70954704284668 30.3 -0.3000000000000007 -30.00000000000007
8.719725608825684 30.3 -0.3000000000000007 -30.00000000000007
8.732518434524536 30.3 -0.3000000000000007 -30.00000000000007
8.74243712425232 30.3 -0.3000000000000007 -30.00000000000007
8.755418539047241 30.3 -0.3000000000000007 -30.00000000000007
8.765483856201172 30.3 -0.3000000000000007 -30.00000000000007
8.779972314834595 30.3 -0.3000000000000007 -30.00000000000007
8.792535543441772 30.3 -0.3000000000000007 -30.00000000000007
8.805500268936157 30.3 -0.3000000000000007 -30.00000000000007
8.815586805343628 30.3 -0.3000000000000007 -30.00000000000007
8.826124668121338 30.4 -0.3999999999999986 -87.44795131111448
8.836184024810791 30.4 -0.3999999999999986 -39.99999999999986
8.847390413284302 30.4 -0.3999999999999986 -39.99999999999986
8.858578205108643 30.4 -0.3999999999999986 -39.99999999999986
8.869504451751709 29.8 0.1999999999999993 294.5682115737094
8.879569053649902 29.8 0.1999999999999993 19.99999999999993
8.889633417129517 29.6 0.3999999999999986 139.3604813682984
8.9006507396698 29.6 0.3999999999999986 39.99999999999986
8.912537574768066 29.4 0.6000000000000014 144.12668231141197
8.923439502716064 29.4 0.6000000000000014 60.00000000000014
8.933521747589111 29.4 0.6000000000000014 60.00000000000014
8.944008588790894 29.4 0.6000000000000014 60.00000000000014
8.955692291259766 29.4 0.6000000000000014 60.00000000000014
8.966493606567383 29.4 0.6000000000000014 60.00000000000014
8.976515531539917 29.4 0.6000000000000014 60.00000000000014
8.987406730651855 29.6 0.3999999999999986 -51.8172544383894
8.998292207717896 29.6 0.3999999999999986 39.99999999999986
9.01020336151123 29.7 0.3000000000000007 -11.977461518444159
9.020430564880371 29.7 0.3000000000000007 30.00000000000007
9.031903743743896 30.8 -0.8000000000000007 -559.3789119321731
9.041898012161255 30.8 -0.8000000000000007 -80.00000000000007
9.0531644821167 30.4 -0.3999999999999986 137.51789228653163
9.064062595367432 30.4 -0.3999999999999986 -39.99999999999986
9.07557988166809 32.0 -2.0 -894.6080692239227
9.085875988006592 32.0 -2.0 -200.0
9.096458196640015 32.0 -2.0 -200.0
9.108115434646606 32.0 -2.0 -200.0
9.118224859237671 32.0 -2.0 -200.0
9.128393411636353 30.3 -0.3000000000000007 805.9105275498238
9.138422966003418 30.3 -0.3000000000000007 -30.00000000000007
9.14932656288147 30.4 -0.3999999999999986 -85.85642752498084
9.161041021347046 30.4 -0.3999999999999986 -39.99999999999986
9.17658805847168 30.8 -0.8000000000000007 -208.64187458786438
9.186994314193726 30.8 -0.8000000000000007 -80.00000000000007
9.198376655578613 29.7 0.3000000000000007 513.2046249554896
9.209994316101074 29.7 0.3000000000000007 30.00000000000007
9.22103238105774 30.2 -0.1999999999999993 -246.48897336760473
9.237372159957886 29.4 0.6000000000000014 304.80135407243154
9.248534679412842 29.4 0.6000000000000014 60.00000000000014
9.261119604110718 28.8 1.1999999999999993 358.3804489911898
9.271984577178955 28.8 1.1999999999999993 119.99999999999993
9.282442808151245 28.6 1.3999999999999986 235.61846574717836
9.295737981796265 28.6 1.3999999999999986 139.99999999999986
9.30639934539795 28.6 1.3999999999999986 139.99999999999986
9.317837953567505 28.6 1.3999999999999986 139.99999999999986
9.328957319259644 28.6 1.3999999999999986 139.99999999999986
9.338956832885742 28.6 1.3999999999999986 139.99999999999986
9.353088855743408 29.4 0.6000000000000014 -223.04511252825742
9.368523359298706 29.4 0.6000000000000014 60.00000000000014
9.383970499038696 30.2 -0.1999999999999993 -278.9476153727429
9.399364948272705 30.3 -0.3000000000000007 -62.479239263424155
9.415215730667114 30.3 -0.3000000000000007 -30.00000000000007
9.425660610198975 32.0 -2.0 -1013.7958866899493
9.435656547546387 32.0 -2.0 -200.0
9.446205615997314 30.8 -0.8000000000000007 488.7706007322692
9.456258535385132 30.8 -0.8000000000000007 -80.00000000000007
9.46809434890747 30.8 -0.8000000000000007 -80.00000000000007
9.478215456008911 30.8 -0.8000000000000007 -80.00000000000007
9.488354206085205 30.8 -0.8000000000000007 -80.00000000000007
9.499966621398926 30.8 -0.8000000000000007 -80.00000000000007
9.510236501693726 30.8 -0.8000000000000007 -80.00000000000007
9.522470712661743 30.8 -0.8000000000000007 -80.00000000000007
9.532440662384033 30.8 -0.8000000000000007 -80.00000000000007
9.543399333953857 32.0 -2.0 -747.5116177878336
9.553353786468506 32.0 -2.0 -200.0
9.565458536148071 30.4 -0.3999999999999986 620.897599023065
9.586614608764648 29.7 0.3000000000000007 195.4371330365695
9.597933053970337 29.7 0.3000000000000007 30.00000000000007
9.609203577041626 29.6 0.3999999999999986 84.36351328481868
9.619953393936157 29.6 0.3999999999999986 39.99999999999986
9.631062507629395 28.9 1.1000000000000014 425.05663697821797
9.643269777297974 28.9 1.1000000000000014 110.00000000000014
9.653733253479004 28.8 1.1999999999999993 167.78526670768
9.663730144500732 28.8 1.1999999999999993 119.99999999999993
9.67611837387085 28.8 1.1999999999999993 119.99999999999993
9.68628215789795 28.8 1.1999999999999993 119.99999999999993
9.698621034622192 29.4 0.6000000000000014 -183.13396324850632
9.708948612213135 29.4 0.6000000000000014 60.00000000000014
9.719957113265991 29.7 0.3000000000000007 -106.25833279189162
9.73049807548523 29.7 0.3000000000000007 30.00000000000007
9.740694999694824 29.7 0.3000000000000007 30.00000000000007
9.752457618713379 29.7 0.3000000000000007 30.00000000000007
9.763545513153076 29.7 0.3000000000000007 30.00000000000007
9.775907516479492 30.4 -0.3999999999999986 -323.1256316297006
9.785930633544922 30.4 -0.3999999999999986 -39.99999999999986
9.797430038452148 32.0 -2.0 -895.6881738265058
9.807595014572144 32.0 -2.0 -200.0
9.81815505027771 30.3 -0.3000000000000007 774.9215208163997
9.829212427139282 30.3 -0.3000000000000007 -30.00000000000007
9.839945554733276 30.3 -0.3000000000000007 -30.00000000000007
9.849973678588867 30.3 -0.3000000000000007 -30.00000000000007
9.860937356948853 30.3 -0.3000000000000007 -30.00000000000007
9.8732430934906 30.3 -0.3000000000000007 -30.00000000000007
9.883601188659668 32.0 -2.0 -1020.6142018644259
9.894607543945312 32.0 -2.0 -200.0
9.904233932495117 32.0 -2.0 -200.0
9.91525673866272 32.0 -2.0 -200.0
9.92602014541626 32.0 -2.0 -200.0
9.936405897140503 30.4 -0.3999999999999986 730.2860815867413
9.946449041366577 30.4 -0.3999999999999986 -39.99999999999986
9.959770679473877 32.0 -2.0 -800.52674720358
9.969635725021362 32.0 -2.0 -200.0
9.986069679260254 30.2 -0.1999999999999993 527.6466509016528
9.997018575668335 29.6 0.3999999999999986 314.0002177558075
10.007840633392334 29.6 0.3999999999999986 39.99999999999986
10.018117189407349 29.6 0.3999999999999986 39.99999999999986
10.0297532081604 28.8 1.1999999999999993 463.7601885052764
10.039776086807251 28.8 1.1999999999999993 119.99999999999993
10.05049204826355 28.1 1.8999999999999986 516.615583144217
10.060601472854614 28.1 1.8999999999999986 189.99999999999986
10.07120656967163 28.1 1.8999999999999986 189.99999999999986
10.083500623703003 28.1 1.8999999999999986 189.99999999999986
10.09500241279602 28.1 1.8999999999999986 189.99999999999986
10.105226993560791 28.1 1.8999999999999986 189.99999999999986
10.115916967391968 28.6 1.3999999999999986 -93.86399625309468
10.127031087875366 28.6 1.3999999999999986 139.99999999999986
10.137836456298828 29.4 0.6000000000000014 -310.1863595242809
10.148000717163086 29.4 0.6000000000000014 60.00000000000014
10.159415006637573 30.2 -0.1999999999999993 -370.4379321148827
10.169654130935669 30.2 -0.1999999999999993 -19.99999999999993
10.182594299316406 30.3 -0.3000000000000007 -68.63937356057178
10.192935705184937 30.3 -0.3000000000000007 -30.00000000000007
10.204163551330566 30.3 -0.3000000000000007 -30.00000000000007
10.2158043384552 30.3 -0.3000000000000007 -30.00000000000007
10.227264642715454 30.3 -0.3000000000000007 -30.00000000000007
10.237266778945923 30.3 -0.3000000000000007 -30.00000000000007
10.253411293029785 30.3 -0.3000000000000007 -30.00000000000007
10.264159440994263 30.3 -0.3000000000000007 -30.00000000000007
10.275097846984863 32.0 -2.0 -977.0784890690727
10.286375284194946 32.0 -2.0 -200.0
10.297477722167969 30.4 -0.3999999999999986 680.5624583932835
10.309224367141724 30.4 -0.3999999999999986 -39.99999999999986
10.319840669631958 30.3 -0.3000000000000007 17.097376931367947
10.331186294555664 30.3 -0.3000000000000007 -30.00000000000007
10.342477083206177 29.7 0.3000000000000007 295.7033173554075
10.352666139602661 29.7 0.3000000000000007 30.00000000000007
10.362978458404541 30.2 -0.1999999999999993 -262.4285020692206
10.375220775604248 30.2 -0.1999999999999993 -19.99999999999993
10.398667573928833 30.2 -0.1999999999999993 -19.99999999999993
10.409348011016846 30.2 -0.1999999999999993 -19.99999999999993
10.42015027999878 30.2 -0.1999999999999993 -19.99999999999993
10.431313276290894 30.2 -0.1999999999999993 -19.99999999999993
10.442947626113892 30.2 -0.1999999999999993 -19.99999999999993
10.454005241394043 30.2 -0.1999999999999993 -19.99999999999993
10.465384483337402 29.6 0.3999999999999986 303.637948374119
10.475502729415894 29.6 0.3999999999999986 39.99999999999986
10.487754344940186 29.4 0.6000000000000014 141.6218888045628
10.498953819274902 29.4 0.6000000000000014 60.00000000000014
10.510708570480347 29.8 0.1999999999999993 -150.143966898567
10.520987272262573 29.8 0.1999999999999993 19.99999999999993
10.533754348754883 29.4 0.6000000000000014 216.65293469532676
10.543814897537231 29.4 0.6000000000000014 60.00000000000014
10.554973602294922 29.4 0.6000000000000014 60.00000000000014
10.565009832382202 29.4 0.6000000000000014 60.00000000000014
10.575331687927246 29.6 0.3999999999999986 -56.88180537269457
10.586377382278442 29.6 0.3999999999999986 39.99999999999986
10.598300457000732 30.2 -0.1999999999999993 -271.6129496690586
10.60840630531311 30.2 -0.1999999999999993 -19.99999999999993
10.619288444519043 29.7 0.3000000000000007 259.73424183335896
10.62935996055603 29.7 0.3000000000000007 30.00000000000007
10.640202760696411 30.3 -0.3000000000000007 -306.681296451032
10.651153087615967 30.3 -0.3000000000000007 -30.00000000000007
10.66118836402893 30.3 -0.3000000000000007 -30.00000000000007
10.672572374343872 30.3 -0.3000000000000007 -30.00000000000007
10.683691024780273 30.3 -0.3000000000000007 -30.00000000000007
10.69586181640625 30.3 -0.3000000000000007 -30.00000000000007
10.706018447875977 30.3 -0.3000000000000007 -30.00000000000007
10.716620206832886 30.3 -0.3000000000000007 -30.00000000000007
10.726576328277588 30.3 -0.3000000000000007 -30.00000000000007
10.738391876220703 30.3 -0.3000000000000007 -30.00000000000007
10.748507261276245 30.3 -0.3000000000000007 -30.00000000000007
10.76104474067688 30.3 -0.3000000000000007 -30.00000000000007
10.771216869354248 30.3 -0.3000000000000007 -30.00000000000007
10.79578423500061 29.7 0.3000000000000007 152.1132148714618
10.806443929672241 30.2 -0.1999999999999993 -254.52829344665616
10.81647777557373 30.2 -0.1999999999999993 -19.99999999999993
10.827531099319458 29.6 0.3999999999999986 311.4115743836403
10.838695526123047 29.6 0.3999999999999986 39.99999999999986
10.85066533088684 29.6 0.3999999999999986 39.99999999999986
10.860949993133545 29.6 0.3999999999999986 39.99999999999986
10.871010780334473 29.6 0.3999999999999986 39.99999999999986
10.881330966949463 29.6 0.3999999999999986 39.99999999999986
10.894068002700806 29.6 0.3999999999999986 39.99999999999986
10.906668186187744 29.6 0.3999999999999986 39.99999999999986
10.917320251464844 29.6 0.3999999999999986 39.99999999999986
10.928130865097046 29.6 0.3999999999999986 39.99999999999986
10.939620018005371 30.2 -0.1999999999999993 -281.1158563157557
10.95060396194458 30.2 -0.1999999999999993 -19.99999999999993
10.960685729980469 30.2 -0.1999999999999993 -19.99999999999993
10.971900701522827 29.7 0.3000000000000007 252.9163034928464
10.981933832168579 29.7 0.3000000000000007 30.00000000000007
10.995098352432251 30.3 -0.3000000000000007 -257.88525065198553
11.00574803352356 30.3 -0.3000000000000007 -30.00000000000007
11.016304731369019 30.3 -0.3000000000000007 -30.00000000000007
11.02629804611206 30.3 -0.3000000000000007 -30.00000000000007
11.03715991973877 30.3 -0.3000000000000007 -30.00000000000007
11.048314809799194 30.3 -0.3000000000000007 -30.00000000000007
11.059297800064087 30.3 -0.3000000000000007 -30.00000000000007
11.069506406784058 30.3 -0.3000000000000007 -30.00000000000007
11.080118417739868 30.3 -0.3000000000000007 -30.00000000000007
11.091375589370728 30.3 -0.3000000000000007 -30.00000000000007
11.10366177558899 30.3 -0.3000000000000007 -30.00000000000007
11.113680839538574 30.3 -0.3000000000000007 -30.00000000000007
11.123740196228027 29.7 0.3000000000000007 328.22980659840806
11.135087490081787 29.7 0.3000000000000007 30.00000000000007
11.14600682258606 29.7 0.3000000000000007 30.00000000000007
11.156485080718994 30.2 -0.1999999999999993 -258.58927393114743
11.166528701782227 30.2 -0.1999999999999993 -19.99999999999993
11.177080869674683 30.2 -0.1999999999999993 -19.99999999999993
11.199168682098389 30.2 -0.1999999999999993 -19.99999999999993
11.209637641906738 30.2 -0.1999999999999993 -19.99999999999993
11.220179796218872 30.2 -0.1999999999999993 -19.99999999999993
11.23025131225586 30.2 -0.1999999999999993 -19.99999999999993
11.24032211303711 30.2 -0.1999999999999993 -19.99999999999993
11.25306487083435 30.2 -0.1999999999999993 -19.99999999999993
11.26301884651184 29.7 0.3000000000000007 281.15592814371263
11.279462575912476 29.7 0.3000000000000007 30.00000000000007
11.290096998214722 29.6 0.3999999999999986 87.01712850865279
11.303010702133179 29.6 0.3999999999999986 39.99999999999986
11.314124822616577 29.6 0.3999999999999986 39.99999999999986
11.325922966003418 29.6 0.3999999999999986 39.99999999999986
11.336541652679443 29.6 0.3999999999999986 39.99999999999986
11.347712516784668 29.6 0.3999999999999986 39.99999999999986
11.358476400375366 29.6 0.3999999999999986 39.99999999999986
11.369077682495117 29.6 0.3999999999999986 39.99999999999986
11.381128311157227 30.2 -0.1999999999999993 -268.94966761633333
11.3912193775177 30.2 -0.1999999999999993 -19.99999999999993
11.40402340888977 30.3 -0.3000000000000007 -69.05020110233937
11.414708375930786 30.3 -0.3000000000000007 -30.00000000000007
11.42613959312439 30.4 -0.3999999999999986 -83.73987402494365
11.439539670944214 30.4 -0.3999999999999986 -39.99999999999986
11.456110954284668 30.4 -0.3999999999999986 -39.99999999999986
11.469406127929688 30.4 -0.3999999999999986 -39.99999999999986
11.484665632247925 30.4 -0.3999999999999986 -39.99999999999986
11.505321502685547 30.6 -0.6000000000000014 -108.41238731719787
11.516064167022705 30.6 -0.6000000000000014 -60.00000000000014
11.527028322219849 30.4 -0.3999999999999986 51.206297431884366
11.537208795547485 30.4 -0.3999999999999986 -39.99999999999986
11.549447536468506 30.2 -0.1999999999999993 61.70775134903451
11.559616088867188 30.2 -0.1999999999999993 -19.99999999999993
11.570199966430664 29.4 0.6000000000000014 437.93332131915713
11.586015462875366 28.9 1.1000000000000014 268.0728122408986
11.605929613113403 28.9 1.1000000000000014 110.00000000000014
11.617172956466675 28.8 1.1999999999999993 164.47075787777158
11.627204179763794 28.8 1.1999999999999993 119.99999999999993
11.638006448745728 28.9 1.1000000000000014 63.713428092170275
11.649629354476929 28.9 1.1000000000000014 110.00000000000014
11.66130018234253 29.4 0.6000000000000014 -154.20931135216836
11.671507358551025 29.4 0.6000000000000014 60.00000000000014
11.684211730957031 30.2 -0.1999999999999993 -334.85223135532806
11.695489645004272 30.2 -0.1999999999999993 -19.99999999999993
11.708181619644165 30.3 -0.3000000000000007 -69.39497313746917
11.719318151473999 30.3 -0.3000000000000007 -30.00000000000007
11.730164527893066 32.0 -2.0 -983.6718616050819
11.740144968032837 32.0 -2.0 -200.0
11.750965595245361 30.8 -0.8000000000000007 474.4965076567144
11.763466358184814 30.8 -0.8000000000000007 -80.00000000000007
11.77401852607727 30.8 -0.8000000000000007 -80.00000000000007
11.784090280532837 30.8 -0.8000000000000007 -80.00000000000007
11.79604196548462 30.8 -0.8000000000000007 -80.00000000000007
11.806973457336426 30.8 -0.8000000000000007 -80.00000000000007
11.817511081695557 32.2 -2.200000000000003 -884.2863477985443
11.828388929367065 32.2 -2.200000000000003 -220.00000000000028
11.838416337966919 32.2 -2.200000000000003 -220.00000000000028
11.849472522735596 32.2 -2.200000000000003 -220.00000000000028
11.86046576499939 32.2 -2.200000000000003 -220.00000000000028
11.871176719665527 30.3 -0.3000000000000007 856.9424151363393
11.881230115890503 30.3 -0.3000000000000007 -30.00000000000007
11.893568992614746 30.2 -0.1999999999999993 20.5223272080852
11.903860807418823 30.2 -0.1999999999999993 -19.99999999999993
11.915935754776001 29.8 0.1999999999999993 185.6321920783471
11.92634129524231 29.8 0.1999999999999993 19.99999999999993
11.937325239181519 29.0 1.0 464.1679183850665
11.947224617004395 29.0 1.0 100.0
11.958508729934692 28.1 1.8999999999999986 588.7907625345974
11.968671798706055 28.1 1.8999999999999986 189.99999999999986
11.979722499847412 28.2 1.8000000000000007 134.75400215749832
11.995384454727173 28.2 1.8000000000000007 180.00000000000006
12.007171154022217 27.8 2.1999999999999993 389.6827881950759
12.017340660095215 27.8 2.1999999999999993 219.99999999999994
12.028622150421143 28.8 1.1999999999999993 -323.20385476985507
12.03868842124939 28.8 1.1999999999999993 119.99999999999993
12.049802303314209 28.9 1.1000000000000014 65.01121956451897
12.060688495635986 28.9 1.1000000000000014 110.00000000000014
12.071412086486816 30.2 -0.1999999999999993 -626.1402463426566
12.081422805786133 30.2 -0.1999999999999993 -19.99999999999993
12.093147277832031 30.3 -0.3000000000000007 -72.64584350089542
12.103605031967163 30.3 -0.3000000000000007 -30.00000000000007
12.1157066822052 32.0 -2.0 -902.3835454509631
12.126037359237671 32.0 -2.0 -200.0
12.135901689529419 32.0 -2.0 -200.0
12.146379947662354 30.4 -0.3999999999999986 723.4856765796726
12.156422138214111 30.4 -0.3999999999999986 -39.99999999999986
12.1683189868927 30.8 -0.8000000000000007 -248.1117457263682
12.178375720977783 30.8 -0.8000000000000007 -80.00000000000007
12.189168214797974 30.8 -0.8000000000000007 -80.00000000000007
12.199631690979004 30.8 -0.8000000000000007 -80.00000000000007
12.211905717849731 30.4 -0.3999999999999986 122.94570812532879
12.223604917526245 30.4 -0.3999999999999986 -39.99999999999986
12.235121488571167 32.0 -2.0 -894.6512090096064
12.244707822799683 32.0 -2.0 -200.0
12.255473613739014 30.4 -0.3999999999999986 703.0944967334744
12.26650333404541 30.4 -0.3999999999999986 -39.99999999999986
12.277209281921387 30.3 -0.3000000000000007 16.703010867627654
12.294096946716309 30.3 -0.3000000000000007 -30.00000000000007
12.305461645126343 30.4 -0.3999999999999986 -83.9958881406413
12.316382884979248 30.4 -0.3999999999999986 -39.99999999999986
12.327327013015747 29.6 0.3999999999999986 405.49280003485467
12.338563680648804 29.6 0.3999999999999986 39.99999999999986
12.349797010421753 29.6 0.3999999999999986 39.99999999999986
12.359899759292603 29.6 0.3999999999999986 39.99999999999986
12.372438669204712 29.8 0.1999999999999993 -59.75174931548503
12.387305498123169 29.8 0.1999999999999993 19.99999999999993
12.406564235687256 29.8 0.1999999999999993 19.99999999999993
12.418524742126465 29.8 0.1999999999999993 19.99999999999993
12.428611755371094 29.8 0.1999999999999993 19.99999999999993
12.439860105514526 29.8 0.1999999999999993 19.99999999999993
12.450132846832275 29.8 0.1999999999999993 19.99999999999993
12.460210800170898 29.8 0.1999999999999993 19.99999999999993
12.47261381149292 29.8 0.1999999999999993 19.99999999999993
12.4826078414917 29.8 0.1999999999999993 19.99999999999993
12.493856430053711 29.8 0.1999999999999993 19.99999999999993
12.504138946533203 29.8 0.1999999999999993 19.99999999999993
12.516262769699097 29.8 0.1999999999999993 19.99999999999993
12.526315689086914 29.8 0.1999999999999993 19.99999999999993
12.537893056869507 29.8 0.1999999999999993 19.99999999999993
12.548033952713013 29.8 0.1999999999999993 19.99999999999993
12.55920696258545 29.8 0.1999999999999993 19.99999999999993
12.570054769515991 29.8 0.1999999999999993 19.99999999999993
12.580937147140503 29.6 0.3999999999999986 131.8916834633244
12.59360957145691 29.6 0.3999999999999986 39.99999999999986
12.604551792144775 29.6 0.3999999999999986 39.99999999999986
12.614591836929321 29.6 0.3999999999999986 39.99999999999986
12.626437187194824 30.2 -0.1999999999999993 -273.26393333735786
12.637138366699219 30.2 -0.1999999999999993 -19.99999999999993
12.64920711517334 29.7 0.3000000000000007 237.1465823785066
12.659272193908691 29.7 0.3000000000000007 30.00000000000007
12.670928239822388 30.3 -0.3000000000000007 -287.37716050645406
12.681034803390503 30.3 -0.3000000000000007 -30.00000000000007
12.69127106666565 30.4 -0.3999999999999986 -88.84594959705476
12.703410387039185 30.4 -0.3999999999999986 -39.99999999999986
12.713679313659668 30.8 -0.8000000000000007 -274.762322676512
12.725513458251953 30.8 -0.8000000000000007 -80.00000000000007
12.73566460609436 30.8 -0.8000000000000007 -80.00000000000007
12.746622800827026 30.4 -0.3999999999999986 142.51181410730717
12.758188962936401 30.4 -0.3999999999999986 -39.99999999999986
12.769829511642456 30.8 -0.8000000000000007 -251.8132066196962
12.779891967773438 30.8 -0.8000000000000007 -80.00000000000007
12.803487539291382 30.3 -0.3000000000000007 75.9520850384471
12.815015077590942 30.4 -0.3999999999999986 -83.37439503619335
12.826084852218628 30.4 -0.3999999999999986 -39.99999999999986
12.836499214172363 29.6 0.3999999999999986 424.0849797394734
12.848401546478271 29.6 0.3999999999999986 39.99999999999986
12.859500646591187 30.2 -0.1999999999999993 -290.29218310312876
12.87053894996643 30.2 -0.1999999999999993 -19.99999999999993
12.881323099136353 28.6 1.3999999999999986 881.8295012380604
12.892069578170776 28.6 1.3999999999999986 139.99999999999986
12.903771162033081 29.4 0.6000000000000014 -281.8340668296645
12.915316581726074 29.4 0.6000000000000014 60.00000000000014
12.926992654800415 28.1 1.8999999999999986 746.6940150695268
12.93708348274231 28.1 1.8999999999999986 189.99999999999986
12.94820761680603 28.8 1.1999999999999993 -194.63123151442386
12.958322763442993 28.8 1.1999999999999993 119.99999999999993
12.96924614906311 29.0 1.0 8.453291426576186
12.97993516921997 29.0 1.0 100.0
12.990022897720337 29.0 1.0 100.0
13.001923084259033 29.0 1.0 100.0
13.011446714401245 29.0 1.0 100.0
13.023492097854614 28.9 1.1000000000000014 151.50967895174452
13.033545732498169 28.9 1.1000000000000014 110.00000000000014
13.044193506240845 29.6 0.3999999999999986 -288.7072100313494
13.055305242538452 29.6 0.3999999999999986 39.99999999999986
13.06838607788086 30.4 -0.3999999999999986 -345.7908684953966
13.079571962356567 30.4 -0.3999999999999986 -39.99999999999986
13.090514183044434 32.0 -2.0 -931.1130188473696
13.101182460784912 32.0 -2.0 -200.0
13.112418174743652 30.8 -0.8000000000000007 454.0114586427871
13.122443199157715 30.8 -0.8000000000000007 -80.00000000000007
13.134432554244995 32.0 -2.0 -700.4439318312882
13.144229650497437 32.0 -2.0 -200.0
13.155559539794922 32.2 -2.200000000000003 -308.26211569622006
13.165777206420898 32.2 -2.200000000000003 -220.00000000000028
13.177326679229736 32.2 -2.200000000000003 -220.00000000000028
13.199537515640259 32.2 -2.200000000000003 -220.00000000000028
13.209651708602905 32.2 -2.200000000000003 -220.00000000000028
13.21971869468689 32.2 -2.200000000000003 -220.00000000000028
13.231314420700073 32.1 -2.1000000000000014 -166.88066452833243
13.241321563720703 32.1 -2.1000000000000014 -210.00000000000014
13.255321502685547 32.0 -2.0 -164.28555858310574
13.265279769897461 32.0 -2.0 -200.0
13.276525259017944 30.8 -0.8000000000000007 453.5472682171854
13.28702974319458 30.8 -0.8000000000000007 -80.00000000000007
13.304962873458862 30.4 -0.3999999999999986 71.52542643285501
13.317068338394165 29.8 0.1999999999999993 267.82195611927267
13.328203678131104 29.8 0.1999999999999993 19.99999999999993
13.339266300201416 29.0 1.0 461.5779310344831
13.349404573440552 29.0 1.0 100.0
13.360142469406128 28.2 1.8000000000000007 552.512456148142
13.370231866836548 28.2 1.8000000000000007 180.00000000000006
13.382481575012207 28.1 1.8999999999999986 230.81729889643526
13.39313793182373 28.1 1.8999999999999986 189.99999999999986
13.403151512145996 28.0 2.0 249.93219047619118
13.413869380950928 28.0 2.0 200.0
13.423712968826294 28.0 2.0 200.0
13.435497283935547 28.2 1.8000000000000007 95.14144091286175
13.44565200805664 28.2 1.8000000000000007 180.00000000000006
13.456416845321655 29.0 1.0 -271.5801643374458
13.466444969177246 29.0 1.0 100.0
13.47669267654419 29.7 0.3000000000000007 -311.5398073612206
13.488097190856934 29.7 0.3000000000000007 30.00000000000007
13.499936819076538 30.4 -0.3999999999999986 -335.61739060391835
13.513341426849365 30.4 -0.3999999999999986 -39.99999999999986
13.527616739273071 32.0 -2.0 -760.4080501043846
13.544223070144653 30.8 -0.8000000000000007 281.3079882846147
13.558330297470093 30.8 -0.8000000000000007 -80.00000000000007
13.572960376739502 32.0 -2.0 -610.1139774782848
13.583709716796875 32.0 -2.0 -200.0
13.606093168258667 32.0 -2.0 -200.0
13.616483211517334 32.1 -2.1000000000000014 -258.12299502053827
13.626498937606812 32.1 -2.1000000000000014 -210.00000000000014
13.638288974761963 32.2 -2.200000000000003 -262.4086873875158
13.649761199951172 32.2 -2.200000000000003 -220.00000000000028
13.661321878433228 30.8 -0.8000000000000007 525.500793994515
13.688406229019165 32.0 -2.0 -421.53014084507026
13.706412076950073 30.3 -0.3000000000000007 442.0688541087363
13.717216968536377 30.3 -0.3000000000000007 -30.00000000000007
13.728219270706177 30.4 -0.3999999999999986 -85.44503434676032
13.738391160964966 30.4 -0.3999999999999986 -39.99999999999986
13.750169038772583 29.6 0.3999999999999986 379.61975708501893
13.761401653289795 29.6 0.3999999999999986 39.99999999999986
13.773279666900635 29.6 0.3999999999999986 39.99999999999986
13.783382654190063 29.6 0.3999999999999986 39.99999999999986
13.794211864471436 29.0 1.0 377.02851104114905
13.806177377700806 29.0 1.0 100.0
13.816141128540039 29.0 1.0 100.0
13.826695680618286 29.0 1.0 100.0
13.836565256118774 29.0 1.0 100.0
13.847126007080078 28.9 1.1000000000000014 157.3451179591384
13.85823917388916 28.9 1.1000000000000014 110.00000000000014
13.86942195892334 29.8 0.1999999999999993 -382.404229916426
13.879370212554932 29.8 0.1999999999999993 19.99999999999993
13.8901846408844 30.2 -0.1999999999999993 -204.93811591966238
13.902608394622803 30.2 -0.1999999999999993 -19.99999999999993
13.913200616836548 30.3 -0.3000000000000007 -77.20444774574094
13.923308610916138 30.3 -0.3000000000000007 -30.00000000000007
13.934195756912231 32.0 -2.0 -980.7372109320249
13.944675207138062 32.0 -2.0 -200.0
13.955509662628174 30.8 -0.8000000000000007 473.78879035274923
13.966012001037598 30.8 -0.8000000000000007 -80.00000000000007
13.976517915725708 30.8 -0.8000000000000007 -80.00000000000007
13.990514516830444 30.8 -0.8000000000000007 -80.00000000000007
14.011326789855957 30.8 -0.8000000000000007 -80.00000000000007
14.021496772766113 30.8 -0.8000000000000007 -80.00000000000007
14.03328275680542 30.8 -0.8000000000000007 -80.00000000000007
14.043333292007446 30.8 -0.8000000000000007 -80.00000000000007
14.055489540100098 32.0 -2.0 -693.5733422244882
14.066303014755249 32.0 -2.0 -200.0
14.077046871185303 32.2 -2.200000000000003 -313.0764485276185
14.087074518203735 32.2 -2.200000000000003 -220.00000000000028
14.107944250106812 32.0 -2.0 -152.08371604176594
14.119972705841064 30.3 -0.3000000000000007 676.6576281936925
14.130331993103027 30.3 -0.3000000000000007 -30.00000000000007
14.14065670967102 30.3 -0.3000000000000007 -30.00000000000007
14.15136170387268 30.3 -0.3000000000000007 -30.00000000000007
14.16313648223877 29.4 0.6000000000000014 442.17279850973034
14.173969268798828 29.4 0.6000000000000014 60.00000000000014
14.184037685394287 29.4 0.6000000000000014 60.00000000000014
14.19579005241394 28.1 1.8999999999999986 743.0800722212065
14.206525802612305 28.1 1.8999999999999986 189.99999999999986
14.217244386672974 27.8 2.1999999999999993 359.943857463799
14.227231502532959 27.8 2.1999999999999993 219.99999999999994
14.237746000289917 27.7 2.3000000000000007 277.5533888120458
14.248112916946411 27.7 2.3000000000000007 230.00000000000006
14.259766340255737 27.8 2.1999999999999993 177.09415278857497
14.269760370254517 27.8 2.1999999999999993 219.99999999999994
14.28120470046997 28.6 1.3999999999999986 -209.51805170725655
14.291192293167114 28.6 1.3999999999999986 139.99999999999986
14.303129196166992 29.0 1.0 -67.54764615415283
14.31866455078125 29.0 1.0 100.0
14.330104112625122 29.7 0.3000000000000007 -275.9557741606049
14.34018087387085 29.7 0.3000000000000007 30.00000000000007
14.351239442825317 30.2 -0.1999999999999993 -246.06903391328711
14.363308429718018 30.2 -0.1999999999999993 -19.99999999999993
14.375492095947266 30.3 -0.3000000000000007 -71.03855035028047
14.38595175743103 30.3 -0.3000000000000007 -30.00000000000007
14.401507139205933 30.3 -0.3000000000000007 -30.00000000000007
14.413575172424316 30.4 -0.3999999999999986 -81.43177193432933
14.424108266830444 30.4 -0.3999999999999986 -39.99999999999986
14.435687780380249 30.4 -0.3999999999999986 -39.99999999999986
14.44647741317749 30.3 -0.3000000000000007 16.340780024305644
14.45655107498169 30.3 -0.3000000000000007 -30.00000000000007
14.468204021453857 32.0 -2.0 -929.4292495294211
14.478219509124756 32.0 -2.0 -200.0
14.48955512046814 30.4 -0.3999999999999986 665.7404984751295
14.50005292892456 30.4 -0.3999999999999986 -39.99999999999986
14.51260495185852 30.2 -0.1999999999999993 59.66843314908711
14.5226149559021 30.2 -0.1999999999999993 -19.99999999999993
14.533528089523315 29.7 0.3000000000000007 259.08177309767774
14.543644666671753 29.7 0.3000000000000007 30.00000000000007
14.55451250076294 29.8 0.1999999999999993 -26.00732729307051
14.565855741500854 29.8 0.1999999999999993 19.99999999999993
14.576939821243286 30.2 -0.1999999999999993 -200.4389761238969
14.587421417236328 30.2 -0.1999999999999993 -19.99999999999993
14.59836721420288 30.2 -0.1999999999999993 -19.99999999999993
14.610018491744995 30.2 -0.1999999999999993 -19.99999999999993
14.620145082473755 30.2 -0.1999999999999993 -19.99999999999993
14.630640029907227 30.2 -0.1999999999999993 -19.99999999999993
14.640688180923462 30.2 -0.1999999999999993 -19.99999999999993
14.651495933532715 30.2 -0.1999999999999993 -19.99999999999993
14.663344860076904 30.2 -0.1999999999999993 -19.99999999999993
14.674083709716797 30.2 -0.1999999999999993 -19.99999999999993
14.685089826583862 30.2 -0.1999999999999993 -19.99999999999993
14.696285963058472 29.6 0.3999999999999986 307.94957410562074
14.706540584564209 29.6 0.3999999999999986 39.99999999999986
14.718218326568604 29.6 0.3999999999999986 39.99999999999986
