0 0
0.0002899169921875 96.2 -66.2 -794.4000000000001
0.0328373908996582 95.5 -65.5 -786.0
0.04219651222229004 95.5 -65.5 -786.0
0.05230259895324707 95.5 -65.5 -786.0
0.06292104721069336 95.5 -65.5 -786.0
0.0731194019317627 96.2 -66.2 -794.4000000000001
0.08265852928161621 96.2 -66.2 -794.4000000000001
0.09224915504455566 96.2 -66.2 -794.4000000000001
0.10380792617797852 95.5 -65.5 -786.0
0.11401128768920898 95.5 -65.5 -786.0
0.12418246269226074 95.5 -65.5 -786.0
0.13332271575927734 95.5 -65.5 -786.0
0.14272141456604004 95.5 -65.5 -786.0
0.15284037590026855 95.6 -65.6 -787.1999999999999
0.16327357292175293 95.6 -65.6 -787.1999999999999
0.17271089553833008 95.6 -65.6 -787.1999999999999
0.18272161483764648 96.4 -66.4 -796.8000000000001
0.19216227531433105 96.4 -66.4 -796.8000000000001
0.20456600189208984 96.4 -66.4 -796.8000000000001
0.2151477336883545 96.4 -66.4 -796.8000000000001
0.22464275360107422 96.4 -66.4 -796.8000000000001
0.23469281196594238 96.4 -66.4 -796.8000000000001
0.24418210983276367 96.4 -66.4 -796.8000000000001
0.2541327476501465 96.0 -66.0 -792.0
0.2642946243286133 96.0 -66.0 -792.0
0.2739074230194092 96.0 -66.0 -792.0
0.2837991714477539 95.5 -65.5 -786.0
0.2930326461791992 95.5 -65.5 -786.0
0.30399370193481445 95.5 -65.5 -786.0
0.3146684169769287 94.1 -64.1 -769.1999999999999
0.32424044609069824 94.1 -64.1 -769.1999999999999
0.33736133575439453 94.3 -64.3 -771.5999999999999
0.36862921714782715 91.5 -61.5 -738.0
0.38185739517211914 91.7 -61.7 -740.4000000000001
0.39673614501953125 91.7 -61.7 -740.4000000000001
0.41416025161743164 92.5 -62.5 -750.0
0.4293332099914551 92.5 -62.5 -750.0
0.43891406059265137 91.7 -61.7 -740.4000000000001
0.4485487937927246 91.7 -61.7 -740.4000000000001
0.4582850933074951 91.7 -61.7 -740.4000000000001
0.46891355514526367 90.1 -60.099999999999994 -721.1999999999999
0.48007845878601074 90.1 -60.099999999999994 -721.1999999999999
0.4903295040130615 87.3 -57.3 -687.5999999999999
0.5004398822784424 87.3 -57.3 -687.5999999999999
0.5106239318847656 87.3 -57.3 -687.5999999999999
0.5214090347290039 89.9 -59.900000000000006 -718.8000000000001
0.5309820175170898 89.9 -59.900000000000006 -718.8000000000001
0.5411863327026367 89.5 -59.5 -714.0
0.5507094860076904 89.5 -59.5 -714.0
0.5602340698242188 89.5 -59.5 -714.0
0.5710561275482178 84.7 -54.7 -656.4000000000001
0.5806069374084473 84.7 -54.7 -656.4000000000001
0.5901174545288086 84.7 -54.7 -656.4000000000001
0.6008658409118652 83.1 -53.099999999999994 -637.1999999999999
0.6107776165008545 83.1 -53.099999999999994 -637.1999999999999
0.6218852996826172 84.1 -54.099999999999994 -649.1999999999999
0.6313421726226807 84.1 -54.099999999999994 -649.1999999999999
0.6409976482391357 84.1 -54.099999999999994 -649.1999999999999
0.65106201171875 81.8 -51.8 -621.5999999999999
0.6613287925720215 81.8 -51.8 -621.5999999999999
0.6726434230804443 81.7 -51.7 -620.4000000000001
0.6819913387298584 81.7 -51.7 -620.4000000000001
0.69179368019104 81.7 -51.7 -620.4000000000001
0.7020473480224609 80.8 -50.8 -609.5999999999999
0.7119903564453125 80.8 -50.8 -609.5999999999999
0.7230699062347412 80.4 -50.400000000000006 -604.8000000000001
0.7326614856719971 80.4 -50.400000000000006 -604.8000000000001
0.7459452152252197 79.4 -49.400000000000006 -592.8000000000001
0.7559421062469482 79.4 -49.400000000000006 -592.8000000000001
0.7657241821289062 79.4 -49.400000000000006 -592.8000000000001
0.7774097919464111 78.0 -48.0 -576.0
0.7859823703765869 78.0 -48.0 -576.0
0.7951252460479736 77.3 -47.3 -567.5999999999999
0.805715799331665 77.3 -47.3 -567.5999999999999
0.8158304691314697 77.3 -47.3 -567.5999999999999
0.8273260593414307 75.6 -45.599999999999994 -547.1999999999999
0.8359899520874023 75.6 -45.599999999999994 -547.1999999999999
0.8453187942504883 75.7 -45.7 -548.4000000000001
0.8551154136657715 75.7 -45.7 -548.4000000000001
0.864591121673584 75.7 -45.7 -548.4000000000001
0.8760173320770264 75.8 -45.8 -549.5999999999999
0.8852138519287109 75.8 -45.8 -549.5999999999999
0.8946945667266846 75.8 -45.8 -549.5999999999999
0.9051539897918701 75.8 -45.8 -549.5999999999999
0.9151217937469482 75.8 -45.8 -549.5999999999999
0.9271097183227539 74.4 -44.400000000000006 -532.8000000000001
0.936044454574585 74.4 -44.400000000000006 -532.8000000000001
0.9453134536743164 73.6 -43.599999999999994 -523.1999999999999
0.9552245140075684 73.6 -43.599999999999994 -523.1999999999999
0.964691162109375 73.6 -43.599999999999994 -523.1999999999999
0.9759750366210938 72.8 -42.8 -513.5999999999999
0.9874041080474854 72.8 -42.8 -513.5999999999999
0.9967505931854248 72.6 -42.599999999999994 -511.19999999999993
1.0066289901733398 72.6 -42.599999999999994 -511.19999999999993
1.0157849788665771 72.6 -42.599999999999994 -511.19999999999993
1.0279896259307861 71.8 -41.8 -501.59999999999997
1.037651777267456 71.8 -41.8 -501.59999999999997
1.0461010932922363 71.2 -41.2 -494.40000000000003
1.0566332340240479 71.2 -41.2 -494.40000000000003
1.0657761096954346 71.2 -41.2 -494.40000000000003
1.0771985054016113 69.7 -39.7 -476.40000000000003
1.085982084274292 69.7 -39.7 -476.40000000000003
1.095198154449463 69.8 -39.8 -477.59999999999997
1.1053123474121094 69.8 -39.8 -477.59999999999997
1.1148903369903564 69.8 -39.8 -477.59999999999997
1.126185655593872 68.1 -38.099999999999994 -457.19999999999993
1.135746717453003 68.1 -38.099999999999994 -457.19999999999993
1.1505680084228516 67.9 -37.900000000000006 -454.80000000000007
1.1604084968566895 67.9 -37.900000000000006 -454.80000000000007
1.1701915264129639 67.9 -37.900000000000006 -454.80000000000007
1.1808831691741943 67.0 -37.0 -444.0
1.1903457641601562 67.0 -37.0 -444.0
1.2005927562713623 65.8 -35.8 -429.59999999999997
1.2101266384124756 65.8 -35.8 -429.59999999999997
1.2193498611450195 65.8 -35.8 -429.59999999999997
1.2311592102050781 65.1 -35.099999999999994 -421.19999999999993
1.240769863128662 65.1 -35.099999999999994 -421.19999999999993
1.2508599758148193 64.9 -34.900000000000006 -418.80000000000007
1.260401725769043 64.9 -34.900000000000006 -418.80000000000007
1.26997709274292 64.9 -34.900000000000006 -418.80000000000007
1.280837059020996 63.4 -33.4 -400.79999999999995
1.2905519008636475 63.4 -33.4 -400.79999999999995
1.3007316589355469 63.9 -33.9 -406.79999999999995
1.310248613357544 63.9 -33.9 -406.79999999999995
1.3197948932647705 62.6 -32.6 -391.20000000000005
1.3310678005218506 62.6 -32.6 -391.20000000000005
1.3406670093536377 62.6 -32.6 -391.20000000000005
1.3509900569915771 61.7 -31.700000000000003 -380.40000000000003
1.3605687618255615 61.7 -31.700000000000003 -380.40000000000003
1.3707482814788818 61.4 -31.4 -376.79999999999995
1.3809762001037598 61.4 -31.4 -376.79999999999995
1.3905549049377441 61.4 -31.4 -376.79999999999995
1.4012060165405273 60.5 -30.5 -366.0
1.4108467102050781 60.5 -30.5 -366.0
1.4208085536956787 59.5 -29.5 -354.0
1.4313817024230957 59.5 -29.5 -354.0
1.44915771484375 59.0 -29.0 -348.0
1.458482265472412 59.0 -29.0 -348.0
1.46846342086792 58.6 -28.6 -343.20000000000005
1.4781949520111084 58.6 -28.6 -343.20000000000005
1.4885857105255127 58.2 -28.200000000000003 -338.40000000000003
1.5007860660552979 58.2 -28.200000000000003 -338.40000000000003
1.510343074798584 58.2 -28.200000000000003 -338.40000000000003
1.5205376148223877 58.0 -28.0 -336.0
1.5311059951782227 58.0 -28.0 -336.0
1.541017770767212 57.0 -27.0 -324.0
1.5553536415100098 57.0 -27.0 -324.0
1.5656235218048096 56.7 -26.700000000000003 -320.40000000000003
1.5846138000488281 55.9 -25.9 -310.79999999999995
1.5948107242584229 55.9 -25.9 -310.79999999999995
1.6049768924713135 55.9 -25.9 -310.79999999999995
1.6151928901672363 55.1 -25.1 -301.20000000000005
1.6246981620788574 55.1 -25.1 -301.20000000000005
1.6380233764648438 54.4 -24.4 -292.79999999999995
1.6472322940826416 54.4 -24.4 -292.79999999999995
1.656160593032837 54.2 -24.200000000000003 -290.40000000000003
1.6679294109344482 54.2 -24.200000000000003 -290.40000000000003
1.6772387027740479 54.2 -24.200000000000003 -290.40000000000003
1.688382863998413 53.4 -23.4 -280.79999999999995
1.7001800537109375 53.4 -23.4 -280.79999999999995
1.7104132175445557 53.6 -23.6 -283.20000000000005
1.7199864387512207 53.6 -23.6 -283.20000000000005
1.7291419506072998 52.3 -22.299999999999997 -267.59999999999997
1.7434167861938477 52.3 -22.299999999999997 -267.59999999999997
1.7529833316802979 51.7 -21.700000000000003 -260.40000000000003
1.7631785869598389 51.7 -21.700000000000003 -260.40000000000003
1.7729606628417969 51.7 -21.700000000000003 -260.40000000000003
1.7833247184753418 50.0 -20.0 -240.0
1.793849229812622 50.0 -20.0 -240.0
1.804368495941162 48.8 -18.799999999999997 -225.59999999999997
1.8140835762023926 48.8 -18.799999999999997 -225.59999999999997
1.8232674598693848 48.8 -18.799999999999997 -225.59999999999997
1.8333775997161865 48.1 -18.1 -217.20000000000002
1.844196081161499 48.1 -18.1 -217.20000000000002
1.854353904724121 47.5 -17.5 -210.0
1.863821029663086 47.5 -17.5 -210.0
1.8729822635650635 46.4 -16.4 -196.79999999999998
1.8829097747802734 46.4 -16.4 -196.79999999999998
1.8933498859405518 46.4 -16.4 -196.79999999999998
1.9038479328155518 45.5 -15.5 -186.0
1.9130821228027344 45.5 -15.5 -186.0
1.923032522201538 44.6 -14.600000000000001 -175.20000000000002
1.9325978755950928 44.6 -14.600000000000001 -175.20000000000002
1.9443352222442627 43.9 -13.899999999999999 -166.79999999999998
1.9583806991577148 43.9 -13.899999999999999 -166.79999999999998
1.9685735702514648 43.7 -13.700000000000003 -164.40000000000003
1.9782955646514893 43.7 -13.700000000000003 -164.40000000000003
1.9879002571105957 42.7 -12.700000000000003 -152.40000000000003
1.9994113445281982 42.7 -12.700000000000003 -152.40000000000003
2.0088140964508057 42.7 -12.700000000000003 -152.40000000000003
2.0196571350097656 42.5 -12.5 -150.0
2.0287270545959473 42.5 -12.5 -150.0
2.0387332439422607 41.2 -11.200000000000003 -134.40000000000003
2.050008535385132 41.2 -11.200000000000003 -134.40000000000003
2.0602095127105713 41.0 -11.0 -132.0
2.0698885917663574 41.0 -11.0 -132.0
2.078766345977783 41.0 -11.0 -132.0
2.088737726211548 39.9 -9.899999999999999 -118.79999999999998
2.100097179412842 39.9 -9.899999999999999 -118.79999999999998
2.1102654933929443 39.7 -9.700000000000003 -116.40000000000003
2.119874954223633 39.7 -9.700000000000003 -116.40000000000003
2.12992262840271 38.9 -8.899999999999999 -106.79999999999998
2.1389198303222656 38.9 -8.899999999999999 -106.79999999999998
2.1501212120056152 39.1 -9.100000000000001 -109.20000000000002
2.160262107849121 39.1 -9.100000000000001 -109.20000000000002
2.169896364212036 39.1 -9.100000000000001 -109.20000000000002
2.1796958446502686 38.0 -8.0 -96.0
2.188753604888916 38.0 -8.0 -96.0
2.201256275177002 38.3 -8.299999999999997 -99.59999999999997
2.211352825164795 38.3 -8.299999999999997 -99.59999999999997
2.221717596054077 38.0 -8.0 -96.0
2.2309377193450928 38.0 -8.0 -96.0
2.240450859069824 38.0 -8.0 -96.0
2.251945972442627 36.5 -6.5 -78.0
2.261347770690918 36.5 -6.5 -78.0
2.271413564682007 35.7 -5.700000000000003 -68.40000000000003
2.2810795307159424 35.7 -5.700000000000003 -68.40000000000003
2.291177272796631 34.0 -4.0 -48.0
2.3026580810546875 34.0 -4.0 -48.0
2.31294322013855 34.0 -4.0 -48.0
2.3224029541015625 34.0 -4.0 -48.0
2.331923484802246 34.0 -4.0 -48.0
2.341874361038208 32.9 -2.8999999999999986 -34.79999999999998
2.3646790981292725 32.8 -2.799999999999997 -33.599999999999966
2.3746230602264404 32.8 -2.799999999999997 -33.599999999999966
2.3848516941070557 32.1 -2.1000000000000014 -25.200000000000017
2.394531488418579 32.1 -2.1000000000000014 -25.200000000000017
2.40710186958313 32.1 -2.1000000000000014 -25.200000000000017
2.4206061363220215 32.1 -2.1000000000000014 -25.200000000000017
2.434560775756836 32.6 -2.6000000000000014 -31.200000000000017
2.4546923637390137 32.1 -2.1000000000000014 -25.200000000000017
2.47017502784729 32.1 -2.1000000000000014 -25.200000000000017
2.483644723892212 32.6 -2.6000000000000014 -31.200000000000017
2.4936530590057373 32.6 -2.6000000000000014 -31.200000000000017
2.5056304931640625 32.1 -2.1000000000000014 -25.200000000000017
2.5149996280670166 32.1 -2.1000000000000014 -25.200000000000017
2.5258092880249023 32.2 -2.200000000000003 -26.400000000000034
2.535189390182495 32.2 -2.200000000000003 -26.400000000000034
2.545687198638916 32.1 -2.1000000000000014 -25.200000000000017
2.557328224182129 32.1 -2.1000000000000014 -25.200000000000017
2.567392110824585 32.2 -2.200000000000003 -26.400000000000034
2.576603651046753 32.2 -2.200000000000003 -26.400000000000034
2.585824489593506 32.2 -2.200000000000003 -26.400000000000034
2.595980405807495 32.2 -2.200000000000003 -26.400000000000034
2.6082069873809814 32.2 -2.200000000000003 -26.400000000000034
2.6186442375183105 32.1 -2.1000000000000014 -25.200000000000017
2.6284003257751465 32.1 -2.1000000000000014 -25.200000000000017
2.6384754180908203 32.2 -2.200000000000003 -26.400000000000034
2.64819598197937 32.2 -2.200000000000003 -26.400000000000034
2.660814046859741 32.2 -2.200000000000003 -26.400000000000034
2.670633316040039 32.2 -2.200000000000003 -26.400000000000034
2.680227518081665 32.1 -2.1000000000000014 -25.200000000000017
2.6903860569000244 32.1 -2.1000000000000014 -25.200000000000017
2.7005233764648438 32.1 -2.1000000000000014 -25.200000000000017
2.7116692066192627 32.2 -2.200000000000003 -26.400000000000034
2.7212350368499756 32.2 -2.200000000000003 -26.400000000000034
2.731691837310791 32.2 -2.200000000000003 -26.400000000000034
2.7410569190979004 32.2 -2.200000000000003 -26.400000000000034
2.7561287879943848 32.0 -2.0 -24.0
2.7661144733428955 32.0 -2.0 -24.0
2.776146650314331 30.8 -0.8000000000000007 -9.600000000000009
2.785944938659668 30.8 -0.8000000000000007 -9.600000000000009
2.7957205772399902 30.3 -0.3000000000000007 -3.6000000000000085
2.808039665222168 30.3 -0.3000000000000007 -3.6000000000000085
2.823065996170044 29.7 0.3000000000000007 3.6000000000000085
2.832714557647705 29.7 0.3000000000000007 3.6000000000000085
2.8421273231506348 29.7 0.3000000000000007 3.6000000000000085
2.852811574935913 29.7 0.3000000000000007 3.6000000000000085
2.863842725753784 29.7 0.3000000000000007 3.6000000000000085
2.8738415241241455 29.7 0.3000000000000007 3.6000000000000085
2.883136749267578 29.7 0.3000000000000007 3.6000000000000085
2.8932266235351562 29.7 0.3000000000000007 3.6000000000000085
2.9039716720581055 29.7 0.3000000000000007 3.6000000000000085
2.9153189659118652 29.7 0.3000000000000007 3.6000000000000085
2.924823522567749 29.7 0.3000000000000007 3.6000000000000085
2.934419870376587 29.7 0.3000000000000007 3.6000000000000085
2.944312810897827 29.7 0.3000000000000007 3.6000000000000085
2.953899383544922 29.7 0.3000000000000007 3.6000000000000085
2.965698003768921 29.7 0.3000000000000007 3.6000000000000085
2.9751737117767334 29.7 0.3000000000000007 3.6000000000000085
2.9877140522003174 29.7 0.3000000000000007 3.6000000000000085
2.9967544078826904 29.7 0.3000000000000007 3.6000000000000085
3.0087809562683105 29.7 0.3000000000000007 3.6000000000000085
3.018428087234497 29.7 0.3000000000000007 3.6000000000000085
3.0285518169403076 29.7 0.3000000000000007 3.6000000000000085
3.038323402404785 29.7 0.3000000000000007 3.6000000000000085
3.0479981899261475 29.7 0.3000000000000007 3.6000000000000085
3.059164524078369 29.7 0.3000000000000007 3.6000000000000085
3.0691611766815186 29.7 0.3000000000000007 3.6000000000000085
3.0793025493621826 29.7 0.3000000000000007 3.6000000000000085
3.0887932777404785 29.7 0.3000000000000007 3.6000000000000085
3.100111484527588 29.7 0.3000000000000007 3.6000000000000085
3.110630989074707 29.7 0.3000000000000007 3.6000000000000085
3.120755434036255 29.7 0.3000000000000007 3.6000000000000085
3.1303656101226807 29.7 0.3000000000000007 3.6000000000000085
3.1399919986724854 29.7 0.3000000000000007 3.6000000000000085
3.150376558303833 29.7 0.3000000000000007 3.6000000000000085
3.164728879928589 29.7 0.3000000000000007 3.6000000000000085
3.175203800201416 29.7 0.3000000000000007 3.6000000000000085
3.1848747730255127 29.7 0.3000000000000007 3.6000000000000085
3.194878101348877 29.7 0.3000000000000007 3.6000000000000085
3.2049720287323 29.7 0.3000000000000007 3.6000000000000085
3.217283248901367 29.7 0.3000000000000007 3.6000000000000085
3.2260732650756836 29.7 0.3000000000000007 3.6000000000000085
3.2359588146209717 29.7 0.3000000000000007 3.6000000000000085
3.2457449436187744 29.7 0.3000000000000007 3.6000000000000085
3.2550199031829834 29.7 0.3000000000000007 3.6000000000000085
3.2704880237579346 29.7 0.3000000000000007 3.6000000000000085
3.2801761627197266 29.7 0.3000000000000007 3.6000000000000085
3.2901694774627686 29.7 0.3000000000000007 3.6000000000000085
3.3003594875335693 29.7 0.3000000000000007 3.6000000000000085
3.310638666152954 29.7 0.3000000000000007 3.6000000000000085
3.3211047649383545 29.7 0.3000000000000007 3.6000000000000085
3.3313236236572266 29.7 0.3000000000000007 3.6000000000000085
3.340883255004883 29.7 0.3000000000000007 3.6000000000000085
3.3511478900909424 29.7 0.3000000000000007 3.6000000000000085
3.3608386516571045 29.7 0.3000000000000007 3.6000000000000085
3.3720057010650635 29.7 0.3000000000000007 3.6000000000000085
3.382148265838623 29.7 0.3000000000000007 3.6000000000000085
3.391897201538086 29.7 0.3000000000000007 3.6000000000000085
3.4026811122894287 29.6 0.3999999999999986 4.799999999999983
3.4122073650360107 29.6 0.3999999999999986 4.799999999999983
3.42366099357605 29.6 0.3999999999999986 4.799999999999983
3.4330711364746094 29.6 0.3999999999999986 4.799999999999983
3.4427928924560547 29.6 0.3999999999999986 4.799999999999983
3.4531779289245605 29.6 0.3999999999999986 4.799999999999983
3.469369649887085 29.6 0.3999999999999986 4.799999999999983
3.480436325073242 29.6 0.3999999999999986 4.799999999999983
3.490487575531006 29.6 0.3999999999999986 4.799999999999983
3.5007314682006836 29.6 0.3999999999999986 4.799999999999983
3.5105631351470947 29.6 0.3999999999999986 4.799999999999983
3.522984743118286 29.6 0.3999999999999986 4.799999999999983
3.5326695442199707 29.6 0.3999999999999986 4.799999999999983
3.5428924560546875 29.6 0.3999999999999986 4.799999999999983
3.5566627979278564 29.6 0.3999999999999986 4.799999999999983
3.5683839321136475 29.6 0.3999999999999986 4.799999999999983
3.5786542892456055 29.6 0.3999999999999986 4.799999999999983
3.590301275253296 29.6 0.3999999999999986 4.799999999999983
3.6005351543426514 29.6 0.3999999999999986 4.799999999999983
3.610790491104126 29.6 0.3999999999999986 4.799999999999983
3.6211156845092773 29.6 0.3999999999999986 4.799999999999983
3.634998083114624 29.6 0.3999999999999986 4.799999999999983
3.6580824851989746 29.6 0.3999999999999986 4.799999999999983
3.6822729110717773 29.6 0.3999999999999986 4.799999999999983
3.7030186653137207 29.6 0.3999999999999986 4.799999999999983
3.724375009536743 29.6 0.3999999999999986 4.799999999999983
3.739225387573242 29.6 0.3999999999999986 4.799999999999983
3.7528111934661865 29.6 0.3999999999999986 4.799999999999983
3.7626190185546875 29.6 0.3999999999999986 4.799999999999983
3.7734055519104004 29.6 0.3999999999999986 4.799999999999983
3.783662796020508 29.6 0.3999999999999986 4.799999999999983
3.7934036254882812 29.6 0.3999999999999986 4.799999999999983
3.8036582469940186 29.6 0.3999999999999986 4.799999999999983
3.814087152481079 29.7 0.3000000000000007 3.6000000000000085
3.8244071006774902 29.7 0.3000000000000007 3.6000000000000085
3.8340039253234863 29.7 0.3000000000000007 3.6000000000000085
3.843933582305908 29.7 0.3000000000000007 3.6000000000000085
3.8532025814056396 29.7 0.3000000000000007 3.6000000000000085
3.8638198375701904 29.7 0.3000000000000007 3.6000000000000085
3.8744757175445557 29.7 0.3000000000000007 3.6000000000000085
3.8848559856414795 29.7 0.3000000000000007 3.6000000000000085
3.8946731090545654 29.7 0.3000000000000007 3.6000000000000085
3.905909776687622 29.7 0.3000000000000007 3.6000000000000085
3.915292263031006 29.7 0.3000000000000007 3.6000000000000085
3.9259450435638428 29.7 0.3000000000000007 3.6000000000000085
3.9365930557250977 29.7 0.3000000000000007 3.6000000000000085
3.9458277225494385 29.7 0.3000000000000007 3.6000000000000085
3.9607675075531006 29.7 0.3000000000000007 3.6000000000000085
3.9705076217651367 29.7 0.3000000000000007 3.6000000000000085
3.9817657470703125 29.7 0.3000000000000007 3.6000000000000085
3.9918618202209473 29.7 0.3000000000000007 3.6000000000000085
4.002628326416016 29.7 0.3000000000000007 3.6000000000000085
4.012115001678467 29.7 0.3000000000000007 3.6000000000000085
4.023813247680664 29.7 0.3000000000000007 3.6000000000000085
4.03312087059021 29.7 0.3000000000000007 3.6000000000000085
4.042719602584839 29.7 0.3000000000000007 3.6000000000000085
4.053064823150635 29.7 0.3000000000000007 3.6000000000000085
4.06270170211792 29.7 0.3000000000000007 3.6000000000000085
4.072686195373535 29.7 0.3000000000000007 3.6000000000000085
4.083208084106445 29.7 0.3000000000000007 3.6000000000000085
4.0950071811676025 29.7 0.3000000000000007 3.6000000000000085
4.105210542678833 29.7 0.3000000000000007 3.6000000000000085
4.115790843963623 29.7 0.3000000000000007 3.6000000000000085
4.126566410064697 29.7 0.3000000000000007 3.6000000000000085
4.13661789894104 29.7 0.3000000000000007 3.6000000000000085
4.145820140838623 29.7 0.3000000000000007 3.6000000000000085
4.155347108840942 29.7 0.3000000000000007 3.6000000000000085
4.165833234786987 29.7 0.3000000000000007 3.6000000000000085
4.177206754684448 29.7 0.3000000000000007 3.6000000000000085
4.18723201751709 29.7 0.3000000000000007 3.6000000000000085
4.19736123085022 29.7 0.3000000000000007 3.6000000000000085
4.208270072937012 29.7 0.3000000000000007 3.6000000000000085
4.217915773391724 29.7 0.3000000000000007 3.6000000000000085
4.228753566741943 29.7 0.3000000000000007 3.6000000000000085
4.23858118057251 29.7 0.3000000000000007 3.6000000000000085
4.248197317123413 29.7 0.3000000000000007 3.6000000000000085
4.258460521697998 29.7 0.3000000000000007 3.6000000000000085
4.268115997314453 29.7 0.3000000000000007 3.6000000000000085
4.2796831130981445 29.7 0.3000000000000007 3.6000000000000085
4.288861274719238 29.7 0.3000000000000007 3.6000000000000085
4.300668478012085 29.7 0.3000000000000007 3.6000000000000085
4.3102781772613525 29.7 0.3000000000000007 3.6000000000000085
4.319932699203491 29.7 0.3000000000000007 3.6000000000000085
4.330801010131836 29.7 0.3000000000000007 3.6000000000000085
4.340418815612793 29.7 0.3000000000000007 3.6000000000000085
4.350610733032227 29.7 0.3000000000000007 3.6000000000000085
4.36394476890564 29.7 0.3000000000000007 3.6000000000000085
4.373888731002808 29.7 0.3000000000000007 3.6000000000000085
4.38448166847229 29.7 0.3000000000000007 3.6000000000000085
4.394445896148682 29.7 0.3000000000000007 3.6000000000000085
4.404914140701294 29.7 0.3000000000000007 3.6000000000000085
4.415335178375244 29.7 0.3000000000000007 3.6000000000000085
4.424781322479248 29.7 0.3000000000000007 3.6000000000000085
4.435207843780518 29.7 0.3000000000000007 3.6000000000000085
4.445307970046997 29.7 0.3000000000000007 3.6000000000000085
4.45477557182312 29.7 0.3000000000000007 3.6000000000000085
4.4649658203125 29.7 0.3000000000000007 3.6000000000000085
4.474806308746338 29.7 0.3000000000000007 3.6000000000000085
4.493208885192871 29.7 0.3000000000000007 3.6000000000000085
4.509257078170776 29.7 0.3000000000000007 3.6000000000000085
4.52202296257019 29.7 0.3000000000000007 3.6000000000000085
4.53879714012146 29.7 0.3000000000000007 3.6000000000000085
4.553178071975708 29.7 0.3000000000000007 3.6000000000000085
4.578818321228027 29.7 0.3000000000000007 3.6000000000000085
4.608344316482544 29.7 0.3000000000000007 3.6000000000000085
4.618119955062866 29.7 0.3000000000000007 3.6000000000000085
4.628475189208984 29.7 0.3000000000000007 3.6000000000000085
4.638131618499756 29.7 0.3000000000000007 3.6000000000000085
4.64815878868103 29.7 0.3000000000000007 3.6000000000000085
4.660833358764648 29.7 0.3000000000000007 3.6000000000000085
4.670835256576538 29.7 0.3000000000000007 3.6000000000000085
4.68041205406189 29.7 0.3000000000000007 3.6000000000000085
4.690395832061768 29.7 0.3000000000000007 3.6000000000000085
4.700685262680054 29.7 0.3000000000000007 3.6000000000000085
4.713830232620239 29.7 0.3000000000000007 3.6000000000000085
4.72312593460083 29.7 0.3000000000000007 3.6000000000000085
4.732866525650024 29.7 0.3000000000000007 3.6000000000000085
4.7430267333984375 29.7 0.3000000000000007 3.6000000000000085
4.752673625946045 29.7 0.3000000000000007 3.6000000000000085
4.768029689788818 29.7 0.3000000000000007 3.6000000000000085
4.777872085571289 29.7 0.3000000000000007 3.6000000000000085
4.788147449493408 29.7 0.3000000000000007 3.6000000000000085
4.801172494888306 29.7 0.3000000000000007 3.6000000000000085
4.812961101531982 29.7 0.3000000000000007 3.6000000000000085
4.822611331939697 29.7 0.3000000000000007 3.6000000000000085
4.833111047744751 29.7 0.3000000000000007 3.6000000000000085
4.842715263366699 29.7 0.3000000000000007 3.6000000000000085
4.853036642074585 29.7 0.3000000000000007 3.6000000000000085
4.863873720169067 29.7 0.3000000000000007 3.6000000000000085
4.873194694519043 29.7 0.3000000000000007 3.6000000000000085
4.883389949798584 29.7 0.3000000000000007 3.6000000000000085
4.89320182800293 29.7 0.3000000000000007 3.6000000000000085
4.903203964233398 29.7 0.3000000000000007 3.6000000000000085
4.9143760204315186 29.7 0.3000000000000007 3.6000000000000085
4.924644708633423 29.7 0.3000000000000007 3.6000000000000085
4.934352397918701 29.7 0.3000000000000007 3.6000000000000085
4.944374084472656 29.7 0.3000000000000007 3.6000000000000085
4.954123020172119 29.7 0.3000000000000007 3.6000000000000085
4.964542865753174 29.7 0.3000000000000007 3.6000000000000085
4.974452972412109 29.7 0.3000000000000007 3.6000000000000085
4.984035491943359 29.7 0.3000000000000007 3.6000000000000085
4.994100570678711 29.7 0.3000000000000007 3.6000000000000085
5.004279613494873 29.7 0.3000000000000007 3.6000000000000085
5.015963554382324 29.7 0.3000000000000007 3.6000000000000085
5.025331258773804 29.7 0.3000000000000007 3.6000000000000085
5.034806728363037 29.7 0.3000000000000007 3.6000000000000085
5.044946670532227 29.7 0.3000000000000007 3.6000000000000085
5.054641008377075 29.7 0.3000000000000007 3.6000000000000085
5.06612753868103 29.7 0.3000000000000007 3.6000000000000085
5.075899839401245 29.7 0.3000000000000007 3.6000000000000085
5.086075305938721 29.7 0.3000000000000007 3.6000000000000085
5.095656871795654 29.7 0.3000000000000007 3.6000000000000085
5.107283115386963 29.7 0.3000000000000007 3.6000000000000085
5.118257999420166 29.7 0.3000000000000007 3.6000000000000085
5.12816596031189 29.7 0.3000000000000007 3.6000000000000085
5.138286113739014 29.7 0.3000000000000007 3.6000000000000085
5.1479833126068115 29.7 0.3000000000000007 3.6000000000000085
5.160936117172241 29.7 0.3000000000000007 3.6000000000000085
5.17279052734375 29.7 0.3000000000000007 3.6000000000000085
5.183213949203491 29.7 0.3000000000000007 3.6000000000000085
5.193079471588135 29.7 0.3000000000000007 3.6000000000000085
5.203214883804321 29.7 0.3000000000000007 3.6000000000000085
5.212881565093994 29.7 0.3000000000000007 3.6000000000000085
5.2257304191589355 29.7 0.3000000000000007 3.6000000000000085
5.2349324226379395 29.7 0.3000000000000007 3.6000000000000085
5.244958162307739 29.7 0.3000000000000007 3.6000000000000085
5.25474214553833 29.7 0.3000000000000007 3.6000000000000085
5.264315366744995 29.7 0.3000000000000007 3.6000000000000085
5.274957180023193 29.7 0.3000000000000007 3.6000000000000085
5.2846574783325195 29.7 0.3000000000000007 3.6000000000000085
5.29460883140564 29.7 0.3000000000000007 3.6000000000000085
5.304847240447998 29.7 0.3000000000000007 3.6000000000000085
5.315361022949219 29.7 0.3000000000000007 3.6000000000000085
5.32722020149231 29.7 0.3000000000000007 3.6000000000000085
5.337300777435303 29.7 0.3000000000000007 3.6000000000000085
5.346029996871948 29.7 0.3000000000000007 3.6000000000000085
5.35541033744812 29.7 0.3000000000000007 3.6000000000000085
5.365698575973511 29.7 0.3000000000000007 3.6000000000000085
5.376619100570679 29.7 0.3000000000000007 3.6000000000000085
5.387141227722168 29.7 0.3000000000000007 3.6000000000000085
5.39594578742981 29.7 0.3000000000000007 3.6000000000000085
5.407854318618774 29.7 0.3000000000000007 3.6000000000000085
5.417129993438721 29.7 0.3000000000000007 3.6000000000000085
5.428803443908691 29.7 0.3000000000000007 3.6000000000000085
5.438575267791748 29.7 0.3000000000000007 3.6000000000000085
5.448204755783081 29.7 0.3000000000000007 3.6000000000000085
5.4584009647369385 29.7 0.3000000000000007 3.6000000000000085
5.468016624450684 29.7 0.3000000000000007 3.6000000000000085
5.479132890701294 29.7 0.3000000000000007 3.6000000000000085
5.488586187362671 29.7 0.3000000000000007 3.6000000000000085
5.504060506820679 29.7 0.3000000000000007 3.6000000000000085
5.514254331588745 29.7 0.3000000000000007 3.6000000000000085
5.525623798370361 29.7 0.3000000000000007 3.6000000000000085
5.534850120544434 29.7 0.3000000000000007 3.6000000000000085
5.544840574264526 29.7 0.3000000000000007 3.6000000000000085
5.556034564971924 29.7 0.3000000000000007 3.6000000000000085
5.57072377204895 29.7 0.3000000000000007 3.6000000000000085
5.581339597702026 29.7 0.3000000000000007 3.6000000000000085
5.591705799102783 29.7 0.3000000000000007 3.6000000000000085
5.601863861083984 29.7 0.3000000000000007 3.6000000000000085
5.613631248474121 29.7 0.3000000000000007 3.6000000000000085
5.624088525772095 29.7 0.3000000000000007 3.6000000000000085
5.634008407592773 29.7 0.3000000000000007 3.6000000000000085
5.644102334976196 29.7 0.3000000000000007 3.6000000000000085
5.6533286571502686 29.7 0.3000000000000007 3.6000000000000085
5.664209604263306 29.7 0.3000000000000007 3.6000000000000085
5.674745798110962 29.7 0.3000000000000007 3.6000000000000085
5.6848814487457275 29.7 0.3000000000000007 3.6000000000000085
5.694494962692261 29.7 0.3000000000000007 3.6000000000000085
5.705702543258667 29.7 0.3000000000000007 3.6000000000000085
5.715193033218384 29.7 0.3000000000000007 3.6000000000000085
5.725959777832031 29.7 0.3000000000000007 3.6000000000000085
5.737727403640747 29.7 0.3000000000000007 3.6000000000000085
5.7466654777526855 29.7 0.3000000000000007 3.6000000000000085
5.757131099700928 29.7 0.3000000000000007 3.6000000000000085
5.7659711837768555 29.7 0.3000000000000007 3.6000000000000085
5.777745246887207 29.7 0.3000000000000007 3.6000000000000085
5.786667823791504 29.7 0.3000000000000007 3.6000000000000085
5.795990228652954 29.7 0.3000000000000007 3.6000000000000085
5.806123971939087 29.7 0.3000000000000007 3.6000000000000085
5.815701723098755 29.7 0.3000000000000007 3.6000000000000085
5.82780385017395 29.7 0.3000000000000007 3.6000000000000085
5.837669134140015 29.7 0.3000000000000007 3.6000000000000085
5.847769498825073 29.7 0.3000000000000007 3.6000000000000085
5.85723614692688 29.7 0.3000000000000007 3.6000000000000085
5.866032600402832 29.7 0.3000000000000007 3.6000000000000085
5.877380132675171 29.7 0.3000000000000007 3.6000000000000085
5.886189222335815 29.7 0.3000000000000007 3.6000000000000085
5.896775722503662 29.7 0.3000000000000007 3.6000000000000085
5.907250642776489 29.7 0.3000000000000007 3.6000000000000085
5.917776823043823 29.7 0.3000000000000007 3.6000000000000085
5.9279797077178955 29.7 0.3000000000000007 3.6000000000000085
5.938499689102173 29.7 0.3000000000000007 3.6000000000000085
5.948127508163452 29.7 0.3000000000000007 3.6000000000000085
5.957709550857544 29.7 0.3000000000000007 3.6000000000000085
5.9716551303863525 29.7 0.3000000000000007 3.6000000000000085
5.982856035232544 29.7 0.3000000000000007 3.6000000000000085
5.99265456199646 29.7 0.3000000000000007 3.6000000000000085
6.0028395652771 29.7 0.3000000000000007 3.6000000000000085
6.01291036605835 29.7 0.3000000000000007 3.6000000000000085
6.022450685501099 29.7 0.3000000000000007 3.6000000000000085
6.034163475036621 29.7 0.3000000000000007 3.6000000000000085
6.0433669090271 29.7 0.3000000000000007 3.6000000000000085
6.053810358047485 29.7 0.3000000000000007 3.6000000000000085
6.063170909881592 29.7 0.3000000000000007 3.6000000000000085
6.0727927684783936 29.7 0.3000000000000007 3.6000000000000085
6.084134340286255 29.7 0.3000000000000007 3.6000000000000085
6.093823671340942 29.7 0.3000000000000007 3.6000000000000085
6.104223012924194 29.7 0.3000000000000007 3.6000000000000085
6.11383581161499 29.7 0.3000000000000007 3.6000000000000085
6.124948024749756 29.7 0.3000000000000007 3.6000000000000085
6.135702610015869 29.7 0.3000000000000007 3.6000000000000085
6.145988464355469 29.7 0.3000000000000007 3.6000000000000085
6.155818223953247 29.7 0.3000000000000007 3.6000000000000085
6.165155410766602 29.7 0.3000000000000007 3.6000000000000085
6.184247255325317 29.7 0.3000000000000007 3.6000000000000085
6.1942994594573975 29.7 0.3000000000000007 3.6000000000000085
6.208148956298828 29.7 0.3000000000000007 3.6000000000000085
6.218454360961914 29.7 0.3000000000000007 3.6000000000000085
6.228142261505127 29.7 0.3000000000000007 3.6000000000000085
6.240094900131226 29.7 0.3000000000000007 3.6000000000000085
6.249345064163208 29.7 0.3000000000000007 3.6000000000000085
6.258829593658447 29.7 0.3000000000000007 3.6000000000000085
6.268861532211304 29.7 0.3000000000000007 3.6000000000000085
6.278656482696533 29.7 0.3000000000000007 3.6000000000000085
6.289987802505493 29.7 0.3000000000000007 3.6000000000000085
6.299988508224487 29.7 0.3000000000000007 3.6000000000000085
6.309942722320557 29.7 0.3000000000000007 3.6000000000000085
6.31917929649353 29.7 0.3000000000000007 3.6000000000000085
6.3299291133880615 29.7 0.3000000000000007 3.6000000000000085
6.340425491333008 29.7 0.3000000000000007 3.6000000000000085
6.350350856781006 29.7 0.3000000000000007 3.6000000000000085
6.3643577098846436 29.7 0.3000000000000007 3.6000000000000085
6.374061346054077 29.7 0.3000000000000007 3.6000000000000085
6.385214328765869 29.7 0.3000000000000007 3.6000000000000085
6.394996404647827 29.7 0.3000000000000007 3.6000000000000085
6.405317068099976 29.7 0.3000000000000007 3.6000000000000085
6.414802074432373 29.7 0.3000000000000007 3.6000000000000085
6.425014495849609 29.7 0.3000000000000007 3.6000000000000085
6.435877561569214 29.7 0.3000000000000007 3.6000000000000085
6.4466352462768555 29.7 0.3000000000000007 3.6000000000000085
6.455988883972168 29.7 0.3000000000000007 3.6000000000000085
6.465368270874023 29.7 0.3000000000000007 3.6000000000000085
6.475322246551514 29.7 0.3000000000000007 3.6000000000000085
6.484792470932007 29.7 0.3000000000000007 3.6000000000000085
6.496744155883789 29.7 0.3000000000000007 3.6000000000000085
6.512457370758057 29.7 0.3000000000000007 3.6000000000000085
6.523883104324341 29.7 0.3000000000000007 3.6000000000000085
6.5331456661224365 29.7 0.3000000000000007 3.6000000000000085
6.544164657592773 29.7 0.3000000000000007 3.6000000000000085
6.554043292999268 29.7 0.3000000000000007 3.6000000000000085
6.5648980140686035 29.7 0.3000000000000007 3.6000000000000085
6.581049203872681 29.7 0.3000000000000007 3.6000000000000085
6.597970008850098 29.7 0.3000000000000007 3.6000000000000085
6.6116578578948975 29.7 0.3000000000000007 3.6000000000000085
6.6251819133758545 29.7 0.3000000000000007 3.6000000000000085
6.640950679779053 29.7 0.3000000000000007 3.6000000000000085
6.651036739349365 29.7 0.3000000000000007 3.6000000000000085
6.662130117416382 29.7 0.3000000000000007 3.6000000000000085
6.6717212200164795 29.7 0.3000000000000007 3.6000000000000085
6.681953430175781 29.7 0.3000000000000007 3.6000000000000085
6.692649841308594 29.7 0.3000000000000007 3.6000000000000085
6.702924489974976 29.7 0.3000000000000007 3.6000000000000085
6.712529897689819 29.7 0.3000000000000007 3.6000000000000085
6.722872972488403 29.7 0.3000000000000007 3.6000000000000085
6.732558250427246 29.7 0.3000000000000007 3.6000000000000085
6.743070840835571 29.7 0.3000000000000007 3.6000000000000085
6.754115343093872 29.7 0.3000000000000007 3.6000000000000085
6.768535614013672 29.7 0.3000000000000007 3.6000000000000085
6.778284549713135 29.7 0.3000000000000007 3.6000000000000085
6.788153648376465 29.7 0.3000000000000007 3.6000000000000085
6.800539970397949 29.7 0.3000000000000007 3.6000000000000085
6.810399293899536 29.7 0.3000000000000007 3.6000000000000085
6.820568799972534 29.7 0.3000000000000007 3.6000000000000085
6.830166578292847 29.7 0.3000000000000007 3.6000000000000085
6.8401689529418945 29.7 0.3000000000000007 3.6000000000000085
6.850459814071655 29.7 0.3000000000000007 3.6000000000000085
6.860804557800293 29.7 0.3000000000000007 3.6000000000000085
6.870595693588257 29.7 0.3000000000000007 3.6000000000000085
6.880403757095337 29.7 0.3000000000000007 3.6000000000000085
6.890567064285278 29.7 0.3000000000000007 3.6000000000000085
6.901300430297852 29.7 0.3000000000000007 3.6000000000000085
6.911246061325073 29.7 0.3000000000000007 3.6000000000000085
6.920844078063965 29.7 0.3000000000000007 3.6000000000000085
6.931140899658203 29.7 0.3000000000000007 3.6000000000000085
6.940808057785034 29.7 0.3000000000000007 3.6000000000000085
6.951155424118042 29.7 0.3000000000000007 3.6000000000000085
6.961807489395142 29.7 0.3000000000000007 3.6000000000000085
6.971125602722168 29.7 0.3000000000000007 3.6000000000000085
6.981667757034302 29.7 0.3000000000000007 3.6000000000000085
6.991214990615845 29.7 0.3000000000000007 3.6000000000000085
7.002639055252075 29.7 0.3000000000000007 3.6000000000000085
7.012213468551636 29.7 0.3000000000000007 3.6000000000000085
7.022665977478027 29.7 0.3000000000000007 3.6000000000000085
7.032119512557983 29.7 0.3000000000000007 3.6000000000000085
7.041741847991943 29.7 0.3000000000000007 3.6000000000000085
7.05303430557251 29.7 0.3000000000000007 3.6000000000000085
7.063086032867432 29.7 0.3000000000000007 3.6000000000000085
7.073171138763428 29.7 0.3000000000000007 3.6000000000000085
7.082831382751465 29.7 0.3000000000000007 3.6000000000000085
7.093193292617798 29.7 0.3000000000000007 3.6000000000000085
7.1047279834747314 29.7 0.3000000000000007 3.6000000000000085
7.1151556968688965 29.7 0.3000000000000007 3.6000000000000085
7.124758243560791 29.7 0.3000000000000007 3.6000000000000085
7.13572359085083 29.7 0.3000000000000007 3.6000000000000085
7.14585542678833 29.7 0.3000000000000007 3.6000000000000085
7.1561572551727295 29.7 0.3000000000000007 3.6000000000000085
7.171114444732666 29.7 0.3000000000000007 3.6000000000000085
7.18087363243103 29.7 0.3000000000000007 3.6000000000000085
7.191077709197998 29.7 0.3000000000000007 3.6000000000000085
7.202057838439941 29.7 0.3000000000000007 3.6000000000000085
7.212179183959961 29.7 0.3000000000000007 3.6000000000000085
7.221774339675903 29.7 0.3000000000000007 3.6000000000000085
7.232040882110596 29.7 0.3000000000000007 3.6000000000000085
7.241687059402466 29.7 0.3000000000000007 3.6000000000000085
7.252613306045532 29.7 0.3000000000000007 3.6000000000000085
7.262032985687256 29.7 0.3000000000000007 3.6000000000000085
7.272067546844482 29.7 0.3000000000000007 3.6000000000000085
7.2824578285217285 29.7 0.3000000000000007 3.6000000000000085
7.292102575302124 29.7 0.3000000000000007 3.6000000000000085
7.3037543296813965 29.7 0.3000000000000007 3.6000000000000085
7.3158791065216064 29.7 0.3000000000000007 3.6000000000000085
7.326597213745117 29.7 0.3000000000000007 3.6000000000000085
7.335952043533325 29.7 0.3000000000000007 3.6000000000000085
7.347211122512817 29.7 0.3000000000000007 3.6000000000000085
7.358001470565796 29.7 0.3000000000000007 3.6000000000000085
7.3682801723480225 29.7 0.3000000000000007 3.6000000000000085
7.378006219863892 29.7 0.3000000000000007 3.6000000000000085
7.387341737747192 29.7 0.3000000000000007 3.6000000000000085
7.398339748382568 29.7 0.3000000000000007 3.6000000000000085
7.408862590789795 29.7 0.3000000000000007 3.6000000000000085
7.419351816177368 29.7 0.3000000000000007 3.6000000000000085
7.428802490234375 29.7 0.3000000000000007 3.6000000000000085
7.438652038574219 29.7 0.3000000000000007 3.6000000000000085
7.448294401168823 29.7 0.3000000000000007 3.6000000000000085
7.458883047103882 29.7 0.3000000000000007 3.6000000000000085
7.469927787780762 29.7 0.3000000000000007 3.6000000000000085
7.479209661483765 29.7 0.3000000000000007 3.6000000000000085
7.48932957649231 29.7 0.3000000000000007 3.6000000000000085
7.499859094619751 29.7 0.3000000000000007 3.6000000000000085
7.510703802108765 29.7 0.3000000000000007 3.6000000000000085
7.520291805267334 29.7 0.3000000000000007 3.6000000000000085
7.535818338394165 29.7 0.3000000000000007 3.6000000000000085
7.545121192932129 29.7 0.3000000000000007 3.6000000000000085
7.556661128997803 29.7 0.3000000000000007 3.6000000000000085
7.570978164672852 29.7 0.3000000000000007 3.6000000000000085
7.582245349884033 29.7 0.3000000000000007 3.6000000000000085
7.592518091201782 29.7 0.3000000000000007 3.6000000000000085
7.603012561798096 29.7 0.3000000000000007 3.6000000000000085
7.613375902175903 29.7 0.3000000000000007 3.6000000000000085
7.623934268951416 29.7 0.3000000000000007 3.6000000000000085
7.633198022842407 29.7 0.3000000000000007 3.6000000000000085
