0 0
0.0002987384796142578 122.5 -92.5 -125522.62140583452 -92.5 -0.020509958267211914 -417175.39784946234
0.033708810806274414 122.5 -92.5 -370.3110941648483 -92.5 -3.1109416484832764 0.0
0.04386639595031738 122.5 -92.5 -370.4050518274307 -92.5 -4.050518274307251 0.0
0.05701136589050293 122.5 -92.5 -370.52664279937744 -92.5 -5.266427993774414 0.0
0.06695556640625 122.5 -92.5 -370.6186266541481 -92.5 -6.186266541481018 0.0
0.07685518264770508 122.5 -92.5 -370.71019810438156 -92.5 -7.101981043815613 0.0
0.08905720710754395 122.5 -92.5 -370.82306683063507 -92.5 -8.230668306350708 0.0
0.09885978698730469 122.5 -92.5 -370.91374069452286 -92.5 -9.137406945228577 0.0
0.10926032066345215 121.8 -91.8 -348.0179460167494 -91.8 -10.092175936698913 67.30423858973505
0.11964225769042969 121.8 -91.8 -368.30452377557754 -91.8 -11.045237755775451 0.0
0.12965154647827148 121.8 -91.8 -368.3964090466499 -91.8 -11.964090466499329 0.0
0.14124274253845215 121.9 -91.9 -371.4911033542731 -91.9 -13.029321384429931 -8.627237386100248
0.15240168571472168 121.9 -91.9 -369.00548282623294 -91.9 -14.054828262329101 0.0
0.16305041313171387 121.5 -91.5 -356.23396650584885 -91.5 -15.029186820983886 37.56317392083163
0.17315101623535156 121.5 -91.5 -367.59533920049665 -91.5 -15.953392004966735 0.0
0.18312621116638184 121.5 -91.5 -367.6866122341156 -91.5 -16.866122341156007 0.0
0.1949901580810547 120.6 -90.6 -341.4360746338569 -90.6 -17.940995931625366 75.86008319768541
0.20520901679992676 120.6 -90.6 -364.2866824531555 -90.6 -18.866824531555174 0.0
0.21517181396484375 120.6 -90.6 -364.37694539546965 -90.6 -19.769453954696655 0.0
0.22646689414978027 120.0 -90.0 -346.14245927016856 -90.0 -20.78601117134094 53.12047282321849
0.23631072044372559 120.0 -90.0 -362.1671955537796 -90.0 -21.67195553779602 0.0
0.2486405372619629 119.1 -89.1 -336.778918671016 -89.1 -22.770542216300964 72.9937851687136
0.27062201499938965 119.1 -89.1 -358.87290918827057 -89.1 -24.72909188270569 0.0
0.2817518711090088 119.8 -89.8 -380.6410237550699 -89.8 -25.728552961349486 -62.89389486311666
0.2926323413848877 119.8 -89.8 -361.8705619192123 -89.8 -26.70561919212341 0.0
0.30318164825439453 119.0 -89.0 -336.01414089883565 -89.0 -27.64450750350952 75.83436617171759
0.31317615509033203 119.0 -89.0 -358.8534018611908 -89.0 -28.534018611907957 0.0
0.3245532512664795 119.0 -89.0 -358.9546580171585 -89.0 -29.54658017158508 0.0
0.33513712882995605 118.7 -88.7 -349.34503728146564 -88.7 -30.485370111465453 28.344999098936476
0.34854841232299805 118.7 -88.7 -357.9674950957298 -88.7 -31.67495095729828 0.0
0.3585789203643799 117.9 -87.9 -330.92865986239775 -87.9 -32.556632614135744 79.75667799671955
0.369295597076416 117.9 -87.9 -354.9498628497124 -87.9 -33.49862849712372 0.0
0.38030338287353516 117.9 -87.9 -355.0466212868691 -87.9 -34.46621286869049 0.0
0.39235806465148926 116.3 -86.3 -308.9320989689793 -86.3 -35.50653190612793 132.72851407211164
0.4024207592010498 116.3 -86.3 -348.8374942445755 -86.3 -36.37494244575501 0.0
0.4123852252960205 116.3 -86.3 -348.9234875869751 -86.3 -37.23487586975098 0.0
0.42269110679626465 116.3 -86.3 -349.0124273443222 -86.3 -38.12427344322205 0.0
0.43259406089782715 116.3 -86.3 -349.0978898382187 -86.3 -38.9788983821869 0.0
0.44683313369750977 114.1 -84.1 -294.066307788052 -84.1 -40.17640440464021 154.50444217470675
0.4567387104034424 114.1 -84.1 -340.5009463405609 -84.1 -41.00946340560914 0.0
0.46648716926574707 114.1 -84.1 -340.5829308795929 -84.1 -41.829308795928966 0.0
0.47675609588623047 111.9 -81.9 -267.59546690536644 -81.9 -42.67033388614656 214.23855494416085
0.48688578605651855 111.9 -81.9 -331.94999555110934 -81.9 -43.499955511093155 0.0
0.5040099620819092 113.7 -83.7 -370.8276889053329 -83.7 -44.93324904441835 -105.11454666963672
0.5151271820068359 113.7 -83.7 -339.38637603521346 -83.7 -45.863760352134726 0.0
0.5263829231262207 113.0 -83.0 -318.0226531664873 -83.0 -46.79798686504366 62.190485066723404
0.5370121002197266 113.0 -83.0 -336.7680208563805 -83.0 -47.68020856380465 0.0
0.5491559505462646 112.5 -82.5 -322.51627672926065 -82.5 -48.68207621574404 41.17310297437911
0.5610935688018799 112.5 -82.5 -334.96669297218324 -82.5 -49.6669297218323 0.0
0.5710811614990234 112.5 -82.5 -335.0490906119347 -82.5 -50.49090611934664 0.0
0.582054615020752 112.1 -82.1 -322.60370098108245 -82.1 -51.39182665348055 36.45160561421857
0.5928125381469727 112.1 -82.1 -333.6275052142143 -82.1 -52.27505214214327 0.0
0.6028070449829102 112.1 -82.1 -333.70956011533735 -82.1 -53.095601153373735 0.0
0.6139402389526367 111.3 -81.3 -309.042916908986 -81.3 -54.00072982311251 71.85718691108421
0.6241519451141357 111.3 -81.3 -330.6830941534042 -81.3 -54.83094153404238 0.0
0.6347730159759521 110.5 -80.5 -304.9720022321341 -80.5 -55.6859377384186 75.32197180569247
0.647160530090332 110.5 -80.5 -327.6683132624626 -80.5 -56.68313262462618 0.0
0.6625089645385742 108.4 -78.4 -278.34211336184376 -78.4 -57.88644988536837 136.8217720889769
0.6727151870727539 108.4 -78.4 -319.4686617732048 -78.4 -58.686617732048056 0.0
0.6830415725708008 108.4 -78.4 -319.54962063550954 -78.4 -59.496206355094934 0.0
0.6945910453796387 108.0 -78.0 -307.6496218861201 -78.0 -60.39706523418429 34.6336154576612
0.7045729160308838 108.0 -78.0 -318.1175651144981 -78.0 -61.17565114498141 0.0
0.7149105072021484 106.8 -76.8 -278.57259747427963 -76.8 -61.96957814693453 116.08120113471279
0.7250549793243408 106.8 -76.8 -313.4748673605919 -76.8 -62.7486736059189 0.0
0.7350223064422607 106.8 -76.8 -313.5514164328575 -76.8 -63.514164328575156 0.0
0.7486040592193604 106.6 -76.6 -308.4377607025243 -76.6 -64.55452659130098 14.725639855352524
0.759138822555542 106.6 -76.6 -312.93614894628524 -76.6 -65.3614894628525 0.0
0.7697196006774902 105.0 -75.0 -261.2502212021284 -75.0 -66.15504782199862 151.21761193357165
0.7797799110412598 105.0 -75.0 -306.69095710992815 -75.0 -66.90957109928134 0.0
0.7897593975067139 105.0 -75.0 -306.76580325841906 -75.0 -67.6580325841904 0.0
0.8010280132293701 105.8 -75.8 -331.3493100900381 -75.8 -68.51219365596774 -70.99363574813786
0.811053991317749 105.8 -75.8 -310.1272162795067 -75.8 -69.27216279506686 0.0
0.8210103511810303 105.8 -75.8 -310.20268548727034 -75.8 -70.02685487270358 0.0
0.8317360877990723 105.8 -75.8 -310.2839865708351 -75.8 -70.83986570835117 0.0
0.8413047790527344 105.8 -75.8 -310.3565172505379 -75.8 -71.56517250537875 0.0
0.8541829586029053 104.0 -74.0 -261.32042338820673 -74.0 -72.5181577920914 139.7713079700081
0.8645670413970947 104.0 -74.0 -303.32865799188613 -74.0 -73.28657991886142 0.0
0.8747155666351318 103.0 -73.0 -269.8417968706758 -73.0 -74.02742226123813 98.53648451816004
0.8851583003997803 103.0 -73.0 -299.4789741826057 -73.0 -74.78974182605747 0.0
0.8951036930084229 103.0 -73.0 -299.5515755486488 -73.0 -75.51575548648837 0.0
0.9072158336639404 101.5 -71.5 -256.4853723466589 -71.5 -76.38177354335788 123.84268335892288
0.9172508716583252 101.5 -71.5 -293.7099278759956 -71.5 -77.09927875995639 0.0
0.9276611804962158 101.5 -71.5 -293.78436158418657 -71.5 -77.84361584186557 0.0
0.9385285377502441 100.2 -70.2 -252.77336055255483 -70.2 -78.60650432109836 119.62429959851666
0.9503800868988037 100.2 -70.2 -288.74384830713274 -70.2 -79.43848307132724 0.0
0.9617962837219238 100.0 -70.0 -282.76807093870065 -70.0 -80.23761684894565 17.51896915397974
0.971794605255127 100.0 -70.0 -288.093749935627 -70.0 -80.93749935626987 0.0
0.9823398590087891 100.0 -70.0 -288.1675667119026 -70.0 -81.67566711902622 0.0
0.9928297996520996 99.2 -69.2 -262.1610953256192 -69.2 -82.40157101154331 76.2635392517839
1.0046732425689697 99.2 -69.2 -285.1221137261391 -69.2 -83.22113726139072 0.0
1.016371726989746 98.5 -68.5 -264.4512050770522 -68.5 -84.0224834442139 59.8368108912306
1.0263190269470215 98.5 -68.5 -282.4703873491287 -68.5 -84.70387349128727 0.0
1.0361714363098145 98.5 -68.5 -282.53787635326387 -68.5 -85.37876353263859 0.0
1.047692060470581 98.5 -68.5 -282.6167926287651 -68.5 -86.1679262876511 0.0
1.062635898590088 98.5 -68.5 -282.71915791988374 -68.5 -87.19157919883732 0.0
1.0747735500335693 97.6 -67.6 -256.9563778635869 -67.6 -88.01208443641666 74.14943526684915
1.085000991821289 97.6 -67.6 -279.2703459501266 -67.6 -88.70345950126651 0.0
1.0996510982513428 97.2 -67.2 -269.5777278923454 -67.2 -89.68794665336611 27.303555909970612
1.1104590892791748 97.2 -67.2 -277.8414243650437 -67.2 -90.41424365043642 0.0
1.1210381984710693 96.0 -66.0 -239.0819162774706 -66.0 -91.11246485710146 113.4311006941317
1.1311538219451904 96.0 -66.0 -273.17800960063937 -66.0 -91.78009600639345 0.0
1.140998363494873 95.3 -65.3 -249.11067642881693 -65.3 -92.42294456958773 71.10539342713938
1.1536242961883545 95.3 -65.3 -270.5247417974472 -65.3 -93.24741797447207 0.0
1.164208173751831 95.3 -65.3 -270.5938545179367 -65.3 -93.9385451793671 0.0
1.1749956607818604 94.5 -64.5 -245.21543487014773 -64.5 -94.63433809280399 74.15999646377554
1.1850836277008057 94.5 -64.5 -267.5285011959076 -64.5 -95.28501195907596 0.0
1.1965508460998535 93.9 -63.900000000000006 -249.5048575789116 -63.900000000000006 -96.01776721477512 52.32306380855305
1.2118902206420898 93.9 -63.900000000000006 -265.2997953248024 -63.900000000000006 -96.99795324802402 0.0
1.2277703285217285 93.3 -63.3 -251.66538081629216 -63.3 -98.00316407680515 37.78311863796108
1.2417666912078857 93.3 -63.3 -263.0889133834839 -63.3 -98.8891338348389 0.0
1.2598445415496826 92.5 -62.5 -246.72598519817294 -62.5 -100.0189994812012 44.25304916649066
1.2745137214660645 91.6 -61.599999999999994 -238.0863251906562 -61.599999999999994 -100.92262096405032 61.35312301916271
1.2867228984832764 91.6 -61.599999999999994 -256.56747062683104 -61.599999999999994 -101.67470626831057 0.0
1.2966339588165283 91.6 -61.599999999999994 -256.6285227584839 -61.599999999999994 -102.28522758483889 0.0
1.3083760738372803 90.8 -60.8 -233.0606668990284 -60.8 -102.99914817810061 68.13082639593884
1.318378210067749 90.8 -60.8 -253.5607278060913 -60.8 -103.60727806091312 0.0
1.3286709785461426 89.9 -59.900000000000006 -223.79037203848844 -59.900000000000006 -104.22381489276889 87.44003150262826
1.3388292789459229 89.9 -59.900000000000006 -250.08322970867158 -59.900000000000006 -104.83229708671573 0.0
1.3492753505706787 89.9 -59.900000000000006 -250.14580167770387 -59.900000000000006 -105.45801677703861 0.0
1.3607468605041504 88.6 -58.599999999999994 -211.01575651433726 -58.599999999999994 -106.13024725914005 113.32422737192243
1.371248483657837 88.6 -58.599999999999994 -245.0745642375946 -58.599999999999994 -106.74564237594608 0.0
1.382152795791626 88.5 -58.5 -241.98714928603678 -58.5 -107.38354463577274 9.17068392513504
1.3923521041870117 88.5 -58.5 -244.79802041769028 -58.5 -107.9802041769028 0.0
1.4025142192840576 87.2 -57.2 -201.27831039816544 -57.2 -108.56147716045383 127.92612439293312
1.4140968322753906 87.2 -57.2 -239.72240026235582 -57.2 -109.22400262355808 0.0
1.4240107536315918 87.2 -57.2 -239.77910789251328 -57.2 -109.79107892513278 0.0
1.4348044395446777 88.5 -58.5 -281.1744863323799 -58.5 -110.42250955104831 -120.44078459091686
1.453261375427246 88.5 -58.5 -245.15022403001785 -58.5 -111.50224030017856 0.0
1.4700067043304443 87.2 -57.2 -216.755930284221 -57.2 -112.4600731134415 77.63359009041059
1.4802918434143066 84.3 -54.3 -143.91379191551 -54.3 -113.01855616569522 281.9602123368651
1.4909191131591797 84.3 -54.3 -228.55956169128416 -54.3 -113.59561691284182 0.0
1.502350091934204 84.3 -54.3 -228.62163190603255 -54.3 -114.21631906032565 0.0
1.5140380859375 78.8 -48.8 -65.5081656756206 -48.8 -114.78669316768648 470.56834547049345
1.5430560111999512 82.6 -52.599999999999994 -261.3173652255372 -52.599999999999994 -116.31303603649141 -130.95353873962688
1.564070701599121 83.3 -53.3 -234.93632136548123 -53.3 -117.43311903476717 -33.31003154001511
1.5746650695800781 83.3 -53.3 -224.9997798848152 -53.3 -117.99779884815219 0.0
1.585303544998169 79.4 -49.400000000000006 -99.4741694120214 -49.400000000000006 -118.52333953380587 366.5938818045307
1.5958213806152344 79.4 -49.400000000000006 -209.50429206132893 -49.400000000000006 -119.0429206132889 0.0
1.6063249111175537 79.4 -49.400000000000006 -209.55617950201037 -49.400000000000006 -119.56179502010347 0.0
1.6179156303405762 76.2 -46.2 -113.98484247856952 -46.2 -120.09728624820711 276.0829538208374
1.6278977394104004 76.2 -46.2 -196.85584596872332 -46.2 -120.558459687233 0.0
1.638742208480835 78.6 -48.599999999999994 -272.90184194286286 -48.599999999999994 -121.08550088405612 -221.31097284819091
1.6496081352233887 78.6 -48.599999999999994 -206.5613584923744 -48.599999999999994 -121.61358492374423 0.0
1.6600666046142578 78.4 -48.400000000000006 -200.07500032651902 -48.400000000000006 -122.11977484226229 19.12325719235746
1.670922040939331 78.4 -48.400000000000006 -205.8645177960396 -48.400000000000006 -122.64517796039583 0.0
1.681234359741211 78.4 -48.400000000000006 -205.91442941904072 -48.400000000000006 -123.14429419040681 0.0
1.6923129558563232 78.8 -48.8 -218.40019030167377 -48.8 -123.6849296808243 -36.105657778637834
1.7025082111358643 78.8 -48.8 -207.61824581384658 -48.8 -124.1824581384659 0.0
1.714134693145752 78.6 -48.599999999999994 -201.71411809562093 -48.599999999999994 -124.74750516414645 17.202108069312253
1.7242012023925781 78.6 -48.599999999999994 -206.9236737513542 -48.599999999999994 -125.2367375135422 0.0
1.7341809272766113 76.2 -46.2 -125.22350266620434 -46.2 -125.69780080318453 240.48759138038042
1.7465927600860596 76.2 -46.2 -197.42712274789812 -46.2 -126.27122747898105 0.0
1.7563502788543701 76.2 -46.2 -197.47220248460772 -46.2 -126.72202484607699 0.0
1.768388032913208 75.6 -45.599999999999994 -180.17413920639564 -45.599999999999994 -127.27094643116 49.84318478906785
1.779045581817627 75.6 -45.599999999999994 -195.17569306612012 -45.599999999999994 -127.75693066120151 0.0
1.7898623943328857 75.6 -45.599999999999994 -195.22501773118972 -45.599999999999994 -128.25017731189732 0.0
1.7999022006988525 75.6 -45.599999999999994 -195.2707992482185 -45.599999999999994 -128.7079924821854 0.0
1.8099284172058105 75.6 -45.599999999999994 -195.31651879549025 -45.599999999999994 -129.16518795490268 0.0
1.8209044933319092 75.6 -45.599999999999994 -195.36656970262527 -45.599999999999994 -129.6656970262528 0.0
1.8309435844421387 75.6 -45.599999999999994 -195.4123479580879 -45.599999999999994 -130.12347958087926 0.0
1.8409762382507324 75.6 -45.599999999999994 -195.45809685945508 -45.599999999999994 -130.58096859455114 0.0
1.8520855903625488 75.6 -45.599999999999994 -195.50875550508496 -45.599999999999994 -131.08755505084997 0.0
1.8675663471221924 75.6 -45.599999999999994 -195.57934775590894 -45.599999999999994 -131.79347755908972 0.0
1.8778986930847168 75.6 -45.599999999999994 -195.62646325349806 -45.599999999999994 -132.26463253498085 0.0
1.888810396194458 73.0 -43.0 -113.79050027667567 -43.0 -132.73383576869972 238.27627766731436
1.8986461162567139 73.0 -43.0 -185.31567717313766 -43.0 -133.15677173137672 0.0
1.9091689586639404 71.3 -41.3 -130.09314412511247 -41.3 -133.59136512279517 161.5533079572234
1.9208168983459473 71.3 -41.3 -178.6072425031662 -41.3 -134.07242503166205 0.0
1.930748462677002 71.3 -41.3 -178.64825986385344 -41.3 -134.4825986385346 0.0
1.9410107135772705 71.4 -41.400000000000006 -182.01408085196263 -41.400000000000006 -134.90745582580573 -9.744450897940101
1.9522521495819092 71.4 -41.400000000000006 -179.1372851276398 -41.400000000000006 -135.37285127639777 0.0
1.9628643989562988 70.2 -40.2 -140.45688375638883 -40.2 -135.79946370124824 113.07687537912004
1.9745597839355469 70.2 -40.2 -174.42696181774141 -40.2 -136.269618177414 0.0
1.9849894046783447 70.4 -40.400000000000006 -181.02194329649222 -40.400000000000006 -136.69097485542304 -19.17615270316635
1.9966495037078857 70.4 -40.400000000000006 -175.31620428562167 -40.400000000000006 -137.1620428562165 0.0
2.0067484378814697 70.4 -40.400000000000006 -175.35700397968296 -40.400000000000006 -137.5700397968293 0.0
2.019094705581665 68.9 -38.900000000000006 -132.95676894960462 -38.900000000000006 -138.0503096103669 121.49420670477367
2.0312860012054443 68.9 -38.900000000000006 -169.45245510101321 -38.900000000000006 -138.52455101013192 0.0
2.0497500896453857 67.9 -37.900000000000006 -149.27467819846288 -37.900000000000006 -139.2243399620057 54.159185992459065
2.064016580581665 67.0 -37.0 -143.04975325241202 -37.0 -139.75220012664803 63.084889200842674
2.076890468597412 67.0 -37.0 -162.02285339832306 -37.0 -140.22853398323068 0.0
2.0902230739593506 67.0 -37.0 -162.07218403816225 -37.0 -140.7218403816224 0.0
2.1001272201538086 67.0 -37.0 -162.10882937908173 -37.0 -141.08829379081735 0.0
2.110086441040039 66.0 -36.0 -128.02184430940576 -36.0 -141.44682574272164 100.40946088288806
2.1217281818389893 66.0 -36.0 -158.18659284114838 -36.0 -141.86592841148385 0.0
2.1312313079833984 66.0 -36.0 -158.22080409526825 -36.0 -142.20804095268258 0.0
2.14208722114563 65.1 -35.099999999999994 -129.78767034726104 -35.099999999999994 -142.5890835046769 82.9041266773554
2.152622699737549 65.1 -35.099999999999994 -154.6958878803253 -35.099999999999994 -142.95887880325324 0.0
2.163041830062866 64.9 -34.900000000000006 -148.17361262772437 -34.900000000000006 -143.3225064516068 19.19546005812115
2.1742031574249268 64.9 -34.900000000000006 -153.9712036776543 -34.900000000000006 -143.71203677654273 0.0
2.185028314590454 63.4 -33.4 -106.43752444578138 -33.4 -144.07359702587135 138.5661175226859
2.1952614784240723 63.4 -33.4 -148.04153846979142 -33.4 -144.4153846979142 0.0
2.205204486846924 63.4 -33.4 -148.07474811792375 -33.4 -144.74748117923744 0.0
2.2164547443389893 63.0 -33.0 -135.84545143601812 -33.0 -145.1187396764756 35.55474177209812
2.227259635925293 63.0 -33.0 -146.54753010988236 -33.0 -145.47530109882362 0.0
2.2378551959991455 62.5 -32.5 -130.42509252245267 -32.5 -145.81965680122383 47.1895771922324
2.2487635612487793 62.5 -32.5 -144.6174178671837 -32.5 -146.17417867183693 0.0
2.263028621673584 61.6 -31.6 -122.13513083718749 -31.6 -146.62495458126077 63.09121540312866
2.2745206356048584 61.6 -31.6 -141.0988102221489 -31.6 -146.98810222148904 0.0
2.2851269245147705 60.9 -30.9 -118.53200985638203 -30.9 -147.31583654880532 65.99857932832828
2.2963266372680664 60.9 -30.9 -138.3661907672882 -30.9 -147.66190767288217 0.0
2.3066201210021973 60.7 -30.700000000000003 -131.76886138758957 -30.700000000000003 -147.97791762351997 19.42976791587488
2.316624641418457 60.7 -30.700000000000003 -137.6285056400299 -30.700000000000003 -148.28505640029914 0.0
2.327299118041992 60.7 -30.700000000000003 -137.6612762832642 -30.700000000000003 -148.61276283264166 0.0
2.3383758068084717 59.7 -29.700000000000003 -106.61026780899014 -29.700000000000003 -148.9417404890061 90.2796874663682
2.3492133617401123 59.7 -29.700000000000003 -133.7263615870476 -29.700000000000003 -149.26361587047583 0.0
2.360184907913208 59.0 -29.0 -111.81775923523304 -29.0 -149.5817907094956 63.80139945238845
2.3701581954956055 59.0 -29.0 -130.98710160493852 -29.0 -149.87101604938513 0.0
2.3812859058380127 58.2 -28.200000000000003 -106.25070251814255 -28.200000000000003 -150.18481748104102 71.89259743320524
2.3922581672668457 58.2 -28.200000000000003 -127.84942352533342 -28.200000000000003 -150.49423525333412 0.0
2.4028425216674805 57.3 -27.299999999999997 -98.76896890069668 -27.299999999999997 -150.78318812847147 85.03116637383484
2.413085460662842 57.3 -27.299999999999997 -124.30628203630448 -27.299999999999997 -151.06282036304484 0.0
2.4243621826171875 57.2 -27.200000000000003 -121.27660713661312 -27.200000000000003 -151.36954720020304 8.867825278023936
2.435152530670166 57.2 -27.200000000000003 -123.96630446672442 -27.200000000000003 -151.66304466724407 0.0
2.461272716522217 56.3 -26.299999999999997 -110.09816752035512 -26.299999999999997 -152.350005555153 34.45611011720055
2.475043535232544 55.9 -25.9 -110.15658813111972 -25.9 -152.70666975975047 29.046929482851056
2.4858672618865967 55.9 -25.9 -118.89870042800904 -25.9 -152.98700428009045 0.0
2.4965627193450928 55.9 -25.9 -118.92640166282655 -25.9 -153.2640166282655 0.0
2.5070064067840576 55.4 -25.4 -102.5901855004401 -25.4 -153.5292862892152 47.87581042827139
2.516921043395996 55.4 -25.4 -116.97811180591584 -25.4 -153.78111805915844 0.0
2.5295827388763428 54.6 -24.6 -94.85445211262147 -24.6 -154.09259576797498 63.182691547253434
2.5400166511535645 54.6 -24.6 -113.83492700099947 -24.6 -154.34927000999463 0.0
2.550982713699341 54.6 -24.6 -113.86190351486208 -24.6 -154.61903514862072 0.0
2.5610191822052 54.6 -24.6 -113.8865932273865 -24.6 -154.86593227386487 0.0
2.577716827392578 53.7 -23.700000000000003 -94.15622190456585 -23.700000000000003 -155.26166646480573 53.899815806382435
2.5887279510498047 53.7 -23.700000000000003 -110.35226300954821 -23.700000000000003 -155.522630095482 0.0
2.6002111434936523 53.8 -23.799999999999997 -113.39210691836915 -23.799999999999997 -155.79593007564557 -8.708379702682006
2.6102890968322754 53.8 -23.799999999999997 -110.80357853651047 -23.799999999999997 -156.0357853651048 0.0
2.621973752975464 53.6 -23.6 -104.89621502814468 -23.6 -156.31154325008404 17.116464322879107
2.6328392028808594 53.6 -23.6 -110.05679678678514 -23.6 -156.56796786785137 0.0
2.642831325531006 52.7 -22.700000000000003 -79.45819329317526 -22.700000000000003 -156.7947890520097 90.07095204008576
2.6545608043670654 52.7 -22.700000000000003 -106.50610482215883 -22.700000000000003 -157.06104822158824 0.0
2.6770482063293457 52.5 -22.5 -103.0885408726659 -22.5 -157.56701476573954 8.893868679693508
2.6905078887939453 51.0 -21.0 -66.35178581283176 -21.0 -157.84966809749614 111.44393665639282
2.701303243637085 51.0 -21.0 -99.8076370549202 -21.0 -158.07637054920207 0.0
2.711648464202881 51.0 -21.0 -99.82936201810838 -21.0 -158.29362018108378 0.0
2.722287893295288 49.1 -19.1 -38.67538013439762 -19.1 -158.49683327674876 178.58101064425756
2.733574628829956 49.1 -19.1 -92.2712409925461 -19.1 -158.71240992546092 0.0
2.744324207305908 48.3 -18.299999999999997 -66.76445587106714 -18.299999999999997 -158.90912721157085 74.42152283363315
2.7548232078552246 48.3 -18.299999999999997 -89.11012589216233 -18.299999999999997 -159.10125892162333 0.0
2.7662768363952637 47.5 -17.5 -64.97611145734479 -17.5 -159.301697421074 69.84686094920875
2.7763233184814453 47.5 -17.5 -85.94775108575823 -17.5 -159.4775108575822 0.0
2.7877304553985596 47.3 -17.299999999999997 -79.90762045195801 -17.299999999999997 -159.67485432624827 17.53288326888937
2.798882246017456 47.3 -17.299999999999997 -85.18677803039552 -17.299999999999997 -159.8677803039552 0.0
2.8090410232543945 47.3 -17.299999999999997 -85.20435271501542 -17.299999999999997 -160.04352715015423 0.0
2.8201942443847656 46.2 -16.200000000000003 -51.23455603371707 -16.200000000000003 -160.22420933246624 98.6262163317652
2.8311188220977783 46.2 -16.200000000000003 -80.84011874914172 -16.200000000000003 -160.40118749141706 0.0
2.842477560043335 45.5 -15.5 -59.569755354226714 -15.5 -160.5772479295732 61.62656479576869
2.8536489009857178 45.5 -15.5 -78.07504037141801 -15.5 -160.75040371418012 0.0
2.864483594894409 45.2 -15.200000000000003 -68.5848600435768 -15.200000000000003 -160.91509106159222 27.688830208608135
2.8746986389160156 45.2 -15.200000000000003 -76.90703597307208 -15.200000000000003 -161.07035973072064 0.0
2.8870527744293213 44.8 -14.799999999999997 -65.61197350853405 -14.799999999999997 -161.25320093631757 32.37782195032564
2.897150993347168 44.8 -14.799999999999997 -75.34026545763015 -14.799999999999997 -161.4026545763017 0.0
2.90877628326416 43.9 -13.899999999999999 -48.531197375175935 -13.899999999999999 -161.5642461061479 77.41742411812949
2.9190001487731934 43.9 -13.899999999999999 -71.77063578367233 -13.899999999999999 -161.70635783672344 0.0
2.9296417236328125 43.7 -13.700000000000003 -65.3469515338098 -13.700000000000003 -161.8521474123002 18.794210691400774
2.9406015872955322 43.7 -13.700000000000003 -71.00022975444796 -13.700000000000003 -162.00229754447946 0.0
2.9523751735687256 43.3 -13.299999999999997 -59.223582115746765 -13.299999999999997 -162.15888624191294 33.97435502814839
2.9627206325531006 43.3 -13.299999999999997 -69.4296480846405 -13.299999999999997 -162.29648084640513 0.0
2.973801851272583 42.5 -12.5 -44.58523204058868 -12.5 -162.43499608039866 72.1942252248373
2.985870599746704 42.5 -12.5 -66.25858554363252 -12.5 -162.58585543632518 0.0
2.9965627193450928 42.0 -12.0 -50.24239231691467 -12.0 -162.71416087150584 46.76341256745306
3.006901502609253 42.0 -12.0 -64.28382262706758 -12.0 -162.83822627067576 0.0
3.0168700218200684 42.0 -12.0 -64.29578485012055 -12.0 -162.95784850120555 0.0
3.0275728702545166 42.0 -12.0 -64.30862826824189 -12.0 -163.08628268241893 0.0
3.0406508445739746 41.2 -11.200000000000003 -42.77180968148075 -11.200000000000003 -163.23275599479686 61.1715530599965
3.0518715381622314 41.2 -11.200000000000003 -61.135842776298546 -11.200000000000003 -163.35842776298534 0.0
3.0670878887176514 41.2 -11.200000000000003 -61.15288508892061 -11.200000000000003 -163.52885088920604 0.0
3.077249765396118 41.2 -11.200000000000003 -61.1642663908005 -11.200000000000003 -163.64266390800486 0.0
3.0897605419158936 40.6 -10.600000000000001 -44.38993167105972 -10.600000000000001 -163.77527813911448 47.958653809505776
3.099977731704712 40.6 -10.600000000000001 -58.7883580350876 -10.600000000000001 -163.88358035087595 0.0
3.1104538440704346 40.3 -10.299999999999997 -49.00817528562616 -10.299999999999997 -163.9914843082429 28.636577150660397
3.1219050884246826 40.3 -10.299999999999997 -57.610943212509156 -10.299999999999997 -164.10943212509164 0.0
3.1321041584014893 40.3 -10.299999999999997 -57.62144825458526 -10.299999999999997 -164.21448254585275 0.0
3.1439969539642334 40.1 -10.100000000000001 -51.78838881014738 -10.100000000000001 -164.33459978103647 16.816903893187565
3.1550636291503906 39.7 -9.700000000000003 -44.40082950664394 -9.700000000000003 -164.4419465303422 36.14455048796764
3.166586399078369 39.7 -9.700000000000003 -55.25537173986437 -9.700000000000003 -164.55371739864358 0.0
3.176570415496826 39.7 -9.700000000000003 -55.265056235790276 -9.700000000000003 -164.65056235790263 0.0
3.1886863708496094 39.2 -9.200000000000003 -40.89583375418117 -9.200000000000003 -164.76202914714824 41.2678972017789
3.200084924697876 39.2 -9.200000000000003 -53.28668958425524 -9.200000000000003 -164.86689584255228 0.0
3.211060047149658 39.2 -9.200000000000003 -53.296786696910885 -9.200000000000003 -164.96786696910868 0.0
3.2210958003997803 39.2 -9.200000000000003 -53.306019589901 -9.200000000000003 -165.0601958990098 0.0
3.231879234313965 39.3 -9.299999999999997 -56.4980933314655 -9.299999999999997 -165.16048183441174 -9.273483826747798
3.242853879928589 39.3 -9.299999999999997 -53.72625460386276 -9.299999999999997 -165.26254603862773 0.0
3.2543959617614746 38.9 -8.899999999999999 -41.739789125232214 -8.899999999999999 -165.3652705669404 34.655793104872735
3.264859676361084 38.9 -8.899999999999999 -52.145839762687686 -8.899999999999999 -165.45839762687694 0.0
3.2763898372650146 38.4 -8.399999999999999 -37.14616631701119 -8.399999999999999 -165.55525097846996 43.36452926945266
3.291151523590088 38.4 -8.399999999999999 -50.16792491436006 -8.399999999999999 -165.67924914360057 0.0
3.30619478225708 38.3 -8.299999999999997 -47.78616205526511 -8.299999999999997 -165.8041081905366 6.647495879295137
3.3216092586517334 38.2 -8.200000000000003 -47.44682824062311 -8.200000000000003 -165.93050689697276 6.487408163580594
3.335256338119507 38.2 -8.200000000000003 -49.40424129486087 -8.200000000000003 -166.0424129486085 0.0
3.3501503467559814 37.6 -7.600000000000001 -34.930164231099596 -7.600000000000001 -166.1556074142457 40.284655034416616
3.360381841659546 37.6 -7.600000000000001 -47.023336677551285 -7.600000000000001 -166.2333667755128 0.0
3.371116876602173 37.6 -7.600000000000001 -47.03149530410768 -7.600000000000001 -166.31495304107676 0.0
3.3816113471984863 37.6 -7.600000000000001 -47.03947110176088 -7.600000000000001 -166.39471101760876 0.0
3.393256664276123 37.4 -7.399999999999999 -41.09580299230686 -7.399999999999999 -166.48088636398327 17.17428548030489
3.4037046432495117 37.4 -7.399999999999999 -46.25582014083863 -7.399999999999999 -166.55820140838634 0.0
3.414984703063965 36.5 -6.5 -18.727108892602743 -6.5 -166.63152179718028 79.78681095705095
3.4251394271850586 36.5 -6.5 -42.66975275039674 -6.5 -166.6975275039674 0.0
3.4367411136627197 36.6 -6.600000000000001 -45.66324081639121 -6.600000000000001 -166.77409863471996 -8.619436509730708
3.4492368698120117 36.6 -6.600000000000001 -43.08565706253054 -6.600000000000001 -166.8565706253053 0.0
3.4602887630462646 36.1 -6.100000000000001 -27.52006347848637 -6.100000000000001 -166.92398717403424 45.241117463056845
3.482489824295044 35.7 -5.700000000000003 -34.09990630455285 -5.700000000000003 -167.05053322315229 18.01715672587463
3.493896245956421 35.7 -5.700000000000003 -39.511554982662226 -5.700000000000003 -167.11554982662213 0.0
3.504782199859619 35.7 -5.700000000000003 -39.51775997638705 -5.700000000000003 -167.17759976387035 0.0
3.515167236328125 35.7 -5.700000000000003 -39.523679447174096 -5.700000000000003 -167.23679447174084 0.0
3.527064323425293 35.5 -5.5 -33.68697154247224 -5.5 -167.30222845077526 16.81083767535094
3.5396523475646973 35.5 -5.5 -38.7371462583542 -5.5 -167.37146258354198 0.0
3.551851987838745 34.8 -4.799999999999997 -18.729379775302426 -4.799999999999997 -167.43002085685742 57.37874103461103
3.56219744682312 34.8 -4.799999999999997 -35.94796790599823 -4.799999999999997 -167.47967905998243 0.0
3.572678327560425 34.9 -4.899999999999999 -39.21545840562143 -4.899999999999999 -167.53103537559522 -9.541182893539718
3.5880439281463623 34.9 -4.899999999999999 -36.360632681846624 -4.899999999999999 -167.60632681846633 0.0
3.6018080711364746 34.0 -4.0 -13.14995154165483 -4.0 -167.66138339042678 65.38728932462618
3.6118412017822266 34.0 -4.0 -32.77015159130098 -4.0 -167.70151591300979 0.0
3.6230087280273438 34.5 -4.5 -48.20697885684741 -4.5 -167.7517697811128 -44.77267292912041
3.633157968521118 34.5 -4.5 -34.77974413633348 -4.5 -167.7974413633348 0.0
3.644932985305786 34.0 -4.0 -20.045618798429224 -4.0 -167.84454143047347 42.46278448206042
3.6552891731262207 34.0 -4.0 -32.78859661817552 -4.0 -167.8859661817552 0.0
3.6667563915252686 33.8 -3.799999999999997 -26.76064778031172 -3.799999999999997 -167.9295416116716 17.441021269518096
3.676797866821289 33.8 -3.799999999999997 -31.996769921779638 -3.799999999999997 -167.96769921779648 0.0
3.6870179176330566 33.6 -3.6000000000000014 -25.329636841280433 -3.6000000000000014 -168.00449140071885 19.56937432930486
3.699134349822998 33.6 -3.6000000000000014 -31.20481105566027 -3.6000000000000014 -168.04811055660264 0.0
3.710007429122925 33.4 -3.3999999999999986 -24.8902919175328 -3.3999999999999986 -168.0850790262224 18.394053283631443
3.7210073471069336 33.4 -3.3999999999999986 -30.412247874736796 -3.3999999999999986 -168.122478747368 0.0
3.7312734127044678 33.4 -3.3999999999999986 -30.415738337039958 -3.3999999999999986 -168.15738337039963 0.0
3.7425365447998047 32.9 -2.8999999999999986 -15.101217130265368 -2.8999999999999986 -168.1900464534761 44.39262505027413
3.7545881271362305 32.9 -2.8999999999999986 -28.42249960422517 -2.8999999999999986 -168.22499604225175 0.0
3.7652111053466797 33.0 -3.0 -31.64975329003955 -3.0 -168.2568649768831 -9.41355597450413
3.775247573852539 33.0 -3.0 -28.828697438240066 -3.0 -168.28697438240067 0.0
3.7868542671203613 33.0 -3.0 -28.832179446220415 -3.0 -168.32179446220414 0.0
3.7977426052093506 33.0 -3.0 -28.835445947647113 -3.0 -168.3544594764711 0.0
3.8085598945617676 32.8 -2.799999999999997 -22.491798718047903 -2.799999999999997 -168.38474788665786 18.488920235392914
3.818746566772461 32.8 -2.799999999999997 -28.041327056884768 -2.799999999999997 -168.4132705688478 0.0
3.8300583362579346 32.6 -2.6000000000000014 -21.9400581896669 -2.6000000000000014 -168.44268116951002 17.680699757613702
3.840196371078491 32.6 -2.6000000000000014 -27.246904006004353 -2.6000000000000014 -168.46904006004348 0.0
3.852393627166748 32.1 -2.1000000000000014 -12.951617543780424 -2.1000000000000014 -168.49465429782882 40.99282628667488
3.86270809173584 32.1 -2.1000000000000014 -25.2516314673424 -2.1000000000000014 -168.51631467342392 0.0
3.878574848175049 32.1 -2.1000000000000014 -25.254963486194633 -2.1000000000000014 -168.54963486194626 0.0
3.888803243637085 32.1 -2.1000000000000014 -25.25711144924166 -2.1000000000000014 -168.57111449241654 0.0
3.9001376628875732 32.6 -2.6000000000000014 -40.49408448154506 -2.6000000000000014 -168.6005839824678 -44.113420277660914
3.910308599472046 32.6 -2.6000000000000014 -27.26270284175875 -2.6000000000000014 -168.62702841758744 0.0
3.9209845066070557 32.6 -2.6000000000000014 -27.26547857761385 -2.6000000000000014 -168.65478577613845 0.0
3.931835651397705 32.6 -2.6000000000000014 -27.26829987525942 -2.6000000000000014 -168.68299875259413 0.0
3.9448118209838867 32.1 -2.1000000000000014 -13.711373233787304 -2.1000000000000014 -168.71024870872512 38.532172123617386
3.956851005554199 32.1 -2.1000000000000014 -25.273553099632284 -2.1000000000000014 -168.73553099632278 0.0
3.9676315784454346 32.1 -2.1000000000000014 -25.275817019939446 -2.1000000000000014 -168.75817019939439 0.0
3.9776570796966553 32.1 -2.1000000000000014 -25.277922375202202 -2.1000000000000014 -168.77922375202195 0.0
3.988786458969116 32.6 -2.6000000000000014 -40.75865663077962 -2.6000000000000014 -168.80816013813035 -44.9261353898886
3.999979019165039 32.6 -2.6000000000000014 -27.28372607946398 -2.6000000000000014 -168.83726079463975 0.0
4.010138988494873 32.1 -2.1000000000000014 -10.522035577655526 -2.1000000000000014 -168.8585967302324 49.21274698455907
4.02085018157959 32.1 -2.1000000000000014 -25.288109023571035 -2.1000000000000014 -168.8810902357103 0.0
4.031614303588867 32.1 -2.1000000000000014 -25.290369489192983 -2.1000000000000014 -168.90369489192977 0.0
4.0426061153411865 32.1 -2.1000000000000014 -25.29267776966097 -2.1000000000000014 -168.92677769660963 0.0
4.054677248001099 32.1 -2.1000000000000014 -25.29521270751955 -2.1000000000000014 -168.95212707519545 0.0
4.065196990966797 32.2 -2.200000000000003 -28.549307754913304 -2.200000000000003 -168.97527050972 -9.505935679804319
4.075771808624268 32.2 -2.200000000000003 -25.699853510856652 -2.200000000000003 -168.99853510856641 0.0
4.0870041847229 32.0 -2.0 -19.560398508745678 -2.0 -169.02099986076368 17.805671591102307
4.0969836711883545 32.0 -2.0 -24.90409588336946 -2.0 -169.0409588336946 0.0
4.110065460205078 32.2 -2.200000000000003 -30.29350251789801 -2.200000000000003 -169.06973876953137 -15.288428803149536
4.120328187942505 32.2 -2.200000000000003 -25.70923167705538 -2.200000000000003 -169.0923167705537 0.0
4.13129734992981 30.8 -0.8000000000000007 18.179050936047254 -0.8000000000000007 -169.10109210014355 127.63053382020537
4.14190936088562 30.8 -0.8000000000000007 -20.11095817089082 -0.8000000000000007 -169.1095817089082 0.0
4.154068231582642 32.0 -2.0 -54.521402808279745 -2.0 -169.13389945030224 -98.69337621083174
4.164498329162598 32.0 -2.0 -24.915475964546214 -2.0 -169.15475964546215 0.0
4.17509651184082 32.0 -2.0 -24.91759560108186 -2.0 -169.1759560108186 0.0
4.185022592544556 32.0 -2.0 -24.919580817222606 -2.0 -169.19580817222607 0.0
4.195058107376099 30.8 -0.8000000000000007 15.752215410297485 -0.8000000000000007 -169.2038365840913 119.57533022902207
4.20715856552124 30.8 -0.8000000000000007 -20.121351695060746 -0.8000000000000007 -169.2135169506074 0.0
4.217205286026001 30.8 -0.8000000000000007 -20.122155432701128 -0.8000000000000007 -169.22155432701123 0.0
4.228436231613159 30.8 -0.8000000000000007 -20.123053908348098 -0.8000000000000007 -169.23053908348095 0.0
4.238857269287109 30.8 -0.8000000000000007 -20.123887591362017 -0.8000000000000007 -169.23887591362012 0.0
4.250659942626953 30.3 -0.3000000000000007 -5.41525653904767 -0.3000000000000007 -169.24241671562208 42.36328377504848
4.262021064758301 30.3 -0.3000000000000007 -18.124582505226154 -0.3000000000000007 -169.2458250522615 0.0
4.277054071426392 30.3 -0.3000000000000007 -18.125033495426194 -0.3000000000000007 -169.25033495426192 0.0
4.287586688995361 30.3 -0.3000000000000007 -18.125349473953264 -0.3000000000000007 -169.2534947395326 0.0
4.298659801483154 30.3 -0.3000000000000007 -18.1256816673279 -0.3000000000000007 -169.25681667327896 0.0
4.309855699539185 30.4 -0.3999999999999986 -21.205682304630002 -0.3999999999999986 -169.26129503250138 -8.931842671266233
4.320564031600952 30.4 -0.3999999999999986 -18.526557836532604 -0.3999999999999986 -169.2655783653261 0.0
4.330644369125366 30.4 -0.3999999999999986 -18.52696105003358 -0.3999999999999986 -169.26961050033586 0.0
4.342049598693848 30.4 -0.3999999999999986 -18.527417259216318 -0.3999999999999986 -169.27417259216324 0.0
4.352640390396118 30.4 -0.3999999999999986 -18.52784089088441 -0.3999999999999986 -169.27840890884414 0.0
4.3643786907196045 30.2 -0.1999999999999993 -12.616603097277622 -0.1999999999999993 -169.28075656890883 17.038241865377525
4.37463641166687 30.2 -0.1999999999999993 -17.728280811309826 -0.1999999999999993 -169.28280811309827 0.0
4.386406183242798 30.3 -0.3000000000000007 -20.677536387947804 -0.3000000000000007 -169.28633904457104 -8.496341611635659
4.396440505981445 30.3 -0.3000000000000007 -18.128934934139266 -0.3000000000000007 -169.28934934139264 0.0
4.408045530319214 30.3 -0.3000000000000007 -18.1292830848694 -0.3000000000000007 -169.29283084869397 0.0
4.4180943965911865 30.3 -0.3000000000000007 -18.129584550857558 -0.3000000000000007 -169.29584550857555 0.0
4.429100513458252 29.7 0.3000000000000007 0.6252875818285766 0.3000000000000007 -169.29254367351544 54.5151398306004
4.439829111099243 29.7 0.3000000000000007 -15.728932509422311 0.3000000000000007 -169.28932509422313 0.0
4.450745344161987 30.4 -0.3999999999999986 -37.76677447914841 -0.3999999999999986 -169.29369158744822 -64.12468440134532
4.462497234344482 30.4 -0.3999999999999986 -18.529839234352117 -0.3999999999999986 -169.29839234352121 0.0
4.473299026489258 30.2 -0.1999999999999993 -12.17542144686038 -0.1999999999999993 -169.30055270195018 18.515446077782126
4.483706712722778 30.2 -0.1999999999999993 -17.730263423919688 -0.1999999999999993 -169.3026342391969 0.0
4.493824481964111 30.2 -0.1999999999999993 -17.730465779304513 -0.1999999999999993 -169.30465779304515 0.0
4.504118204116821 30.2 -0.1999999999999993 -17.730671653747567 -0.1999999999999993 -169.3067165374757 0.0
4.515219449996948 30.2 -0.1999999999999993 -17.73089367866517 -0.1999999999999993 -169.3089367866517 0.0
4.526774644851685 30.2 -0.1999999999999993 -17.731124782562265 -0.1999999999999993 -169.31124782562267 0.0
4.537830591201782 30.2 -0.1999999999999993 -17.731345901489266 -0.1999999999999993 -169.3134590148927 0.0
4.550063133239746 29.7 0.3000000000000007 -3.468605369962761 0.3000000000000007 -169.3097892522813 40.874578517551214
4.561030626296997 29.7 0.3000000000000007 -15.730649900436411 0.3000000000000007 -169.30649900436413 0.0
4.572201728820801 29.7 0.3000000000000007 -15.730314767360696 0.3000000000000007 -169.303147673607 0.0
4.582416772842407 29.7 0.3000000000000007 -15.730008316040049 0.3000000000000007 -169.3000831604005 0.0
4.597670078277588 29.8 0.1999999999999993 -18.096490063942664 0.1999999999999993 -169.29703249931347 -6.555956046704377
4.609621047973633 29.8 0.1999999999999993 -16.12946423053743 0.1999999999999993 -169.29464230537425 0.0
4.62082052230835 30.2 -0.1999999999999993 -28.444476826487225 -0.1999999999999993 -169.29688220024119 -35.7159620215437
4.630941867828369 30.2 -0.1999999999999993 -17.729890646934518 -0.1999999999999993 -169.29890646934518 0.0
4.642704486846924 30.2 -0.1999999999999993 -17.73012589931489 -0.1999999999999993 -169.3012589931489 0.0
4.654836177825928 30.2 -0.1999999999999993 -17.730368533134467 -0.1999999999999993 -169.3036853313447 0.0
4.670390367507935 30.2 -0.1999999999999993 -17.730679616928107 -0.1999999999999993 -169.30679616928109 0.0
4.6812684535980225 29.6 0.3999999999999986 1.2167839552069672 0.3999999999999986 -169.30244493484506 55.15676149563826
4.692133903503418 29.6 0.3999999999999986 -15.329809875488294 0.3999999999999986 -169.2980987548829 0.0
4.702590227127075 29.4 0.6000000000000014 -8.791028039541608 0.6000000000000014 -169.29182496070868 19.127181521764186
4.715857982635498 29.4 0.6000000000000014 -14.528386430740358 0.6000000000000014 -169.28386430740363 0.0
4.725887775421143 29.4 0.6000000000000014 -14.52778464317322 0.6000000000000014 -169.27784643173226 0.0
4.736945152282715 29.4 0.6000000000000014 -14.527121200561528 0.6000000000000014 -169.27121200561533 0.0
4.747930288314819 29.8 0.1999999999999993 -27.050753478307584 0.1999999999999993 -169.2690149784089 -36.412839934888964
4.759033918380737 29.8 0.1999999999999993 -16.126679425239576 0.1999999999999993 -169.26679425239573 0.0
4.770369529724121 29.8 0.1999999999999993 -16.126452713012707 0.1999999999999993 -169.26452713012705 0.0
4.780956029891968 29.8 0.1999999999999993 -16.12624098300935 0.1999999999999993 -169.26240983009347 0.0
4.791067123413086 29.8 0.1999999999999993 -16.12603876113893 0.1999999999999993 -169.26038761138926 0.0
4.804043531417847 29.6 0.3999999999999986 -10.70174400525788 0.3999999999999986 -169.25519704818737 15.412585665202878
4.8151514530181885 29.6 0.3999999999999986 -15.32507538795473 0.3999999999999986 -169.25075387954723 0.0
4.826753377914429 28.9 1.1000000000000014 5.576645523960671 1.1000000000000014 -169.23799176216136 60.33481566725601
4.836827278137207 28.9 1.1000000000000014 -12.522691047191625 1.1000000000000014 -169.2269104719163 0.0
4.849015951156616 28.9 1.1000000000000014 -12.521350293159493 1.1000000000000014 -169.21350293159497 0.0
4.859111785888672 28.9 1.1000000000000014 -12.520239751338966 1.1000000000000014 -169.2023975133897 0.0
4.870683670043945 29.0 1.0 -15.511573085422246 1.0 -169.19082562923444 -8.641635074996001
4.880891799926758 29.0 1.0 -12.918061749935163 1.0 -169.18061749935163 0.0
4.891627550125122 29.0 1.0 -12.916988174915328 1.0 -169.16988174915326 0.0
4.901893854141235 29.0 1.0 -12.915961544513717 1.0 -169.15961544513715 0.0
4.913217544555664 29.0 1.0 -12.914829175472274 1.0 -169.14829175472272 0.0
4.923182249069214 29.0 1.0 -12.91383270502092 1.0 -169.13832705020917 0.0
4.933120012283325 29.0 1.0 -12.912838928699507 1.0 -169.12838928699506 0.0
4.944000720977783 29.0 1.0 -12.91175085783006 1.0 -169.1175085783006 0.0
4.955120325088501 29.0 1.0 -12.910638897418988 1.0 -169.10638897418988 0.0
4.967041254043579 29.0 1.0 -12.90944680452348 1.0 -169.0944680452348 0.0
4.976935386657715 29.0 1.0 -12.908457391262068 1.0 -169.08457391262067 0.0
4.988032579421997 28.7 1.3000000000000007 -3.5968555554292436 1.3000000000000007 -169.0701475620271 27.033864002578213
4.998574495315552 28.7 1.3000000000000007 -11.705644307136549 1.3000000000000007 -169.0564430713655 0.0
5.009236812591553 28.8 1.1999999999999993 -14.918012108864907 1.1999999999999993 -169.04364829063428 -9.37882426600492
5.020447731018066 28.8 1.1999999999999993 -12.10301951885225 1.1999999999999993 -169.03019518852247 0.0
5.031266927719116 28.8 1.1999999999999993 -12.101721215248126 1.1999999999999993 -169.01721215248122 0.0
5.04162859916687 28.8 1.1999999999999993 -12.100477814674395 1.1999999999999993 -169.00477814674392 0.0
5.053281784057617 28.1 1.8999999999999986 8.722560809144596 1.8999999999999986 -168.9826370954515 60.06941506229918
5.0639488697052 28.1 1.8999999999999986 -9.296236963272118 1.8999999999999986 -168.9623696327211 0.0
5.080475091934204 28.1 1.8999999999999986 -9.293096981048606 1.8999999999999986 -168.930969810486 0.0
5.090684413909912 28.1 1.8999999999999986 -9.291157209873223 1.8999999999999986 -168.91157209873217 0.0
5.101647138595581 28.2 1.8000000000000007 -12.425729884067303 1.8000000000000007 -168.89183919429797 -9.121819882125031
5.111843824386597 28.2 1.8000000000000007 -9.687348515987413 1.8000000000000007 -168.87348515987415 0.0
5.123692512512207 28.2 1.8000000000000007 -9.685215752124801 1.8000000000000007 -168.85215752124805 0.0
5.13374400138855 28.2 1.8000000000000007 -9.683406484127058 1.8000000000000007 -168.83406484127062 0.0
5.144657611846924 28.2 1.8000000000000007 -9.68144203424455 1.8000000000000007 -168.81442034244554 0.0
5.156438589096069 28.2 1.8000000000000007 -9.679321458339707 1.8000000000000007 -168.7932145833971 0.0
5.1684889793396 28.6 1.3999999999999986 -21.235818128454895 1.3999999999999986 -168.77634403705613 -33.19394574916426
5.178784608840942 28.6 1.3999999999999986 -11.27619301557543 1.3999999999999986 -168.76193015575424 0.0
5.189871072769165 28.6 1.3999999999999986 -11.274640910625479 1.3999999999999986 -168.74640910625473 0.0
5.200015306472778 28.6 1.3999999999999986 -11.273220717906973 1.3999999999999986 -168.73220717906966 0.0
5.210441827774048 28.6 1.3999999999999986 -11.271761004924794 1.3999999999999986 -168.7176100492479 0.0
5.222637414932251 28.6 1.3999999999999986 -11.27005362272265 1.3999999999999986 -168.70053622722642 0.0
5.233234643936157 28.6 1.3999999999999986 -11.2685700106621 1.3999999999999986 -168.68570010662094 0.0
5.24365496635437 28.6 1.3999999999999986 -11.267111165523552 1.3999999999999986 -168.67111165523545 0.0
5.254775047302246 28.1 1.8999999999999986 4.224112089169596 1.8999999999999986 -168.6499835014345 44.96370146437683
5.265288591384888 28.1 1.8999999999999986 -9.263000776767754 1.8999999999999986 -168.63000776767748 0.0
5.277252435684204 28.1 1.8999999999999986 -9.260727646350883 1.8999999999999986 -168.60727646350878 0.0
5.287261962890625 28.1 1.8999999999999986 -9.258825836181664 1.8999999999999986 -168.58825836181657 0.0
5.298573970794678 28.1 1.8999999999999986 -9.256676554679895 1.8999999999999986 -168.56676554679888 0.0
5.308602571487427 28.1 1.8999999999999986 -9.25477112054827 1.8999999999999986 -168.54771120548264 0.0
5.31999397277832 28.1 1.8999999999999986 -9.252606754302999 1.8999999999999986 -168.52606754302994 0.0
5.330087423324585 28.1 1.8999999999999986 -9.25068899869921 1.8999999999999986 -168.50688998699204 0.0
5.340614557266235 27.9 2.1000000000000014 -2.7489212955435143 2.1000000000000014 -168.48478300571458 18.998523350093127
5.351268291473389 27.9 2.1000000000000014 -8.446241016387951 2.1000000000000014 -168.46241016387955 0.0
5.376664400100708 28.0 2.0 -10.022445133785109 2.0 -168.41161794662492 -3.9376111304087154
5.40837287902832 28.0 2.0 -8.834820098876971 2.0 -168.3482009887697 0.0
5.423873662948608 27.9 2.1000000000000014 -6.496178946404719 2.1000000000000014 -168.31564934253709 6.451286626163284
5.438593864440918 27.9 2.1000000000000014 -8.428473691940319 2.1000000000000014 -168.28473691940323 0.0
5.451300621032715 27.8 2.1999999999999993 -5.664729541425336 2.1999999999999993 -168.25678205490127 7.869828880215984
5.462281703948975 27.8 2.1999999999999993 -8.023262367248552 2.1999999999999993 -168.2326236724855 0.0
5.479551315307617 27.8 2.1999999999999993 -8.019463052749654 2.1999999999999993 -168.19463052749649 0.0
5.490167617797852 27.8 2.1999999999999993 -8.0171274662018 2.1999999999999993 -168.17127466201796 0.0
5.500915050506592 27.8 2.1999999999999993 -8.014763031005877 2.1999999999999993 -168.14763031005873 0.0
5.5109570026397705 27.8 2.1999999999999993 -8.01255380153658 2.1999999999999993 -168.12553801536575 0.0
5.522675037384033 27.7 2.3000000000000007 -5.04970239400803 2.3000000000000007 -168.09858653545393 8.533854198457872
5.533904552459717 27.7 2.3000000000000007 -7.607275865077984 2.3000000000000007 -168.07275865077986 0.0
5.545146465301514 27.8 2.1999999999999993 -10.673387645949473 2.1999999999999993 -168.0480264425279 -8.895283338988929
5.55646014213562 27.8 2.1999999999999993 -8.002313635349292 2.1999999999999993 -168.02313635349287 0.0
5.567561626434326 27.8 2.1999999999999993 -7.9998713088035736 2.1999999999999993 -167.99871308803571 0.0
5.5786542892456055 27.8 2.1999999999999993 -7.997430922985092 2.1999999999999993 -167.9743092298509 0.0
5.589680433273315 27.8 2.1999999999999993 -7.995005171298995 2.1999999999999993 -167.95005171298993 0.0
5.599903345108032 27.8 2.1999999999999993 -7.9927561306953585 2.1999999999999993 -167.92756130695355 0.0
5.610476493835449 27.8 2.1999999999999993 -7.990430037975326 2.1999999999999993 -167.90430037975324 0.0
5.62850022315979 27.7 2.3000000000000007 -5.921812180532297 2.3000000000000007 -167.86284580230725 5.5482413323280815
5.638599395751953 27.7 2.3000000000000007 -7.5839617705345255 2.3000000000000007 -167.83961770534526 0.0
5.650317907333374 27.8 2.1999999999999993 -10.541435782379644 2.1999999999999993 -167.81383697986612 -8.533506947976765
5.660666465759277 27.8 2.1999999999999993 -7.979107015132918 2.1999999999999993 -167.79107015132914 0.0
5.6728527545928955 27.8 2.1999999999999993 -7.976426031589522 2.1999999999999993 -167.76426031589517 0.0
5.6841795444488525 27.8 2.1999999999999993 -7.97393413782121 2.1999999999999993 -167.73934137821206 0.0
5.694961786270142 27.8 2.1999999999999993 -7.971562044620526 2.1999999999999993 -167.71562044620524 0.0
5.705055475234985 27.8 2.1999999999999993 -7.96934143304826 2.1999999999999993 -167.69341433048257 0.0
5.71640944480896 27.8 2.1999999999999993 -7.966843559741985 2.1999999999999993 -167.66843559741983 0.0
5.727294921875 27.8 2.1999999999999993 -7.964448754787458 2.1999999999999993 -167.64448754787455 0.0
5.739194631576538 27.7 2.3000000000000007 -5.040641917126178 2.3000000000000007 -167.61711821556102 8.403566348099737
5.76577353477478 27.8 2.1999999999999993 -9.084579209892336 2.1999999999999993 -167.5586446285249 -3.7623824901328127
5.777202129364014 27.8 2.1999999999999993 -7.95335017204286 2.1999999999999993 -167.53350172042857 0.0
5.788396596908569 27.8 2.1999999999999993 -7.950887389183059 2.1999999999999993 -167.50887389183055 0.0
5.798423767089844 27.8 2.1999999999999993 -7.948681411743177 2.1999999999999993 -167.48681411743175 0.0
5.809044122695923 27.8 2.1999999999999993 -7.946344933509842 2.1999999999999993 -167.46344933509837 0.0
5.819058179855347 27.8 2.1999999999999993 -7.944141840934769 2.1999999999999993 -167.44141840934765 0.0
5.830571889877319 28.2 1.8000000000000007 -19.964426699395993 1.8000000000000007 -167.4206937313081 -34.74119108755061
5.840855121612549 28.2 1.8000000000000007 -9.540218391418467 1.8000000000000007 -167.4021839141847 0.0
5.851748943328857 28.2 1.8000000000000007 -9.53825750350953 1.8000000000000007 -167.38257503509533 0.0
5.861770391464233 28.2 1.8000000000000007 -9.536453642845164 1.8000000000000007 -167.36453642845166 0.0
5.884061336517334 28.1 1.8999999999999986 -7.786380404035954 1.8999999999999986 -167.32218363285077 4.48612653083043
5.899636268615723 28.0 2.0 -6.802931255504811 2.0 -167.291033768654 6.420573737868628
5.9112653732299805 28.0 2.0 -8.726777555942547 2.0 -167.26777555942547 0.0
5.922273874282837 28.0 2.0 -8.724575855731977 2.0 -167.24575855731976 0.0
5.933038711547852 27.3 2.6999999999999993 13.586289278045445 2.6999999999999993 -167.2166934967042 65.0265287590529
5.944560766220093 27.3 2.6999999999999993 -5.918558394908921 2.6999999999999993 -167.18558394908916 0.0
5.955300807952881 28.0 2.0 -28.269407034507818 2.0 -167.1641038656236 -65.17665549315153
5.966652870178223 28.0 2.0 -8.714139974117291 2.0 -167.1413997411729 0.0
5.976919412612915 27.3 2.6999999999999993 14.543424960455049 2.6999999999999993 -167.11368007659922 68.18264322704992
5.988785266876221 27.3 2.6999999999999993 -5.908164227008836 2.6999999999999993 -167.0816422700883 0.0
5.998809576034546 27.3 2.6999999999999993 -5.905457663536087 2.6999999999999993 -167.05457663536083 0.0
6.009855508804321 27.3 2.6999999999999993 -5.902475261688249 2.6999999999999993 -167.02475261688244 0.0
6.020064830780029 27.3 2.6999999999999993 -5.899718744754804 2.6999999999999993 -166.99718744754801 0.0
6.031764268875122 27.3 2.6999999999999993 -5.896559896469128 2.6999999999999993 -166.96559896469125 0.0
6.041786193847656 27.3 2.6999999999999993 -5.893853976726543 2.6999999999999993 -166.9385397672654 0.0
6.052832365036011 27.3 2.6999999999999993 -5.890871510505686 2.6999999999999993 -166.90871510505684 0.0
6.063054084777832 27.3 2.6999999999999993 -5.888111646175396 2.6999999999999993 -166.88111646175392 0.0
6.07404351234436 27.3 2.6999999999999993 -5.885144500732434 2.6999999999999993 -166.8514450073243 0.0
6.086504697799683 27.3 2.6999999999999993 -5.881779980659495 2.6999999999999993 -166.8177998065949 0.0
6.096957683563232 27.3 2.6999999999999993 -5.8789576745033365 2.6999999999999993 -166.78957674503332 0.0
6.106891632080078 27.3 2.6999999999999993 -5.876275508403786 2.6999999999999993 -166.76275508403782 0.0
6.117938756942749 27.3 2.6999999999999993 -5.8732927846908645 2.6999999999999993 -166.7329278469086 0.0
6.128009557723999 27.3 2.6999999999999993 -5.870573668479928 2.6999999999999993 -166.70573668479923 0.0
6.140230894088745 27.3 2.6999999999999993 -5.8672739076614455 2.6999999999999993 -166.67273907661442 0.0
6.150673866271973 27.3 2.6999999999999993 -5.8644543051719715 2.6999999999999993 -166.6445430517197 0.0
6.161755800247192 27.3 2.6999999999999993 -5.861462182998661 2.6999999999999993 -166.6146218299866 0.0
6.171785831451416 27.3 2.6999999999999993 -5.858754074573522 2.6999999999999993 -166.5875407457352 0.0
6.1838462352752686 27.3 2.6999999999999993 -5.8554977655410845 2.6999999999999993 -166.5549776554108 0.0
6.193822622299194 27.3 2.6999999999999993 -5.852804141044626 2.6999999999999993 -166.5280414104462 0.0
6.204795837402344 27.3 2.6999999999999993 -5.849841372966775 2.6999999999999993 -166.4984137296677 0.0
6.214770317077637 27.3 2.6999999999999993 -5.847148263454443 2.6999999999999993 -166.4714826345444 0.0
6.225894927978516 27.3 2.6999999999999993 -5.844144618511205 2.6999999999999993 -166.44144618511203 0.0
6.237045764923096 27.3 2.6999999999999993 -5.84113389253617 2.6999999999999993 -166.41133892536166 0.0
6.249895334243774 27.3 2.6999999999999993 -5.837664508819586 2.6999999999999993 -166.37664508819583 0.0
6.260065793991089 27.3 2.6999999999999993 -5.834918484687812 2.6999999999999993 -166.34918484687807 0.0
6.274742364883423 27.3 2.6999999999999993 -5.830955810546879 2.6999999999999993 -166.30955810546877 0.0
6.286785840988159 27.3 2.6999999999999993 -5.827704071998603 2.6999999999999993 -166.277040719986 0.0
6.297707557678223 27.3 2.6999999999999993 -5.824755208492288 2.6999999999999993 -166.24755208492283 0.0
6.308042764663696 27.3 2.6999999999999993 -5.821964702606209 2.6999999999999993 -166.21964702606206 0.0
6.319039583206177 27.3 2.6999999999999993 -5.818995561599742 2.6999999999999993 -166.18995561599738 0.0
6.329211473464966 27.3 2.6999999999999993 -5.816249151229869 2.6999999999999993 -166.16249151229866 0.0
6.340637683868408 28.0 2.0 -26.992760779258703 2.0 -166.13963909149177 -61.26265623369842
6.351154565811157 28.0 2.0 -8.611860532760627 2.0 -166.11860532760628 0.0
6.362057209014893 28.0 2.0 -8.60968000411988 2.0 -166.0968000411988 0.0
6.371898889541626 28.0 2.0 -8.607711668014534 2.0 -166.07711668014534 0.0
6.382793426513672 27.3 2.6999999999999993 13.470945799631206 2.6999999999999993 -166.0477014303208 64.2523864755443
6.394091367721558 27.3 2.6999999999999993 -5.801719698905956 2.6999999999999993 -166.01719698905953 0.0
6.404814720153809 27.3 2.6999999999999993 -5.79882439374925 2.6999999999999993 -165.98824393749246 0.0
6.414799213409424 27.3 2.6999999999999993 -5.796128580570233 2.6999999999999993 -165.9612858057023 0.0
6.42581033706665 27.3 2.6999999999999993 -5.793155577182784 2.6999999999999993 -165.9315557718278 0.0
6.436849355697632 27.3 2.6999999999999993 -5.790175042152416 2.6999999999999993 -165.90175042152413 0.0
6.4517576694488525 27.3 2.6999999999999993 -5.786149797439588 2.6999999999999993 -165.86149797439583 0.0
6.461992263793945 27.3 2.6999999999999993 -5.7833864569664115 2.6999999999999993 -165.8338645696641 0.0
6.47254490852356 27.3 2.6999999999999993 -5.780537242889416 2.6999999999999993 -165.80537242889412 0.0
6.483612775802612 27.3 2.6999999999999993 -5.777548918724072 2.6999999999999993 -165.77548918724068 0.0
6.49590802192688 27.3 2.6999999999999993 -5.774229202270519 2.6999999999999993 -165.74229202270516 0.0
6.507546663284302 27.3 2.6999999999999993 -5.771086769104013 2.6999999999999993 -165.7108676910401 0.0
6.518351078033447 27.3 2.6999999999999993 -5.768169577121746 2.6999999999999993 -165.68169577121742 0.0
6.529212713241577 27.3 2.6999999999999993 -5.765236935615551 2.6999999999999993 -165.65236935615548 0.0
6.5407891273498535 27.3 2.6999999999999993 -5.762111303806318 2.6999999999999993 -165.62111303806313 0.0
6.5523762702941895 27.3 2.6999999999999993 -5.758982775211347 2.6999999999999993 -165.58982775211342 0.0
6.564098119735718 27.3 2.6999999999999993 -5.755817875862132 2.6999999999999993 -165.5581787586213 0.0
6.574759244918823 27.3 2.6999999999999993 -5.752939372062695 2.6999999999999993 -165.5293937206269 0.0
6.58482551574707 27.3 2.6999999999999993 -5.750221478939064 2.6999999999999993 -165.50221478939062 0.0
6.597249507904053 27.3 2.6999999999999993 -5.746867001056682 2.6999999999999993 -165.46867001056677 0.0
6.607261657714844 27.3 2.6999999999999993 -5.744163720607769 2.6999999999999993 -165.44163720607764 0.0
6.617285490036011 27.3 2.6999999999999993 -5.741457285881051 2.6999999999999993 -165.4145728588105 0.0
6.632663011550903 27.3 2.6999999999999993 -5.737305355072031 2.6999999999999993 -165.37305355072027 0.0
6.646391868591309 27.3 2.6999999999999993 -5.733598563671119 2.6999999999999993 -165.33598563671117 0.0
6.656308650970459 27.3 2.6999999999999993 -5.73092103242875 2.6999999999999993 -165.30921032428748 0.0
6.667005777359009 27.3 2.6999999999999993 -5.728032808303844 2.6999999999999993 -165.2803280830384 0.0
6.685056924819946 27.3 2.6999999999999993 -5.723158998489392 2.6999999999999993 -165.23158998489387 0.0
6.697279930114746 27.3 2.6999999999999993 -5.7198587870597954 2.6999999999999993 -165.19858787059792 0.0
6.708494424819946 27.3 2.6999999999999993 -5.716830873489393 2.6999999999999993 -165.16830873489388 0.0
6.718674898147583 27.3 2.6999999999999993 -5.714082145690931 2.6999999999999993 -165.14082145690926 0.0
6.729285478591919 27.3 2.6999999999999993 -5.7112172889709605 2.6999999999999993 -165.11217288970957 0.0
6.740503311157227 27.3 2.6999999999999993 -5.708188474178325 2.6999999999999993 -165.08188474178323 0.0
6.753187894821167 27.3 2.6999999999999993 -5.70476363658906 2.6999999999999993 -165.04763636589058 0.0
6.763200998306274 27.3 2.6999999999999993 -5.702060098648083 2.6999999999999993 -165.0206009864808 0.0
6.774004220962524 27.3 2.6999999999999993 -5.699143228530897 2.6999999999999993 -164.99143228530892 0.0
6.784050226211548 27.3 2.6999999999999993 -5.696430807113657 2.6999999999999993 -164.96430807113654 0.0
6.796727418899536 27.3 2.6999999999999993 -5.693007965087901 2.6999999999999993 -164.93007965087898 0.0
6.806908130645752 27.3 2.6999999999999993 -5.690259172916424 2.6999999999999993 -164.9025917291642 0.0
6.817678689956665 27.3 2.6999999999999993 -5.687351121902477 2.6999999999999993 -164.87351121902472 0.0
6.827687978744507 27.3 2.6999999999999993 -5.68464861392976 2.6999999999999993 -164.84648613929755 0.0
6.837642431259155 27.3 2.6999999999999993 -5.681960911750803 2.6999999999999993 -164.819609117508 0.0
6.850160837173462 27.3 2.6999999999999993 -5.678580942153939 2.6999999999999993 -164.78580942153937 0.0
6.860342741012573 27.3 2.6999999999999993 -5.675831828117378 2.6999999999999993 -164.75831828117376 0.0
6.870875358581543 27.3 2.6999999999999993 -5.672988021373758 2.6999999999999993 -164.72988021373754 0.0
6.8809287548065186 27.3 2.6999999999999993 -5.670273604393014 2.6999999999999993 -164.70273604393012 0.0
6.891769647598267 27.3 2.6999999999999993 -5.667346563339244 2.6999999999999993 -164.6734656333924 0.0
6.903036117553711 27.3 2.6999999999999993 -5.664304616451272 2.6999999999999993 -164.6430461645127 0.0
6.913592338562012 27.3 2.6999999999999993 -5.661454436779032 2.6999999999999993 -164.61454436779027 0.0
6.923835754394531 27.3 2.6999999999999993 -5.658688714504251 2.6999999999999993 -164.58688714504248 0.0
6.934355020523071 27.3 2.6999999999999993 -5.655848512649545 2.6999999999999993 -164.5584851264954 0.0
6.944535493850708 27.3 2.6999999999999993 -5.653099784851083 2.6999999999999993 -164.5309978485108 0.0
6.9568469524383545 27.3 2.6999999999999993 -5.649775691032417 2.6999999999999993 -164.49775691032414 0.0
6.966820478439331 27.3 2.6999999999999993 -5.647082839012153 2.6999999999999993 -164.4708283901215 0.0
6.977137088775635 27.3 2.6999999999999993 -5.644297354221351 2.6999999999999993 -164.44297354221348 0.0
6.9872887134552 27.3 2.6999999999999993 -5.641556415557869 2.6999999999999993 -164.41556415557866 0.0
6.999676704406738 27.3 2.6999999999999993 -5.638211658000955 2.6999999999999993 -164.38211658000952 0.0
7.009696960449219 27.3 2.6999999999999993 -5.635506188869485 2.6999999999999993 -164.35506188869482 0.0
7.020090103149414 27.3 2.6999999999999993 -5.632700040340435 2.6999999999999993 -164.3270004034043 0.0
7.030149698257446 27.3 2.6999999999999993 -5.629983949661263 2.6999999999999993 -164.2998394966126 0.0
7.040865659713745 27.3 2.6999999999999993 -5.627090640068062 2.6999999999999993 -164.2709064006806 0.0
7.053036451339722 27.3 2.6999999999999993 -5.6238045263290495 2.6999999999999993 -164.23804526329045 0.0
7.0640177726745605 27.3 2.6999999999999993 -5.620839569568641 2.6999999999999993 -164.2083956956864 0.0
7.078850030899048 27.3 2.6999999999999993 -5.61683485984803 2.6999999999999993 -164.16834859848026 0.0
7.089968681335449 27.3 2.6999999999999993 -5.613832824230201 2.6999999999999993 -164.13832824230198 0.0
7.101250171661377 27.3 2.6999999999999993 -5.610786821842201 2.6999999999999993 -164.10786821842197 0.0
7.112486124038696 27.3 2.6999999999999993 -5.607753114700326 2.6999999999999993 -164.0775311470032 0.0
7.122445583343506 27.3 2.6999999999999993 -5.605064060688026 2.6999999999999993 -164.05064060688022 0.0
7.132856369018555 27.3 2.6999999999999993 -5.602253148555761 2.6999999999999993 -164.02253148555758 0.0
7.142835855484009 27.3 2.6999999999999993 -5.599558687210088 2.6999999999999993 -163.99558687210086 0.0
7.155261516571045 27.3 2.6999999999999993 -5.596203758716591 2.6999999999999993 -163.96203758716587 0.0
7.1658501625061035 27.3 2.6999999999999993 -5.593344824314126 2.6999999999999993 -163.9334482431412 0.0
7.176908493041992 27.3 2.6999999999999993 -5.590359075069436 2.6999999999999993 -163.90359075069432 0.0
7.187691688537598 27.3 2.6999999999999993 -5.587447612285622 2.6999999999999993 -163.87447612285618 0.0
7.198561668395996 27.3 2.6999999999999993 -5.584512717723854 2.6999999999999993 -163.8451271772385 0.0
7.2100608348846436 27.3 2.6999999999999993 -5.581407942771918 2.6999999999999993 -163.81407942771915 0.0
7.220780372619629 27.3 2.6999999999999993 -5.578513667583472 2.6999999999999993 -163.78513667583468 0.0
7.230791330337524 27.3 2.6999999999999993 -5.57581070899964 2.6999999999999993 -163.75810708999637 0.0
7.244869947433472 27.3 2.6999999999999993 -5.572009482383734 2.6999999999999993 -163.72009482383731 0.0
7.259155035018921 27.3 2.6999999999999993 -5.568152508735661 2.6999999999999993 -163.6815250873566 0.0
7.269166946411133 27.3 2.6999999999999993 -5.565449292659764 2.6999999999999993 -163.6544929265976 0.0
7.279600620269775 27.3 2.6999999999999993 -5.562632200717932 2.6999999999999993 -163.62632200717928 0.0
7.290266990661621 27.3 2.6999999999999993 -5.559752280712132 2.6999999999999993 -163.5975228071213 0.0
7.300302505493164 27.3 2.6999999999999993 -5.557042691707618 2.6999999999999993 -163.57042691707613 0.0
7.312197208404541 27.3 2.6999999999999993 -5.553831121921544 2.6999999999999993 -163.53831121921542 0.0
7.322266101837158 27.3 2.6999999999999993 -5.5511125206947405 2.6999999999999993 -163.51112520694736 0.0
7.332992315292358 27.3 2.6999999999999993 -5.548216443061836 2.6999999999999993 -163.48216443061833 0.0
7.343147039413452 27.3 2.6999999999999993 -5.54547466754914 2.6999999999999993 -163.45474667549138 0.0
7.356449604034424 27.3 2.6999999999999993 -5.54188297510148 2.6999999999999993 -163.41882975101475 0.0
7.366326808929443 27.3 2.6999999999999993 -5.539216129779824 2.6999999999999993 -163.3921612977982 0.0
7.376992702484131 27.3 2.6999999999999993 -5.536336338520055 2.6999999999999993 -163.36336338520053 0.0
7.386964321136475 27.3 2.6999999999999993 -5.533644001483925 2.6999999999999993 -163.3364400148392 0.0
7.397838115692139 27.3 2.6999999999999993 -5.530708076953896 2.6999999999999993 -163.3070807695389 0.0
7.409695625305176 27.3 2.6999999999999993 -5.527506549358375 2.6999999999999993 -163.27506549358372 0.0
7.420168876647949 27.3 2.6999999999999993 -5.524678771495825 2.6999999999999993 -163.24678771495823 0.0
7.43021035194397 27.3 2.6999999999999993 -5.521967573165902 2.6999999999999993 -163.21967573165898 0.0
7.452348947525024 27.3 2.6999999999999993 -5.5159901523590165 2.6999999999999993 -163.15990152359012 0.0
7.486821174621582 27.3 2.6999999999999993 -5.506682651042947 2.6999999999999993 -163.06682651042942 0.0
7.500735759735107 27.3 2.6999999999999993 -5.502925713062293 2.6999999999999993 -163.0292571306229 0.0
7.512733459472656 27.3 2.6999999999999993 -5.499686334133155 2.6999999999999993 -162.99686334133153 0.0
7.5230700969696045 27.3 2.6999999999999993 -5.496895442008981 2.6999999999999993 -162.96895442008977 0.0
7.536399602890015 27.3 2.6999999999999993 -5.493296475410471 2.6999999999999993 -162.93296475410466 0.0
7.546834945678711 27.3 2.6999999999999993 -5.490478932857524 2.6999999999999993 -162.9047893285752 0.0
7.556769609451294 27.3 2.6999999999999993 -5.487796573638928 2.6999999999999993 -162.87796573638923 0.0
7.566687822341919 27.3 2.6999999999999993 -5.485118656158459 2.6999999999999993 -162.85118656158454 0.0
7.577238082885742 27.3 2.6999999999999993 -5.482270085811624 2.6999999999999993 -162.8227008581162 0.0
7.5917370319366455 27.3 2.6999999999999993 -5.478355369567879 2.6999999999999993 -162.78355369567876 0.0
7.6018030643463135 27.3 2.6999999999999993 -5.475637540817271 2.6999999999999993 -162.75637540817266 0.0
7.61285138130188 27.3 2.6999999999999993 -5.472654495239265 2.6999999999999993 -162.72654495239263 0.0
7.622859477996826 27.3 2.6999999999999993 -5.4699523091316316 2.6999999999999993 -162.69952309131628 0.0
7.634810209274292 27.3 2.6999999999999993 -5.466725611686716 2.6999999999999993 -162.66725611686712 0.0
7.651873350143433 27.3 2.6999999999999993 -5.462118563652048 2.6999999999999993 -162.62118563652044 0.0
7.662870645523071 27.3 2.6999999999999993 -5.459149293899543 2.6999999999999993 -162.5914929389954 0.0
7.672865867614746 27.3 2.6999999999999993 -5.456450583934792 2.6999999999999993 -162.56450583934787 0.0
7.684683561325073 27.3 2.6999999999999993 -5.453259806633003 2.6999999999999993 -162.53259806633 0.0
7.694767713546753 27.3 2.6999999999999993 -5.450537085533149 2.6999999999999993 -162.50537085533145 0.0
7.707625865936279 27.3 2.6999999999999993 -5.447065384387976 2.6999999999999993 -162.47065384387972 0.0
7.7180187702178955 27.3 2.6999999999999993 -5.444259300231938 2.6999999999999993 -162.44259300231934 0.0
7.729033708572388 27.3 2.6999999999999993 -5.441285266876225 2.6999999999999993 -162.4128526687622 0.0
7.740022897720337 27.3 2.6999999999999993 -5.438318185806278 2.6999999999999993 -162.38318185806276 0.0
7.750957489013672 27.3 2.6999999999999993 -5.4353658461570795 2.6999999999999993 -162.35365846157075 0.0
7.762600421905518 27.3 2.6999999999999993 -5.4322222542762795 2.6999999999999993 -162.32222254276277 0.0
7.773286819458008 27.3 2.6999999999999993 -5.429336926937108 2.6999999999999993 -162.29336926937106 0.0
7.783601522445679 27.3 2.6999999999999993 -5.426551957130439 2.6999999999999993 -162.26551957130434 0.0
7.795168161392212 27.3 2.6999999999999993 -5.423428964614875 2.6999999999999993 -162.2342896461487 0.0
7.805194616317749 27.3 2.6999999999999993 -5.42072182178498 2.6999999999999993 -162.20721821784977 0.0
7.817047834396362 27.3 2.6999999999999993 -5.4175214529037525 2.6999999999999993 -162.1752145290375 0.0
7.827162027359009 27.3 2.6999999999999993 -5.4147906208038386 2.6999999999999993 -162.14790620803836 0.0
7.839003086090088 27.3 2.6999999999999993 -5.411593534946448 2.6999999999999993 -162.11593534946445 0.0
7.849576950073242 27.3 2.6999999999999993 -5.408738591670996 2.6999999999999993 -162.08738591670993 0.0
7.860289573669434 27.3 2.6999999999999993 -5.405846183300024 2.6999999999999993 -162.05846183300022 0.0
7.870294094085693 27.3 2.6999999999999993 -5.403144962787636 2.6999999999999993 -162.03144962787633 0.0
7.884632587432861 27.3 2.6999999999999993 -5.399273569583901 2.6999999999999993 -161.99273569583897 0.0
7.8964314460754395 27.3 2.6999999999999993 -5.3960878777504035 2.6999999999999993 -161.960878777504 0.0
7.907050132751465 27.3 2.6999999999999993 -5.393220832347875 2.6999999999999993 -161.93220832347873 0.0
7.917164087295532 27.3 2.6999999999999993 -5.390490064620977 2.6999999999999993 -161.90490064620974 0.0
7.928627967834473 27.3 2.6999999999999993 -5.387394816875464 2.6999999999999993 -161.8739481687546 0.0
7.939920425415039 27.3 2.6999999999999993 -5.3843458533287105 2.6999999999999993 -161.84345853328708 0.0
7.951114177703857 27.3 2.6999999999999993 -5.38132354021073 2.6999999999999993 -161.81323540210727 0.0
7.96110200881958 27.3 2.6999999999999993 -5.378626825809487 2.6999999999999993 -161.78626825809482 0.0
7.972048997879028 27.3 2.6999999999999993 -5.375671138763433 2.6999999999999993 -161.7567113876343 0.0
7.982093334197998 27.3 2.6999999999999993 -5.372959167957315 2.6999999999999993 -161.7295916795731 0.0
7.993825912475586 27.3 2.6999999999999993 -5.369791371822366 2.6999999999999993 -161.69791371822362 0.0
8.004013776779175 27.3 2.6999999999999993 -5.367040648460396 2.6999999999999993 -161.67040648460392 0.0
8.014566659927368 27.3 2.6999999999999993 -5.364191370010385 2.6999999999999993 -161.6419137001038 0.0
8.025197982788086 27.3 2.6999999999999993 -5.361320912837989 2.6999999999999993 -161.61320912837985 0.0
8.036355972290039 27.3 2.6999999999999993 -5.358308255672462 2.6999999999999993 -161.58308255672458 0.0
8.04788064956665 27.3 2.6999999999999993 -5.355196592807776 2.6999999999999993 -161.55196592807772 0.0
8.058701038360596 27.3 2.6999999999999993 -5.352275087833412 2.6999999999999993 -161.52275087833408 0.0
8.068658590316772 27.3 2.6999999999999993 -5.349586548805245 2.6999999999999993 -161.4958654880524 0.0
8.078885316848755 27.3 2.6999999999999993 -5.346825332641611 2.6999999999999993 -161.46825332641606 0.0
8.088781118392944 27.3 2.6999999999999993 -5.344153466224679 2.6999999999999993 -161.44153466224674 0.0
8.100406169891357 27.3 2.6999999999999993 -5.341014702320106 2.6999999999999993 -161.41014702320103 0.0
8.110496044158936 27.3 2.6999999999999993 -5.338290436267862 2.6999999999999993 -161.38290436267857 0.0
8.121233940124512 27.3 2.6999999999999993 -5.335391204357155 2.6999999999999993 -161.3539120435715 0.0
8.13216757774353 27.3 2.6999999999999993 -5.332439122200022 2.6999999999999993 -161.32439122200017 0.0
8.14366602897644 27.3 2.6999999999999993 -5.329334540367135 2.6999999999999993 -161.2933454036713 0.0
8.154576778411865 27.3 2.6999999999999993 -5.326388638019569 2.6999999999999993 -161.26388638019566 0.0
8.176823377609253 27.3 2.6999999999999993 -5.3203820562362765 2.6999999999999993 -161.20382056236272 0.0
8.187902212142944 27.3 2.6999999999999993 -5.31739077091218 2.6999999999999993 -161.17390770912175 0.0
8.199073314666748 27.3 2.6999999999999993 -5.314374573230751 2.6999999999999993 -161.14374573230748 0.0
8.209793090820312 27.3 2.6999999999999993 -5.31148023366929 2.6999999999999993 -161.11480233669286 0.0
8.219824075698853 27.3 2.6999999999999993 -5.308771867752082 2.6999999999999993 -161.0877186775208 0.0
8.230832576751709 27.3 2.6999999999999993 -5.305799572467812 2.6999999999999993 -161.05799572467808 0.0
8.240999937057495 27.3 2.6999999999999993 -5.3030543851852485 2.6999999999999993 -161.03054385185246 0.0
8.253855228424072 27.3 2.6999999999999993 -5.299583456516274 2.6999999999999993 -160.9958345651627 0.0
8.263833284378052 27.3 2.6999999999999993 -5.2968893814087 2.6999999999999993 -160.96889381408695 0.0
8.280195951461792 27.3 2.6999999999999993 -5.292471461296088 2.6999999999999993 -160.92471461296086 0.0
8.290426969528198 27.3 2.6999999999999993 -5.28970908641816 2.6999999999999993 -160.89709086418156 0.0
8.302536964416504 27.3 2.6999999999999993 -5.286439387798318 2.6999999999999993 -160.86439387798313 0.0
8.312650918960571 27.3 2.6999999999999993 -5.283708620071419 2.6999999999999993 -160.83708620071414 0.0
8.32318663597107 27.3 2.6999999999999993 -5.280863976478582 2.6999999999999993 -160.8086397647858 0.0
8.333855390548706 27.3 2.6999999999999993 -5.277983412742621 2.6999999999999993 -160.77983412742617 0.0
8.346620559692383 27.3 2.6999999999999993 -5.274536817073827 2.6999999999999993 -160.74536817073823 0.0
8.3565354347229 27.3 2.6999999999999993 -5.271859800815587 2.6999999999999993 -160.71859800815582 0.0
8.367256164550781 27.3 2.6999999999999993 -5.268965203762058 2.6999999999999993 -160.68965203762053 0.0
8.37726902961731 27.3 2.6999999999999993 -5.2662617301940955 2.6999999999999993 -160.6626173019409 0.0
8.388038635253906 27.3 2.6999999999999993 -5.263353936672214 2.6999999999999993 -160.6335393667221 0.0
8.399221420288086 27.3 2.6999999999999993 -5.260334584712986 2.6999999999999993 -160.60334584712982 0.0
8.410253524780273 27.3 2.6999999999999993 -5.257355916500096 2.6999999999999993 -160.57355916500092 0.0
8.420464754104614 27.3 2.6999999999999993 -5.254598884582524 2.6999999999999993 -160.5459888458252 0.0
8.431747674942017 27.3 2.6999999999999993 -5.251552495956428 2.6999999999999993 -160.51552495956423 0.0
8.45163869857788 27.3 2.6999999999999993 -5.246181919574745 2.6999999999999993 -160.4618191957474 0.0
8.461876392364502 27.3 2.6999999999999993 -5.243417742252358 2.6999999999999993 -160.43417742252353 0.0
8.472134828567505 27.3 2.6999999999999993 -5.240647964477546 2.6999999999999993 -160.40647964477543 0.0
8.482868194580078 27.3 2.6999999999999993 -5.237749955654152 2.6999999999999993 -160.3774995565415 0.0
8.496649026870728 27.3 2.6999999999999993 -5.234029130935678 2.6999999999999993 -160.34029130935673 0.0
8.509020566940308 27.3 2.6999999999999993 -5.230688815116888 2.6999999999999993 -160.30688815116886 0.0
8.519722938537598 27.3 2.6999999999999993 -5.227799174785623 2.6999999999999993 -160.2779917478562 0.0
8.530531167984009 27.3 2.6999999999999993 -5.22488095283509 2.6999999999999993 -160.24880952835088 0.0
8.541990280151367 27.3 2.6999999999999993 -5.221786992549905 2.6999999999999993 -160.217869925499 0.0
8.553607940673828 27.3 2.6999999999999993 -5.21865022420884 2.6999999999999993 -160.18650224208835 0.0
8.564987659454346 27.3 2.6999999999999993 -5.215577700138098 2.6999999999999993 -160.15577700138095 0.0
8.575052499771118 27.3 2.6999999999999993 -5.21286019325257 2.6999999999999993 -160.12860193252567 0.0
8.586446523666382 27.3 2.6999999999999993 -5.20978380680085 2.6999999999999993 -160.09783806800846 0.0
8.59633731842041 27.3 2.6999999999999993 -5.207113292217262 2.6999999999999993 -160.07113292217258 0.0
8.60788083076477 27.3 2.6999999999999993 -5.2039965438842835 2.6999999999999993 -160.0399654388428 0.0
8.617993354797363 27.3 2.6999999999999993 -5.201266162395484 2.6999999999999993 -160.0126616239548 0.0
8.628661632537842 27.3 2.6999999999999993 -5.1983857274055545 2.6999999999999993 -159.9838572740555 0.0
8.639119148254395 27.3 2.6999999999999993 -5.1955621981620865 2.6999999999999993 -159.95562198162082 0.0
8.65020203590393 27.3 2.6999999999999993 -5.192569818496711 2.6999999999999993 -159.92569818496708 0.0
8.666900634765625 27.3 2.6999999999999993 -5.188061196804055 2.6999999999999993 -159.8806119680405 0.0
8.68233036994934 27.3 2.6999999999999993 -5.183895168304453 2.6999999999999993 -159.83895168304448 0.0
8.6925790309906 27.3 2.6999999999999993 -5.181128029823311 2.6999999999999993 -159.81128029823307 0.0
8.7046377658844 27.3 2.6999999999999993 -5.177872171401985 2.6999999999999993 -159.7787217140198 0.0
8.717017650604248 27.3 2.6999999999999993 -5.174529602527626 2.6999999999999993 -159.74529602527622 0.0
8.73070740699768 27.3 2.6999999999999993 -5.1708333683014 2.6999999999999993 -159.70833368301396 0.0
8.741883754730225 27.3 2.6999999999999993 -5.167815754413613 2.6999999999999993 -159.6781575441361 0.0
8.753697633743286 27.3 2.6999999999999993 -5.164626007080086 2.6999999999999993 -159.64626007080082 0.0
8.764524698257446 27.3 2.6999999999999993 -5.161702699661262 2.6999999999999993 -159.6170269966126 0.0
8.776459455490112 27.3 2.6999999999999993 -5.158480315208443 2.6999999999999993 -159.5848031520844 0.0
8.78712773323059 27.3 2.6999999999999993 -5.155599880218512 2.6999999999999993 -159.5559988021851 0.0
8.797117471694946 27.3 2.6999999999999993 -5.152902650833136 2.6999999999999993 -159.52902650833133 0.0
8.809140682220459 27.3 2.6999999999999993 -5.14965638399125 2.6999999999999993 -159.49656383991245 0.0
8.819181203842163 27.3 2.6999999999999993 -5.146945443153388 2.6999999999999993 -159.46945443153385 0.0
8.82987928390503 27.3 2.6999999999999993 -5.144056961536414 2.6999999999999993 -159.4405696153641 0.0
8.84041976928711 27.3 2.6999999999999993 -5.141211030483252 2.6999999999999993 -159.41211030483248 0.0
8.85184931755066 27.3 2.6999999999999993 -5.138125052452095 2.6999999999999993 -159.3812505245209 0.0
8.862587213516235 27.3 2.6999999999999993 -5.135225820541388 2.6999999999999993 -159.35225820541385 0.0
8.873608350753784 27.3 2.6999999999999993 -5.132250113487249 2.6999999999999993 -159.32250113487245 0.0
8.883617877960205 27.3 2.6999999999999993 -5.129547541141514 2.6999999999999993 -159.2954754114151 0.0
8.89435076713562 27.3 2.6999999999999993 -5.126649661064153 2.6999999999999993 -159.2664966106415 0.0
8.906320571899414 27.3 2.6999999999999993 -5.1234178137779285 2.6999999999999993 -159.23417813777925 0.0
8.916856288909912 27.3 2.6999999999999993 -5.120573170185095 2.6999999999999993 -159.2057317018509 0.0
8.926795244216919 27.3 2.6999999999999993 -5.117889652252202 2.6999999999999993 -159.178896522522 0.0
8.937682867050171 27.3 2.6999999999999993 -5.114949994087224 2.6999999999999993 -159.1494999408722 0.0
8.948658227920532 27.3 2.6999999999999993 -5.111986646652227 2.6999999999999993 -159.11986646652224 0.0
8.960448980331421 27.3 2.6999999999999993 -5.108803143501289 2.6999999999999993 -159.08803143501285 0.0
8.970433950424194 27.3 2.6999999999999993 -5.10610720157624 2.6999999999999993 -159.06107201576236 0.0
8.99437403678894 27.3 2.6999999999999993 -5.09964337825776 2.6999999999999993 -158.99643378257755 0.0
9.00492262840271 27.3 2.6999999999999993 -5.096795258522043 2.6999999999999993 -158.9679525852204 0.0
9.016338348388672 27.3 2.6999999999999993 -5.093713014125832 2.6999999999999993 -158.93713014125828 0.0
9.027015209197998 27.3 2.6999999999999993 -5.090830261707314 2.6999999999999993 -158.9083026170731 0.0
9.03699278831482 27.3 2.6999999999999993 -5.088136315345773 2.6999999999999993 -158.8813631534577 0.0
9.048798322677612 27.6 2.3999999999999986 -13.908846084279434 2.3999999999999986 -158.853029870987 -25.411810323935757
9.060131072998047 27.6 2.3999999999999986 -6.282583127021802 2.3999999999999986 -158.82583127021795 0.0
9.0705726146698 27.3 2.6999999999999993 3.5396529176346654 2.6999999999999993 -158.7976391077042 28.731389428016964
9.085050582885742 27.3 2.6999999999999993 -5.07585485935212 2.6999999999999993 -158.75854859352117 0.0
9.096637964248657 27.3 2.6999999999999993 -5.072726266384132 2.6999999999999993 -158.7272626638413 0.0
9.106741428375244 27.3 2.6999999999999993 -5.069998331069954 2.6999999999999993 -158.6999833106995 0.0
9.118561506271362 27.3 2.6999999999999993 -5.066806910038004 2.6999999999999993 -158.66806910038 0.0
9.128577470779419 27.3 2.6999999999999993 -5.064102599620828 2.6999999999999993 -158.64102599620824 0.0
9.139280080795288 27.3 2.6999999999999993 -5.061212894916544 2.6999999999999993 -158.6121289491654 0.0
9.15044116973877 27.3 2.6999999999999993 -5.0581994009018025 2.6999999999999993 -158.581994009018 0.0
9.162023305892944 27.3 2.6999999999999993 -5.055072224140176 2.6999999999999993 -158.55072224140173 0.0
9.172129154205322 27.3 2.6999999999999993 -5.052343645095835 2.6999999999999993 -158.52343645095831 0.0
9.182649850845337 27.3 2.6999999999999993 -5.049503057003031 2.6999999999999993 -158.49503057003028 0.0
9.192775249481201 27.3 2.6999999999999993 -5.046769199371349 2.6999999999999993 -158.46769199371346 0.0
9.203637838363647 27.3 2.6999999999999993 -5.043836300373087 2.6999999999999993 -158.43836300373084 0.0
9.214657068252563 27.3 2.6999999999999993 -5.04086110830308 2.6999999999999993 -158.40861108303076 0.0
9.225169658660889 27.3 2.6999999999999993 -5.038022708892832 2.6999999999999993 -158.38022708892828 0.0
9.237860918045044 27.3 2.6999999999999993 -5.034596068859109 2.6999999999999993 -158.34596068859105 0.0
9.24861454963684 27.3 2.6999999999999993 -5.031692588329324 2.6999999999999993 -158.3169258832932 0.0
9.259252786636353 27.3 2.6999999999999993 -5.028820264339457 2.6999999999999993 -158.28820264339453 0.0
9.270877838134766 27.3 2.6999999999999993 -5.025681500434885 2.6999999999999993 -158.25681500434882 0.0
9.282389163970947 27.3 2.6999999999999993 -5.022573442459118 2.6999999999999993 -158.22573442459114 0.0
9.293181657791138 27.3 2.6999999999999993 -5.019659469127667 2.6999999999999993 -158.19659469127663 0.0
9.30325698852539 27.3 2.6999999999999993 -5.016939129829419 2.6999999999999993 -158.16939129829416 0.0
9.315080881118774 27.3 2.6999999999999993 -5.0137466788292055 2.6999999999999993 -158.13746678829202 0.0
9.325773000717163 27.3 2.6999999999999993 -5.010859806537638 2.6999999999999993 -158.10859806537636 0.0
9.336721658706665 27.3 2.6999999999999993 -5.0079036688804734 2.6999999999999993 -158.0790366888047 0.0
9.34756588935852 27.3 2.6999999999999993 -5.004975726604474 2.6999999999999993 -158.0497572660447 0.0
9.358440399169922 27.3 2.6999999999999993 -5.0020396089553945 2.6999999999999993 -158.0203960895539 0.0
9.369722366333008 27.3 2.6999999999999993 -4.998993477821362 2.6999999999999993 -157.98993477821358 0.0
9.380429983139038 27.3 2.6999999999999993 -4.996102421283732 2.6999999999999993 -157.9610242128373 0.0
9.390440225601196 27.3 2.6999999999999993 -4.993399655818948 2.6999999999999993 -157.93399655818945 0.0
