0 0
0.00031304359436035156 93.7 -63.7 -191.10000000000002
0.043418169021606445 93.7 -63.7 -191.10000000000002
0.0555415153503418 93.7 -63.7 -191.10000000000002
0.06484627723693848 93.7 -63.7 -191.10000000000002
0.07477235794067383 93.7 -63.7 -191.10000000000002
0.08634519577026367 93.7 -63.7 -191.10000000000002
0.09718775749206543 93.7 -63.7 -191.10000000000002
0.10716700553894043 94.5 -64.5 -193.5
0.11672520637512207 94.5 -64.5 -193.5
0.1264190673828125 94.5 -64.5 -193.5
0.13652300834655762 93.9 -63.900000000000006 -191.70000000000002
0.1487133502960205 93.9 -63.900000000000006 -191.70000000000002
0.1587996482849121 93.9 -63.900000000000006 -191.70000000000002
0.1682138442993164 93.9 -63.900000000000006 -191.70000000000002
0.17757892608642578 93.9 -63.900000000000006 -191.70000000000002
0.18888139724731445 93.3 -63.3 -189.89999999999998
0.1993396282196045 93.3 -63.3 -189.89999999999998
0.20932769775390625 93.3 -63.3 -189.89999999999998
0.2188270092010498 93.3 -63.3 -189.89999999999998
0.22841405868530273 92.9 -62.900000000000006 -188.70000000000002
0.24693560600280762 92.9 -62.900000000000006 -188.70000000000002
0.25739097595214844 92.9 -62.900000000000006 -188.70000000000002
0.2673959732055664 92.9 -62.900000000000006 -188.70000000000002
0.2769157886505127 92.9 -62.900000000000006 -188.70000000000002
0.28650712966918945 92.9 -62.900000000000006 -188.70000000000002
0.2971992492675781 92.9 -62.900000000000006 -188.70000000000002
0.30822300910949707 92.9 -62.900000000000006 -188.70000000000002
0.3175642490386963 92.9 -62.900000000000006 -188.70000000000002
0.32722020149230957 92.9 -62.900000000000006 -188.70000000000002
0.3371422290802002 90.8 -60.8 -182.39999999999998
0.3478367328643799 90.8 -60.8 -182.39999999999998
0.3582947254180908 90.8 -60.8 -182.39999999999998
0.36833810806274414 90.3 -60.3 -180.89999999999998
0.37784743309020996 90.3 -60.3 -180.89999999999998
0.38715648651123047 90.3 -60.3 -180.89999999999998
0.39758920669555664 89.3 -59.3 -177.89999999999998
0.40822911262512207 89.3 -59.3 -177.89999999999998
0.4182109832763672 85.3 -55.3 -165.89999999999998
0.4386932849884033 85.3 -55.3 -165.89999999999998
0.44936466217041016 84.8 -54.8 -164.39999999999998
0.4600644111633301 84.8 -54.8 -164.39999999999998
0.4701240062713623 85.7 -55.7 -167.10000000000002
0.4793081283569336 85.7 -55.7 -167.10000000000002
0.49035072326660156 85.7 -55.7 -167.10000000000002
0.5010454654693604 85.7 -55.7 -167.10000000000002
0.5115089416503906 85.7 -55.7 -167.10000000000002
0.5215485095977783 83.4 -53.400000000000006 -160.20000000000002
0.5309627056121826 83.4 -53.400000000000006 -160.20000000000002
0.5405282974243164 83.4 -53.400000000000006 -160.20000000000002
0.5534470081329346 80.4 -50.400000000000006 -151.20000000000002
0.5640988349914551 80.4 -50.400000000000006 -151.20000000000002
0.574221134185791 81.7 -51.7 -155.10000000000002
0.5834963321685791 81.7 -51.7 -155.10000000000002
0.5922799110412598 81.7 -51.7 -155.10000000000002
0.6040422916412354 81.8 -51.8 -155.39999999999998
0.6145834922790527 81.8 -51.8 -155.39999999999998
0.6248335838317871 79.6 -49.599999999999994 -148.79999999999998
0.6345555782318115 79.6 -49.599999999999994 -148.79999999999998
0.6449000835418701 79.6 -49.599999999999994 -148.79999999999998
0.6563928127288818 78.2 -48.2 -144.60000000000002
0.6661503314971924 78.2 -48.2 -144.60000000000002
0.6753618717193604 78.2 -48.2 -144.60000000000002
0.6847717761993408 78.2 -48.2 -144.60000000000002
0.6943395137786865 78.2 -48.2 -144.60000000000002
0.7043373584747314 78.2 -48.2 -144.60000000000002
0.7146215438842773 78.2 -48.2 -144.60000000000002
0.7245521545410156 76.4 -46.400000000000006 -139.20000000000002
0.7343270778656006 76.4 -46.400000000000006 -139.20000000000002
0.74446702003479 75.8 -45.8 -137.39999999999998
0.7548973560333252 75.8 -45.8 -137.39999999999998
0.7654430866241455 75.8 -45.8 -137.39999999999998
0.7754061222076416 75.4 -45.400000000000006 -136.20000000000002
0.7848997116088867 75.4 -45.400000000000006 -136.20000000000002
0.7946858406066895 75.4 -45.400000000000006 -136.20000000000002
0.8046255111694336 75.4 -45.400000000000006 -136.20000000000002
0.8150300979614258 75.4 -45.400000000000006 -136.20000000000002
0.8310246467590332 75.4 -45.400000000000006 -136.20000000000002
0.8418359756469727 75.4 -45.400000000000006 -136.20000000000002
0.8523414134979248 75.4 -45.400000000000006 -136.20000000000002
0.8635804653167725 75.4 -45.400000000000006 -136.20000000000002
0.873511791229248 72.9 -42.900000000000006 -128.70000000000002
0.8844671249389648 72.9 -42.900000000000006 -128.70000000000002
0.8940398693084717 72.9 -42.900000000000006 -128.70000000000002
0.9071807861328125 71.4 -41.400000000000006 -124.20000000000002
0.9175312519073486 71.4 -41.400000000000006 -124.20000000000002
0.9275622367858887 71.0 -41.0 -123.0
0.9381911754608154 71.0 -41.0 -123.0
0.9485876560211182 71.0 -41.0 -123.0
0.9579503536224365 71.0 -41.0 -123.0
0.9684438705444336 71.0 -41.0 -123.0
0.9775848388671875 71.0 -41.0 -123.0
0.9870357513427734 71.0 -41.0 -123.0
0.9965169429779053 69.3 -39.3 -117.89999999999999
1.007174015045166 69.3 -39.3 -117.89999999999999
1.0175261497497559 69.3 -39.3 -117.89999999999999
1.0274386405944824 68.1 -38.099999999999994 -114.29999999999998
1.0369846820831299 68.1 -38.099999999999994 -114.29999999999998
1.0471611022949219 67.7 -37.7 -113.10000000000001
1.0571608543395996 67.7 -37.7 -113.10000000000001
1.0675511360168457 67.7 -37.7 -113.10000000000001
1.0773005485534668 66.2 -36.2 -108.60000000000001
1.087015151977539 66.2 -36.2 -108.60000000000001
1.096588134765625 65.4 -35.400000000000006 -106.20000000000002
1.1065912246704102 65.4 -35.400000000000006 -106.20000000000002
1.1172077655792236 65.4 -35.400000000000006 -106.20000000000002
1.1270756721496582 65.1 -35.099999999999994 -105.29999999999998
1.1368474960327148 65.1 -35.099999999999994 -105.29999999999998
1.1472344398498535 64.4 -34.400000000000006 -103.20000000000002
1.157282829284668 64.4 -34.400000000000006 -103.20000000000002
1.1675848960876465 64.4 -34.400000000000006 -103.20000000000002
1.17759108543396 63.2 -33.2 -99.60000000000001
1.1872148513793945 63.2 -33.2 -99.60000000000001
1.197404146194458 62.6 -32.6 -97.80000000000001
1.2071692943572998 62.6 -32.6 -97.80000000000001
1.2180302143096924 62.6 -32.6 -97.80000000000001
1.2318921089172363 61.7 -31.700000000000003 -95.10000000000001
1.2413785457611084 61.6 -31.6 -94.80000000000001
1.257951259613037 61.6 -31.6 -94.80000000000001
1.2693195343017578 60.9 -30.9 -92.69999999999999
1.2790188789367676 60.9 -30.9 -92.69999999999999
1.288435459136963 60.9 -30.9 -92.69999999999999
1.3006362915039062 60.3 -30.299999999999997 -90.89999999999999
1.3148760795593262 59.7 -29.700000000000003 -89.10000000000001
1.3305151462554932 59.7 -29.700000000000003 -89.10000000000001
1.3463213443756104 59.0 -29.0 -87.0
1.359018087387085 59.0 -29.0 -87.0
1.3740229606628418 58.2 -28.200000000000003 -84.60000000000001
1.3834023475646973 58.2 -28.200000000000003 -84.60000000000001
1.393906593322754 57.8 -27.799999999999997 -83.39999999999999
1.4034056663513184 57.8 -27.799999999999997 -83.39999999999999
1.412245512008667 57.0 -27.0 -81.0
1.4241969585418701 57.0 -27.0 -81.0
1.4334251880645752 57.0 -27.0 -81.0
1.4444117546081543 56.3 -26.299999999999997 -78.89999999999999
1.4542677402496338 56.3 -26.299999999999997 -78.89999999999999
1.4644927978515625 55.9 -25.9 -77.69999999999999
1.474931001663208 55.9 -25.9 -77.69999999999999
1.4845061302185059 55.4 -25.4 -76.19999999999999
1.494619607925415 55.4 -25.4 -76.19999999999999
1.5042219161987305 55.4 -25.4 -76.19999999999999
1.5146021842956543 55.3 -25.299999999999997 -75.89999999999999
1.5262367725372314 55.3 -25.299999999999997 -75.89999999999999
1.5362911224365234 55.1 -25.1 -75.30000000000001
1.5468683242797852 55.1 -25.1 -75.30000000000001
1.5564134120941162 53.7 -23.700000000000003 -71.10000000000001
1.566793441772461 53.7 -23.700000000000003 -71.10000000000001
1.5771450996398926 53.7 -23.700000000000003 -71.10000000000001
1.5871248245239258 54.4 -24.4 -73.19999999999999
1.596787929534912 54.4 -24.4 -73.19999999999999
1.60683012008667 53.4 -23.4 -70.19999999999999
1.6166064739227295 53.4 -23.4 -70.19999999999999
1.6349554061889648 53.8 -23.799999999999997 -71.39999999999999
1.6460866928100586 53.8 -23.799999999999997 -71.39999999999999
1.6563286781311035 53.4 -23.4 -70.19999999999999
1.6659533977508545 53.4 -23.4 -70.19999999999999
1.6763219833374023 53.4 -23.4 -70.19999999999999
1.6864984035491943 53.2 -23.200000000000003 -69.60000000000001
1.696228265762329 53.2 -23.200000000000003 -69.60000000000001
1.7062029838562012 52.7 -22.700000000000003 -68.10000000000001
1.715491533279419 52.7 -22.700000000000003 -68.10000000000001
1.7270724773406982 51.8 -21.799999999999997 -65.39999999999999
1.7367312908172607 51.8 -21.799999999999997 -65.39999999999999
1.7472472190856934 51.8 -21.799999999999997 -65.39999999999999
1.7574877738952637 51.0 -21.0 -63.0
1.7669806480407715 51.0 -21.0 -63.0
1.7780065536499023 49.8 -19.799999999999997 -59.39999999999999
1.787883996963501 49.8 -19.799999999999997 -59.39999999999999
1.7972915172576904 49.0 -19.0 -57.0
1.8079643249511719 49.0 -19.0 -57.0
1.8171687126159668 49.0 -19.0 -57.0
1.8282721042633057 49.0 -19.0 -57.0
1.8374934196472168 49.0 -19.0 -57.0
1.8484082221984863 48.1 -18.1 -54.300000000000004
1.858015537261963 48.1 -18.1 -54.300000000000004
1.8688433170318604 47.5 -17.5 -52.5
1.8802509307861328 47.5 -17.5 -52.5
1.8894317150115967 47.5 -17.5 -52.5
1.900012731552124 46.9 -16.9 -50.699999999999996
1.9103736877441406 46.9 -16.9 -50.699999999999996
1.9205834865570068 46.4 -16.4 -49.199999999999996
1.931917667388916 46.4 -16.4 -49.199999999999996
1.9421632289886475 46.0 -16.0 -48.0
1.9521851539611816 46.0 -16.0 -48.0
1.9613251686096191 46.0 -16.0 -48.0
1.971139669418335 45.2 -15.200000000000003 -45.60000000000001
1.9820034503936768 45.2 -15.200000000000003 -45.60000000000001
1.9928154945373535 44.7 -14.700000000000003 -44.10000000000001
2.0021045207977295 44.7 -14.700000000000003 -44.10000000000001
2.012197971343994 44.7 -14.700000000000003 -44.10000000000001
2.02154803276062 44.7 -14.700000000000003 -44.10000000000001
2.0375277996063232 44.3 -14.299999999999997 -42.89999999999999
2.0484731197357178 44.3 -14.299999999999997 -42.89999999999999
2.0590195655822754 43.9 -13.899999999999999 -41.699999999999996
2.0687201023101807 43.9 -13.899999999999999 -41.699999999999996
2.080045700073242 43.7 -13.700000000000003 -41.10000000000001
2.0893285274505615 43.7 -13.700000000000003 -41.10000000000001
2.0990402698516846 43.7 -13.700000000000003 -41.10000000000001
2.109337329864502 43.5 -13.5 -40.5
2.118993043899536 43.5 -13.5 -40.5
2.1304330825805664 43.3 -13.299999999999997 -39.89999999999999
2.14001202583313 43.3 -13.299999999999997 -39.89999999999999
2.150583028793335 42.8 -12.799999999999997 -38.39999999999999
2.1602237224578857 42.8 -12.799999999999997 -38.39999999999999
2.1698415279388428 42.8 -12.799999999999997 -38.39999999999999
2.1808230876922607 42.7 -12.700000000000003 -38.10000000000001
2.1904428005218506 42.7 -12.700000000000003 -38.10000000000001
2.2007155418395996 42.5 -12.5 -37.5
2.2102248668670654 42.5 -12.5 -37.5
2.22019624710083 42.0 -12.0 -36.0
2.2295024394989014 42.0 -12.0 -36.0
2.2403786182403564 42.0 -12.0 -36.0
2.2509872913360596 42.0 -12.0 -36.0
2.266355037689209 41.8 -11.799999999999997 -35.39999999999999
2.27669358253479 41.8 -11.799999999999997 -35.39999999999999
2.288092613220215 41.6 -11.600000000000001 -34.800000000000004
2.2975430488586426 41.6 -11.600000000000001 -34.800000000000004
2.307316303253174 41.6 -11.600000000000001 -34.800000000000004
2.3188364505767822 41.1 -11.100000000000001 -33.300000000000004
2.328613758087158 41.1 -11.100000000000001 -33.300000000000004
2.340054512023926 41.2 -11.200000000000003 -33.60000000000001
2.3505804538726807 41.2 -11.200000000000003 -33.60000000000001
2.3607990741729736 41.0 -11.0 -33.0
2.3702266216278076 41.0 -11.0 -33.0
2.381164789199829 40.8 -10.799999999999997 -32.39999999999999
2.3918867111206055 40.8 -10.799999999999997 -32.39999999999999
2.4011070728302 40.3 -10.299999999999997 -30.89999999999999
2.411345958709717 40.3 -10.299999999999997 -30.89999999999999
2.4209327697753906 40.3 -10.299999999999997 -30.89999999999999
2.431018590927124 40.1 -10.100000000000001 -30.300000000000004
2.4473354816436768 40.1 -10.100000000000001 -30.300000000000004
2.4578371047973633 40.1 -10.100000000000001 -30.300000000000004
2.467428207397461 40.1 -10.100000000000001 -30.300000000000004
2.4774210453033447 39.9 -9.899999999999999 -29.699999999999996
2.488034725189209 39.9 -9.899999999999999 -29.699999999999996
2.4982926845550537 39.7 -9.700000000000003 -29.10000000000001
2.50787615776062 39.7 -9.700000000000003 -29.10000000000001
2.517240524291992 39.7 -9.700000000000003 -29.10000000000001
2.5274338722229004 39.7 -9.700000000000003 -29.10000000000001
2.5379178524017334 39.7 -9.700000000000003 -29.10000000000001
2.549482583999634 39.9 -9.899999999999999 -29.699999999999996
2.5591211318969727 39.9 -9.899999999999999 -29.699999999999996
2.5695431232452393 39.7 -9.700000000000003 -29.10000000000001
2.5792202949523926 39.7 -9.700000000000003 -29.10000000000001
2.5906689167022705 39.2 -9.200000000000003 -27.60000000000001
2.6002633571624756 39.2 -9.200000000000003 -27.60000000000001
2.6094822883605957 38.9 -8.899999999999999 -26.699999999999996
2.6199498176574707 38.9 -8.899999999999999 -26.699999999999996
2.6293251514434814 38.9 -8.899999999999999 -26.699999999999996
2.6405138969421387 39.3 -9.299999999999997 -27.89999999999999
2.6515164375305176 39.3 -9.299999999999997 -27.89999999999999
2.662113666534424 39.1 -9.100000000000001 -27.300000000000004
2.6714539527893066 39.1 -9.100000000000001 -27.300000000000004
2.6817991733551025 38.9 -8.899999999999999 -26.699999999999996
2.6923282146453857 38.9 -8.899999999999999 -26.699999999999996
2.702092409133911 38.9 -8.899999999999999 -26.699999999999996
2.7120907306671143 38.9 -8.899999999999999 -26.699999999999996
2.7214574813842773 38.9 -8.899999999999999 -26.699999999999996
2.731534719467163 38.4 -8.399999999999999 -25.199999999999996
2.7422611713409424 38.4 -8.399999999999999 -25.199999999999996
2.7543723583221436 38.5 -8.5 -25.5
2.7639431953430176 38.5 -8.5 -25.5
2.7740466594696045 38.5 -8.5 -25.5
2.7832553386688232 38.5 -8.5 -25.5
2.7938404083251953 38.3 -8.299999999999997 -24.89999999999999
2.804196834564209 38.3 -8.299999999999997 -24.89999999999999
2.813507318496704 38.3 -8.299999999999997 -24.89999999999999
2.8311638832092285 38.0 -8.0 -24.0
2.8554584980010986 38.2 -8.200000000000003 -24.60000000000001
2.866161584854126 38.3 -8.299999999999997 -24.89999999999999
2.8759706020355225 38.3 -8.299999999999997 -24.89999999999999
2.8865139484405518 38.0 -8.0 -24.0
2.89735746383667 38.0 -8.0 -24.0
2.907559633255005 38.0 -8.0 -24.0
2.9178271293640137 38.0 -8.0 -24.0
2.9271349906921387 38.0 -8.0 -24.0
2.937917709350586 37.6 -7.600000000000001 -22.800000000000004
2.9502508640289307 37.6 -7.600000000000001 -22.800000000000004
2.9606008529663086 37.6 -7.600000000000001 -22.800000000000004
2.9702203273773193 37.6 -7.600000000000001 -22.800000000000004
2.980222463607788 37.6 -7.600000000000001 -22.800000000000004
2.9894156455993652 37.6 -7.600000000000001 -22.800000000000004
3.0002033710479736 37.6 -7.600000000000001 -22.800000000000004
3.010136842727661 37.4 -7.399999999999999 -22.199999999999996
3.0193581581115723 37.4 -7.399999999999999 -22.199999999999996
3.029442548751831 37.0 -7.0 -21.0
3.038888931274414 37.0 -7.0 -21.0
3.0507471561431885 37.2 -7.200000000000003 -21.60000000000001
3.0610249042510986 37.2 -7.200000000000003 -21.60000000000001
3.070845365524292 37.2 -7.200000000000003 -21.60000000000001
3.080979824066162 37.2 -7.200000000000003 -21.60000000000001
3.090782403945923 37.2 -7.200000000000003 -21.60000000000001
3.1022486686706543 37.0 -7.0 -21.0
3.113521099090576 37.0 -7.0 -21.0
3.123427391052246 36.5 -6.5 -19.5
3.1327593326568604 36.5 -6.5 -19.5
3.143383264541626 36.5 -6.5 -19.5
3.154984951019287 36.5 -6.5 -19.5
3.1658644676208496 36.6 -6.600000000000001 -19.800000000000004
3.1763296127319336 36.6 -6.600000000000001 -19.800000000000004
3.186091661453247 36.6 -6.600000000000001 -19.800000000000004
3.1963253021240234 36.6 -6.600000000000001 -19.800000000000004
3.2066831588745117 36.6 -6.600000000000001 -19.800000000000004
3.219578266143799 36.4 -6.399999999999999 -19.199999999999996
3.2292370796203613 36.4 -6.399999999999999 -19.199999999999996
3.2443273067474365 35.7 -5.700000000000003 -17.10000000000001
3.255479097366333 36.4 -6.399999999999999 -19.199999999999996
3.2666893005371094 36.4 -6.399999999999999 -19.199999999999996
3.2818825244903564 36.2 -6.200000000000003 -18.60000000000001
3.2921791076660156 36.2 -6.200000000000003 -18.60000000000001
3.303929328918457 36.1 -6.100000000000001 -18.300000000000004
3.313401937484741 36.1 -6.100000000000001 -18.300000000000004
3.322277307510376 36.1 -6.100000000000001 -18.300000000000004
3.334174394607544 35.5 -5.5 -16.5
3.344202995300293 35.5 -5.5 -16.5
3.3553693294525146 35.5 -5.5 -16.5
3.3658459186553955 35.5 -5.5 -16.5
3.3765323162078857 35.7 -5.700000000000003 -17.10000000000001
3.3894736766815186 35.7 -5.700000000000003 -17.10000000000001
3.4055676460266113 35.7 -5.700000000000003 -17.10000000000001
3.4193267822265625 35.3 -5.299999999999997 -15.899999999999991
3.433509111404419 35.3 -5.299999999999997 -15.899999999999991
3.448603868484497 34.8 -4.799999999999997 -14.399999999999991
3.462209939956665 35.5 -5.5 -16.5
3.4727697372436523 35.5 -5.5 -16.5
3.4821064472198486 35.5 -5.5 -16.5
3.4927680492401123 35.3 -5.299999999999997 -15.899999999999991
3.501983165740967 35.3 -5.299999999999997 -15.899999999999991
3.513974189758301 35.3 -5.299999999999997 -15.899999999999991
3.5232162475585938 35.3 -5.299999999999997 -15.899999999999991
3.5320606231689453 34.9 -4.899999999999999 -14.699999999999996
3.5421266555786133 34.9 -4.899999999999999 -14.699999999999996
3.5523338317871094 34.9 -4.899999999999999 -14.699999999999996
3.5646955966949463 34.7 -4.700000000000003 -14.100000000000009
3.574326515197754 34.7 -4.700000000000003 -14.100000000000009
3.584364652633667 34.7 -4.700000000000003 -14.100000000000009
3.594078779220581 34.7 -4.700000000000003 -14.100000000000009
3.6039116382598877 34.7 -4.700000000000003 -14.100000000000009
3.6144533157348633 34.7 -4.700000000000003 -14.100000000000009
3.6241250038146973 34.7 -4.700000000000003 -14.100000000000009
3.634164571762085 34.7 -4.700000000000003 -14.100000000000009
3.648179292678833 34.9 -4.899999999999999 -14.699999999999996
3.6599297523498535 34.9 -4.899999999999999 -14.699999999999996
3.6702311038970947 34.9 -4.899999999999999 -14.699999999999996
3.6802217960357666 34.9 -4.899999999999999 -14.699999999999996
3.689472198486328 34.9 -4.899999999999999 -14.699999999999996
3.6995105743408203 34.5 -4.5 -13.5
3.710270643234253 34.5 -4.5 -13.5
3.720440626144409 34.0 -4.0 -12.0
3.730011463165283 34.0 -4.0 -12.0
3.739315986633301 34.0 -4.0 -12.0
3.7502856254577637 34.0 -4.0 -12.0
3.7604472637176514 34.0 -4.0 -12.0
3.770960569381714 34.0 -4.0 -12.0
3.7805867195129395 34.0 -4.0 -12.0
3.7907466888427734 34.0 -4.0 -12.0
3.8001327514648438 34.0 -4.0 -12.0
3.810681104660034 34.5 -4.5 -13.5
3.820404291152954 34.5 -4.5 -13.5
3.829554557800293 34.5 -4.5 -13.5
3.839487314224243 34.0 -4.0 -12.0
3.8495867252349854 34.0 -4.0 -12.0
3.8607337474823 34.0 -4.0 -12.0
3.87034010887146 34.0 -4.0 -12.0
3.8804025650024414 34.0 -4.0 -12.0
3.8894622325897217 34.0 -4.0 -12.0
3.900359630584717 34.0 -4.0 -12.0
3.9122085571289062 33.8 -3.799999999999997 -11.399999999999991
3.9219002723693848 33.8 -3.799999999999997 -11.399999999999991
3.931885004043579 33.8 -3.799999999999997 -11.399999999999991
3.941161870956421 33.8 -3.799999999999997 -11.399999999999991
3.9522383213043213 33.8 -3.799999999999997 -11.399999999999991
3.963399887084961 33.8 -3.799999999999997 -11.399999999999991
3.9742143154144287 33.8 -3.799999999999997 -11.399999999999991
3.9835588932037354 33.8 -3.799999999999997 -11.399999999999991
3.9923579692840576 33.8 -3.799999999999997 -11.399999999999991
4.002834320068359 33.8 -3.799999999999997 -11.399999999999991
4.013464689254761 33.8 -3.799999999999997 -11.399999999999991
4.0239057540893555 33.8 -3.799999999999997 -11.399999999999991
4.033375024795532 33.8 -3.799999999999997 -11.399999999999991
4.048342227935791 33.8 -3.799999999999997 -11.399999999999991
4.058072328567505 33.8 -3.799999999999997 -11.399999999999991
4.06945276260376 34.0 -4.0 -12.0
4.079380512237549 34.0 -4.0 -12.0
4.0894927978515625 34.0 -4.0 -12.0
4.098982810974121 34.0 -4.0 -12.0
4.108299493789673 34.0 -4.0 -12.0
4.119458198547363 33.6 -3.6000000000000014 -10.800000000000004
4.1292877197265625 33.6 -3.6000000000000014 -10.800000000000004
4.139359712600708 33.6 -3.6000000000000014 -10.800000000000004
4.149994134902954 33.6 -3.6000000000000014 -10.800000000000004
4.160280704498291 33.4 -3.3999999999999986 -10.199999999999996
4.170634984970093 33.4 -3.3999999999999986 -10.199999999999996
4.18097996711731 33.4 -3.3999999999999986 -10.199999999999996
4.19059157371521 33.4 -3.3999999999999986 -10.199999999999996
4.200143098831177 33.4 -3.3999999999999986 -10.199999999999996
4.210199594497681 33.4 -3.3999999999999986 -10.199999999999996
4.220515012741089 33.4 -3.3999999999999986 -10.199999999999996
4.230539798736572 33.4 -3.3999999999999986 -10.199999999999996
4.240091323852539 33.4 -3.3999999999999986 -10.199999999999996
4.250836133956909 33.0 -3.0 -9.0
4.260424852371216 33.0 -3.0 -9.0
4.270761489868164 33.4 -3.3999999999999986 -10.199999999999996
4.280998945236206 33.4 -3.3999999999999986 -10.199999999999996
4.296891212463379 33.4 -3.3999999999999986 -10.199999999999996
4.3081254959106445 33.4 -3.3999999999999986 -10.199999999999996
4.319422245025635 33.4 -3.3999999999999986 -10.199999999999996
4.329190254211426 33.4 -3.3999999999999986 -10.199999999999996
4.339821100234985 33.4 -3.3999999999999986 -10.199999999999996
4.351799249649048 33.4 -3.3999999999999986 -10.199999999999996
4.36109185218811 33.4 -3.3999999999999986 -10.199999999999996
4.372351169586182 32.9 -2.8999999999999986 -8.699999999999996
4.382723093032837 32.9 -2.8999999999999986 -8.699999999999996
4.394208908081055 32.9 -2.8999999999999986 -8.699999999999996
4.403532981872559 32.9 -2.8999999999999986 -8.699999999999996
4.4155073165893555 32.9 -2.8999999999999986 -8.699999999999996
4.426929473876953 32.9 -2.8999999999999986 -8.699999999999996
4.436966896057129 32.9 -2.8999999999999986 -8.699999999999996
4.4511590003967285 32.9 -2.8999999999999986 -8.699999999999996
4.461945295333862 32.9 -2.8999999999999986 -8.699999999999996
4.474540710449219 32.9 -2.8999999999999986 -8.699999999999996
4.4845240116119385 32.9 -2.8999999999999986 -8.699999999999996
4.49442720413208 32.9 -2.8999999999999986 -8.699999999999996
4.504595518112183 32.9 -2.8999999999999986 -8.699999999999996
4.514812707901001 32.9 -2.8999999999999986 -8.699999999999996
4.525517702102661 32.9 -2.8999999999999986 -8.699999999999996
4.535838603973389 32.9 -2.8999999999999986 -8.699999999999996
4.546212434768677 32.9 -2.8999999999999986 -8.699999999999996
4.556265354156494 32.9 -2.8999999999999986 -8.699999999999996
4.56595516204834 32.9 -2.8999999999999986 -8.699999999999996
4.576803207397461 32.9 -2.8999999999999986 -8.699999999999996
4.58635139465332 32.9 -2.8999999999999986 -8.699999999999996
4.596698760986328 33.0 -3.0 -9.0
4.606188535690308 33.0 -3.0 -9.0
4.615277528762817 33.0 -3.0 -9.0
4.626354694366455 33.0 -3.0 -9.0
4.635417222976685 33.0 -3.0 -9.0
4.646254062652588 33.0 -3.0 -9.0
4.655369758605957 33.0 -3.0 -9.0
4.6654767990112305 33.0 -3.0 -9.0
4.6755452156066895 33.0 -3.0 -9.0
4.684782028198242 33.0 -3.0 -9.0
4.695502042770386 32.6 -2.6000000000000014 -7.800000000000004
4.70489764213562 32.6 -2.6000000000000014 -7.800000000000004
4.715409994125366 32.6 -2.6000000000000014 -7.800000000000004
4.725961208343506 32.6 -2.6000000000000014 -7.800000000000004
4.73583984375 33.0 -3.0 -9.0
4.746100187301636 33.0 -3.0 -9.0
4.7550506591796875 32.6 -2.6000000000000014 -7.800000000000004
4.76548171043396 32.6 -2.6000000000000014 -7.800000000000004
4.776339530944824 32.6 -2.6000000000000014 -7.800000000000004
4.786431074142456 33.0 -3.0 -9.0
4.796263217926025 33.0 -3.0 -9.0
4.806092977523804 32.6 -2.6000000000000014 -7.800000000000004
4.8153533935546875 32.6 -2.6000000000000014 -7.800000000000004
4.846641778945923 33.0 -3.0 -9.0
4.857587814331055 33.0 -3.0 -9.0
4.8672473430633545 33.0 -3.0 -9.0
4.877084255218506 33.0 -3.0 -9.0
4.8889899253845215 33.0 -3.0 -9.0
4.900257110595703 33.0 -3.0 -9.0
4.910509824752808 33.0 -3.0 -9.0
4.921349048614502 33.0 -3.0 -9.0
4.930875539779663 33.0 -3.0 -9.0
4.940311670303345 33.0 -3.0 -9.0
4.951361656188965 33.0 -3.0 -9.0
4.960732936859131 33.0 -3.0 -9.0
4.970799684524536 33.0 -3.0 -9.0
4.9802024364471436 33.0 -3.0 -9.0
4.990169286727905 33.0 -3.0 -9.0
4.999984502792358 33.0 -3.0 -9.0
5.010122299194336 32.8 -2.799999999999997 -8.399999999999991
5.020308017730713 32.8 -2.799999999999997 -8.399999999999991
5.029507637023926 32.8 -2.799999999999997 -8.399999999999991
5.0400168895721436 32.8 -2.799999999999997 -8.399999999999991
5.050261497497559 32.8 -2.799999999999997 -8.399999999999991
5.061945199966431 32.8 -2.799999999999997 -8.399999999999991
5.071158409118652 32.8 -2.799999999999997 -8.399999999999991
5.081347465515137 32.8 -2.799999999999997 -8.399999999999991
5.090861558914185 32.8 -2.799999999999997 -8.399999999999991
5.100771427154541 32.8 -2.799999999999997 -8.399999999999991
5.111586570739746 32.8 -2.799999999999997 -8.399999999999991
5.121012449264526 32.8 -2.799999999999997 -8.399999999999991
5.131294250488281 32.8 -2.799999999999997 -8.399999999999991
5.140819311141968 32.8 -2.799999999999997 -8.399999999999991
5.152175426483154 32.8 -2.799999999999997 -8.399999999999991
5.162336587905884 32.8 -2.799999999999997 -8.399999999999991
5.172882318496704 32.8 -2.799999999999997 -8.399999999999991
5.182061433792114 32.8 -2.799999999999997 -8.399999999999991
5.191184759140015 32.8 -2.799999999999997 -8.399999999999991
5.201131582260132 32.8 -2.799999999999997 -8.399999999999991
5.212097883224487 32.8 -2.799999999999997 -8.399999999999991
5.222247123718262 32.8 -2.799999999999997 -8.399999999999991
5.231947898864746 32.8 -2.799999999999997 -8.399999999999991
5.247073411941528 32.8 -2.799999999999997 -8.399999999999991
5.257556438446045 32.8 -2.799999999999997 -8.399999999999991
5.2680823802948 32.8 -2.799999999999997 -8.399999999999991
5.277476787567139 32.8 -2.799999999999997 -8.399999999999991
5.287169694900513 32.8 -2.799999999999997 -8.399999999999991
5.297331094741821 32.8 -2.799999999999997 -8.399999999999991
5.314000844955444 32.6 -2.6000000000000014 -7.800000000000004
5.324321031570435 32.6 -2.6000000000000014 -7.800000000000004
5.334308862686157 32.6 -2.6000000000000014 -7.800000000000004
5.344543695449829 32.6 -2.6000000000000014 -7.800000000000004
5.354345321655273 32.6 -2.6000000000000014 -7.800000000000004
5.3664422035217285 32.6 -2.6000000000000014 -7.800000000000004
5.3760645389556885 32.6 -2.6000000000000014 -7.800000000000004
5.386095762252808 32.6 -2.6000000000000014 -7.800000000000004
5.395288944244385 32.6 -2.6000000000000014 -7.800000000000004
5.405027627944946 32.6 -2.6000000000000014 -7.800000000000004
5.4169793128967285 32.6 -2.6000000000000014 -7.800000000000004
5.427945613861084 32.6 -2.6000000000000014 -7.800000000000004
5.437268018722534 32.6 -2.6000000000000014 -7.800000000000004
5.447839021682739 32.6 -2.6000000000000014 -7.800000000000004
5.46081280708313 32.6 -2.6000000000000014 -7.800000000000004
5.474970102310181 32.6 -2.6000000000000014 -7.800000000000004
5.487910509109497 32.6 -2.6000000000000014 -7.800000000000004
5.501511096954346 32.6 -2.6000000000000014 -7.800000000000004
5.517089605331421 32.6 -2.6000000000000014 -7.800000000000004
5.528803110122681 32.6 -2.6000000000000014 -7.800000000000004
5.538194417953491 32.6 -2.6000000000000014 -7.800000000000004
5.5490429401397705 32.6 -2.6000000000000014 -7.800000000000004
5.558784246444702 32.6 -2.6000000000000014 -7.800000000000004
5.570150136947632 32.6 -2.6000000000000014 -7.800000000000004
5.579362154006958 32.6 -2.6000000000000014 -7.800000000000004
5.589549779891968 32.6 -2.6000000000000014 -7.800000000000004
5.599193811416626 32.6 -2.6000000000000014 -7.800000000000004
5.608792543411255 32.6 -2.6000000000000014 -7.800000000000004
5.620266675949097 32.6 -2.6000000000000014 -7.800000000000004
5.629470348358154 32.6 -2.6000000000000014 -7.800000000000004
5.63954758644104 32.6 -2.6000000000000014 -7.800000000000004
5.654425621032715 32.6 -2.6000000000000014 -7.800000000000004
5.666217565536499 32.6 -2.6000000000000014 -7.800000000000004
5.67557692527771 32.6 -2.6000000000000014 -7.800000000000004
5.686156988143921 32.6 -2.6000000000000014 -7.800000000000004
5.695407867431641 32.6 -2.6000000000000014 -7.800000000000004
5.705517530441284 32.6 -2.6000000000000014 -7.800000000000004
5.716558933258057 32.6 -2.6000000000000014 -7.800000000000004
5.726749658584595 32.6 -2.6000000000000014 -7.800000000000004
5.736300230026245 32.6 -2.6000000000000014 -7.800000000000004
5.746274471282959 32.6 -2.6000000000000014 -7.800000000000004
5.756392240524292 32.6 -2.6000000000000014 -7.800000000000004
5.766994953155518 32.6 -2.6000000000000014 -7.800000000000004
5.776916742324829 32.6 -2.6000000000000014 -7.800000000000004
5.786454439163208 32.6 -2.6000000000000014 -7.800000000000004
5.796465635299683 32.6 -2.6000000000000014 -7.800000000000004
5.806014537811279 32.6 -2.6000000000000014 -7.800000000000004
5.815014123916626 32.6 -2.6000000000000014 -7.800000000000004
5.827001333236694 32.6 -2.6000000000000014 -7.800000000000004
5.836556673049927 32.6 -2.6000000000000014 -7.800000000000004
5.84713888168335 32.6 -2.6000000000000014 -7.800000000000004
5.8567163944244385 32.6 -2.6000000000000014 -7.800000000000004
5.86787486076355 32.6 -2.6000000000000014 -7.800000000000004
5.877221584320068 32.6 -2.6000000000000014 -7.800000000000004
5.886954069137573 32.6 -2.6000000000000014 -7.800000000000004
5.896937608718872 32.6 -2.6000000000000014 -7.800000000000004
5.90726375579834 32.6 -2.6000000000000014 -7.800000000000004
5.918582439422607 32.6 -2.6000000000000014 -7.800000000000004
5.930207252502441 32.6 -2.6000000000000014 -7.800000000000004
5.940315246582031 32.6 -2.6000000000000014 -7.800000000000004
5.950866460800171 32.6 -2.6000000000000014 -7.800000000000004
5.961007118225098 32.6 -2.6000000000000014 -7.800000000000004
5.971484661102295 32.6 -2.6000000000000014 -7.800000000000004
5.981908559799194 32.6 -2.6000000000000014 -7.800000000000004
5.991159200668335 32.6 -2.6000000000000014 -7.800000000000004
6.000772476196289 32.6 -2.6000000000000014 -7.800000000000004
6.010999441146851 32.6 -2.6000000000000014 -7.800000000000004
6.021945238113403 32.6 -2.6000000000000014 -7.800000000000004
6.03223991394043 32.6 -2.6000000000000014 -7.800000000000004
6.041847229003906 32.6 -2.6000000000000014 -7.800000000000004
6.056960582733154 32.6 -2.6000000000000014 -7.800000000000004
6.066809892654419 32.6 -2.6000000000000014 -7.800000000000004
6.077522277832031 32.6 -2.6000000000000014 -7.800000000000004
6.0870747566223145 32.6 -2.6000000000000014 -7.800000000000004
6.097100257873535 32.6 -2.6000000000000014 -7.800000000000004
6.106727123260498 32.6 -2.6000000000000014 -7.800000000000004
6.116289377212524 32.6 -2.6000000000000014 -7.800000000000004
6.127995014190674 32.6 -2.6000000000000014 -7.800000000000004
6.137293338775635 32.6 -2.6000000000000014 -7.800000000000004
6.1480748653411865 32.6 -2.6000000000000014 -7.800000000000004
6.15753436088562 32.6 -2.6000000000000014 -7.800000000000004
6.167912006378174 32.6 -2.6000000000000014 -7.800000000000004
6.178398370742798 32.6 -2.6000000000000014 -7.800000000000004
6.188627243041992 32.6 -2.6000000000000014 -7.800000000000004
6.198145627975464 32.6 -2.6000000000000014 -7.800000000000004
6.2079877853393555 32.6 -2.6000000000000014 -7.800000000000004
6.2180516719818115 32.6 -2.6000000000000014 -7.800000000000004
6.229151487350464 32.6 -2.6000000000000014 -7.800000000000004
6.239406585693359 32.6 -2.6000000000000014 -7.800000000000004
6.250207424163818 32.6 -2.6000000000000014 -7.800000000000004
6.260314464569092 32.6 -2.6000000000000014 -7.800000000000004
6.269490003585815 32.6 -2.6000000000000014 -7.800000000000004
6.280750751495361 32.6 -2.6000000000000014 -7.800000000000004
6.290225505828857 32.6 -2.6000000000000014 -7.800000000000004
6.299410581588745 32.6 -2.6000000000000014 -7.800000000000004
6.3095479011535645 32.6 -2.6000000000000014 -7.800000000000004
6.326111555099487 32.6 -2.6000000000000014 -7.800000000000004
6.340258598327637 32.6 -2.6000000000000014 -7.800000000000004
6.3820881843566895 32.6 -2.6000000000000014 -7.800000000000004
6.391368389129639 32.6 -2.6000000000000014 -7.800000000000004
6.401324510574341 32.6 -2.6000000000000014 -7.800000000000004
6.410867929458618 32.6 -2.6000000000000014 -7.800000000000004
6.42089581489563 32.6 -2.6000000000000014 -7.800000000000004
6.432133913040161 32.6 -2.6000000000000014 -7.800000000000004
6.448870897293091 32.6 -2.6000000000000014 -7.800000000000004
6.458599328994751 32.6 -2.6000000000000014 -7.800000000000004
6.468991279602051 32.6 -2.6000000000000014 -7.800000000000004
6.479990005493164 32.6 -2.6000000000000014 -7.800000000000004
6.490383148193359 32.6 -2.6000000000000014 -7.800000000000004
6.499537706375122 32.6 -2.6000000000000014 -7.800000000000004
6.509124279022217 32.6 -2.6000000000000014 -7.800000000000004
6.519331932067871 32.6 -2.6000000000000014 -7.800000000000004
6.530033826828003 32.6 -2.6000000000000014 -7.800000000000004
6.540631055831909 32.6 -2.6000000000000014 -7.800000000000004
6.551124334335327 32.6 -2.6000000000000014 -7.800000000000004
6.5614635944366455 32.6 -2.6000000000000014 -7.800000000000004
6.570939064025879 32.6 -2.6000000000000014 -7.800000000000004
6.5822834968566895 32.6 -2.6000000000000014 -7.800000000000004
6.591803550720215 32.6 -2.6000000000000014 -7.800000000000004
6.601140260696411 32.6 -2.6000000000000014 -7.800000000000004
6.611393928527832 32.6 -2.6000000000000014 -7.800000000000004
6.620873689651489 32.6 -2.6000000000000014 -7.800000000000004
6.632140636444092 32.6 -2.6000000000000014 -7.800000000000004
6.64211630821228 32.6 -2.6000000000000014 -7.800000000000004
6.653338670730591 32.6 -2.6000000000000014 -7.800000000000004
6.66209864616394 32.6 -2.6000000000000014 -7.800000000000004
6.671826601028442 32.6 -2.6000000000000014 -7.800000000000004
6.682780981063843 32.6 -2.6000000000000014 -7.800000000000004
6.691895961761475 32.6 -2.6000000000000014 -7.800000000000004
6.701868534088135 32.6 -2.6000000000000014 -7.800000000000004
6.7110936641693115 32.6 -2.6000000000000014 -7.800000000000004
6.721175193786621 32.6 -2.6000000000000014 -7.800000000000004
6.732119560241699 32.6 -2.6000000000000014 -7.800000000000004
6.7433929443359375 32.6 -2.6000000000000014 -7.800000000000004
6.753396034240723 32.6 -2.6000000000000014 -7.800000000000004
6.762131214141846 32.6 -2.6000000000000014 -7.800000000000004
6.772148847579956 32.6 -2.6000000000000014 -7.800000000000004
6.782789707183838 32.6 -2.6000000000000014 -7.800000000000004
6.793428897857666 32.6 -2.6000000000000014 -7.800000000000004
6.802172422409058 32.6 -2.6000000000000014 -7.800000000000004
6.812262773513794 32.6 -2.6000000000000014 -7.800000000000004
6.8215861320495605 32.6 -2.6000000000000014 -7.800000000000004
6.831079006195068 32.6 -2.6000000000000014 -7.800000000000004
6.8439366817474365 32.6 -2.6000000000000014 -7.800000000000004
6.859071493148804 32.6 -2.6000000000000014 -7.800000000000004
6.8687920570373535 32.6 -2.6000000000000014 -7.800000000000004
6.878302812576294 32.6 -2.6000000000000014 -7.800000000000004
6.889525413513184 32.6 -2.6000000000000014 -7.800000000000004
6.899119853973389 32.6 -2.6000000000000014 -7.800000000000004
6.910344839096069 32.6 -2.6000000000000014 -7.800000000000004
6.91955041885376 32.6 -2.6000000000000014 -7.800000000000004
6.93014669418335 32.6 -2.6000000000000014 -7.800000000000004
6.940580368041992 32.6 -2.6000000000000014 -7.800000000000004
6.953423500061035 32.6 -2.6000000000000014 -7.800000000000004
6.9621312618255615 32.6 -2.6000000000000014 -7.800000000000004
6.971836566925049 32.6 -2.6000000000000014 -7.800000000000004
6.98184871673584 32.6 -2.6000000000000014 -7.800000000000004
6.992353677749634 32.6 -2.6000000000000014 -7.800000000000004
7.0022571086883545 32.6 -2.6000000000000014 -7.800000000000004
7.011582374572754 32.6 -2.6000000000000014 -7.800000000000004
7.021913051605225 32.6 -2.6000000000000014 -7.800000000000004
7.031347751617432 32.6 -2.6000000000000014 -7.800000000000004
7.043402671813965 32.6 -2.6000000000000014 -7.800000000000004
7.054158926010132 32.6 -2.6000000000000014 -7.800000000000004
7.063425064086914 32.6 -2.6000000000000014 -7.800000000000004
7.073432207107544 32.6 -2.6000000000000014 -7.800000000000004
7.086004734039307 32.6 -2.6000000000000014 -7.800000000000004
7.097083330154419 32.6 -2.6000000000000014 -7.800000000000004
7.106884717941284 32.6 -2.6000000000000014 -7.800000000000004
7.117088079452515 32.6 -2.6000000000000014 -7.800000000000004
7.126636981964111 32.6 -2.6000000000000014 -7.800000000000004
7.136907339096069 32.6 -2.6000000000000014 -7.800000000000004
7.14804220199585 32.6 -2.6000000000000014 -7.800000000000004
7.158693313598633 32.6 -2.6000000000000014 -7.800000000000004
7.168057680130005 32.6 -2.6000000000000014 -7.800000000000004
7.1774091720581055 32.6 -2.6000000000000014 -7.800000000000004
7.188465595245361 32.6 -2.6000000000000014 -7.800000000000004
7.198013782501221 32.6 -2.6000000000000014 -7.800000000000004
7.208204984664917 32.6 -2.6000000000000014 -7.800000000000004
7.217548847198486 32.6 -2.6000000000000014 -7.800000000000004
7.22796893119812 32.6 -2.6000000000000014 -7.800000000000004
7.237304925918579 32.6 -2.6000000000000014 -7.800000000000004
7.254481077194214 32.6 -2.6000000000000014 -7.800000000000004
7.2641761302948 32.6 -2.6000000000000014 -7.800000000000004
7.274419784545898 32.6 -2.6000000000000014 -7.800000000000004
7.284186840057373 32.6 -2.6000000000000014 -7.800000000000004
7.294484376907349 32.6 -2.6000000000000014 -7.800000000000004
7.304495334625244 32.6 -2.6000000000000014 -7.800000000000004
7.314121246337891 32.6 -2.6000000000000014 -7.800000000000004
7.324283123016357 32.6 -2.6000000000000014 -7.800000000000004
7.338974475860596 32.6 -2.6000000000000014 -7.800000000000004
7.351325035095215 32.6 -2.6000000000000014 -7.800000000000004
7.361145734786987 32.6 -2.6000000000000014 -7.800000000000004
7.371128082275391 32.6 -2.6000000000000014 -7.800000000000004
7.380908489227295 32.6 -2.6000000000000014 -7.800000000000004
7.3943047523498535 32.6 -2.6000000000000014 -7.800000000000004
7.403849124908447 32.6 -2.6000000000000014 -7.800000000000004
7.413574457168579 32.6 -2.6000000000000014 -7.800000000000004
7.4222259521484375 32.6 -2.6000000000000014 -7.800000000000004
7.431849002838135 32.6 -2.6000000000000014 -7.800000000000004
7.444246053695679 32.6 -2.6000000000000014 -7.800000000000004
7.455006122589111 32.6 -2.6000000000000014 -7.800000000000004
7.465570688247681 32.6 -2.6000000000000014 -7.800000000000004
7.474926233291626 32.6 -2.6000000000000014 -7.800000000000004
7.485409259796143 32.6 -2.6000000000000014 -7.800000000000004
7.4961607456207275 32.6 -2.6000000000000014 -7.800000000000004
7.506341218948364 32.6 -2.6000000000000014 -7.800000000000004
7.515557765960693 32.6 -2.6000000000000014 -7.800000000000004
7.524882555007935 32.6 -2.6000000000000014 -7.800000000000004
7.535859107971191 32.6 -2.6000000000000014 -7.800000000000004
7.551077365875244 32.6 -2.6000000000000014 -7.800000000000004
7.565070390701294 32.6 -2.6000000000000014 -7.800000000000004
7.578880071640015 32.6 -2.6000000000000014 -7.800000000000004
7.5919060707092285 32.6 -2.6000000000000014 -7.800000000000004
7.607403516769409 32.6 -2.6000000000000014 -7.800000000000004
7.6191229820251465 32.6 -2.6000000000000014 -7.800000000000004
7.629155158996582 32.6 -2.6000000000000014 -7.800000000000004
7.6388633251190186 32.6 -2.6000000000000014 -7.800000000000004
7.655497789382935 32.6 -2.6000000000000014 -7.800000000000004
7.666309356689453 32.6 -2.6000000000000014 -7.800000000000004
7.675965785980225 32.6 -2.6000000000000014 -7.800000000000004
7.68496561050415 32.6 -2.6000000000000014 -7.800000000000004
7.695571660995483 32.6 -2.6000000000000014 -7.800000000000004
7.706264972686768 32.6 -2.6000000000000014 -7.800000000000004
7.716180086135864 32.6 -2.6000000000000014 -7.800000000000004
7.72541356086731 32.6 -2.6000000000000014 -7.800000000000004
7.735834360122681 32.6 -2.6000000000000014 -7.800000000000004
7.74610710144043 32.6 -2.6000000000000014 -7.800000000000004
7.756397485733032 32.6 -2.6000000000000014 -7.800000000000004
7.766888856887817 32.6 -2.6000000000000014 -7.800000000000004
7.776435852050781 32.6 -2.6000000000000014 -7.800000000000004
7.789033889770508 32.6 -2.6000000000000014 -7.800000000000004
7.799351692199707 32.6 -2.6000000000000014 -7.800000000000004
7.809565782546997 32.6 -2.6000000000000014 -7.800000000000004
7.819166660308838 32.6 -2.6000000000000014 -7.800000000000004
7.834429025650024 32.6 -2.6000000000000014 -7.800000000000004
7.844573020935059 32.6 -2.6000000000000014 -7.800000000000004
7.8555824756622314 32.6 -2.6000000000000014 -7.800000000000004
7.866042852401733 32.6 -2.6000000000000014 -7.800000000000004
7.876246929168701 32.6 -2.6000000000000014 -7.800000000000004
7.8866682052612305 32.6 -2.6000000000000014 -7.800000000000004
7.896910190582275 32.6 -2.6000000000000014 -7.800000000000004
7.908237934112549 32.6 -2.6000000000000014 -7.800000000000004
7.917584419250488 32.6 -2.6000000000000014 -7.800000000000004
7.928038597106934 32.6 -2.6000000000000014 -7.800000000000004
7.938760042190552 32.6 -2.6000000000000014 -7.800000000000004
7.950026273727417 32.6 -2.6000000000000014 -7.800000000000004
7.960272550582886 32.6 -2.6000000000000014 -7.800000000000004
7.970612049102783 32.6 -2.6000000000000014 -7.800000000000004
7.9801037311553955 32.6 -2.6000000000000014 -7.800000000000004
7.9904139041900635 32.6 -2.6000000000000014 -7.800000000000004
7.9999470710754395 32.6 -2.6000000000000014 -7.800000000000004
8.010246276855469 32.6 -2.6000000000000014 -7.800000000000004
8.02016830444336 32.6 -2.6000000000000014 -7.800000000000004
8.029493570327759 32.6 -2.6000000000000014 -7.800000000000004
8.039825677871704 32.6 -2.6000000000000014 -7.800000000000004
8.055532455444336 32.6 -2.6000000000000014 -7.800000000000004
8.0658597946167 32.6 -2.6000000000000014 -7.800000000000004
8.076063394546509 32.6 -2.6000000000000014 -7.800000000000004
8.086182594299316 32.6 -2.6000000000000014 -7.800000000000004
8.095459938049316 32.6 -2.6000000000000014 -7.800000000000004
8.10675835609436 32.6 -2.6000000000000014 -7.800000000000004
8.116286993026733 32.6 -2.6000000000000014 -7.800000000000004
8.125514507293701 32.6 -2.6000000000000014 -7.800000000000004
8.1360023021698 32.6 -2.6000000000000014 -7.800000000000004
8.146161794662476 32.6 -2.6000000000000014 -7.800000000000004
8.157053470611572 32.6 -2.6000000000000014 -7.800000000000004
8.166786670684814 32.6 -2.6000000000000014 -7.800000000000004
8.177122116088867 32.6 -2.6000000000000014 -7.800000000000004
8.186739444732666 32.6 -2.6000000000000014 -7.800000000000004
8.196834802627563 32.6 -2.6000000000000014 -7.800000000000004
8.207200765609741 32.6 -2.6000000000000014 -7.800000000000004
8.216759443283081 32.6 -2.6000000000000014 -7.800000000000004
8.226998567581177 32.6 -2.6000000000000014 -7.800000000000004
8.236567258834839 32.6 -2.6000000000000014 -7.800000000000004
8.247296333312988 32.6 -2.6000000000000014 -7.800000000000004
8.257841348648071 32.6 -2.6000000000000014 -7.800000000000004
8.26755666732788 32.6 -2.6000000000000014 -7.800000000000004
8.27758502960205 32.6 -2.6000000000000014 -7.800000000000004
8.287311553955078 32.6 -2.6000000000000014 -7.800000000000004
8.29745864868164 32.6 -2.6000000000000014 -7.800000000000004
8.307990074157715 32.6 -2.6000000000000014 -7.800000000000004
8.317875862121582 32.6 -2.6000000000000014 -7.800000000000004
8.32722520828247 32.6 -2.6000000000000014 -7.800000000000004
8.337374210357666 32.6 -2.6000000000000014 -7.800000000000004
8.347568273544312 32.6 -2.6000000000000014 -7.800000000000004
8.365963697433472 32.6 -2.6000000000000014 -7.800000000000004
8.375056266784668 32.6 -2.6000000000000014 -7.800000000000004
8.386159896850586 32.6 -2.6000000000000014 -7.800000000000004
8.395373821258545 32.6 -2.6000000000000014 -7.800000000000004
8.406106233596802 32.6 -2.6000000000000014 -7.800000000000004
8.417341709136963 32.6 -2.6000000000000014 -7.800000000000004
8.427529096603394 32.6 -2.6000000000000014 -7.800000000000004
8.436989784240723 32.6 -2.6000000000000014 -7.800000000000004
8.447198629379272 32.6 -2.6000000000000014 -7.800000000000004
8.461904525756836 32.6 -2.6000000000000014 -7.800000000000004
8.474076271057129 32.6 -2.6000000000000014 -7.800000000000004
8.484169244766235 32.6 -2.6000000000000014 -7.800000000000004
8.493435621261597 32.6 -2.6000000000000014 -7.800000000000004
8.50355577468872 32.6 -2.6000000000000014 -7.800000000000004
8.51403546333313 32.6 -2.6000000000000014 -7.800000000000004
8.52417802810669 32.6 -2.6000000000000014 -7.800000000000004
8.53389310836792 32.6 -2.6000000000000014 -7.800000000000004
8.544220209121704 32.6 -2.6000000000000014 -7.800000000000004
8.553957223892212 32.6 -2.6000000000000014 -7.800000000000004
8.564274072647095 32.6 -2.6000000000000014 -7.800000000000004
8.574193954467773 32.6 -2.6000000000000014 -7.800000000000004
8.584022045135498 32.6 -2.6000000000000014 -7.800000000000004
8.594271898269653 32.6 -2.6000000000000014 -7.800000000000004
8.603544473648071 32.6 -2.6000000000000014 -7.800000000000004
8.614494562149048 32.6 -2.6000000000000014 -7.800000000000004
8.625816106796265 32.6 -2.6000000000000014 -7.800000000000004
8.636034965515137 32.6 -2.6000000000000014 -7.800000000000004
8.646278381347656 32.6 -2.6000000000000014 -7.800000000000004
8.65549373626709 32.6 -2.6000000000000014 -7.800000000000004
8.666536331176758 32.6 -2.6000000000000014 -7.800000000000004
8.676280498504639 32.6 -2.6000000000000014 -7.800000000000004
8.686808347702026 32.6 -2.6000000000000014 -7.800000000000004
8.696343183517456 32.6 -2.6000000000000014 -7.800000000000004
8.706592321395874 32.6 -2.6000000000000014 -7.800000000000004
8.716906785964966 32.6 -2.6000000000000014 -7.800000000000004
8.726471900939941 32.6 -2.6000000000000014 -7.800000000000004
8.736645221710205 32.6 -2.6000000000000014 -7.800000000000004
8.746949434280396 32.6 -2.6000000000000014 -7.800000000000004
8.75699758529663 32.6 -2.6000000000000014 -7.800000000000004
8.767401456832886 32.6 -2.6000000000000014 -7.800000000000004
8.777252674102783 32.6 -2.6000000000000014 -7.800000000000004
8.787256240844727 32.6 -2.6000000000000014 -7.800000000000004
8.79744839668274 32.6 -2.6000000000000014 -7.800000000000004
8.807147979736328 32.6 -2.6000000000000014 -7.800000000000004
8.81746220588684 32.6 -2.6000000000000014 -7.800000000000004
8.828014373779297 32.6 -2.6000000000000014 -7.800000000000004
8.837300777435303 32.6 -2.6000000000000014 -7.800000000000004
8.847579717636108 32.6 -2.6000000000000014 -7.800000000000004
8.8611581325531 32.6 -2.6000000000000014 -7.800000000000004
8.872145175933838 32.6 -2.6000000000000014 -7.800000000000004
8.881901025772095 32.6 -2.6000000000000014 -7.800000000000004
8.892275333404541 32.6 -2.6000000000000014 -7.800000000000004
8.902082920074463 32.6 -2.6000000000000014 -7.800000000000004
8.913527250289917 32.6 -2.6000000000000014 -7.800000000000004
8.924091100692749 32.6 -2.6000000000000014 -7.800000000000004
8.933328628540039 32.6 -2.6000000000000014 -7.800000000000004
8.944386959075928 32.6 -2.6000000000000014 -7.800000000000004
8.954172611236572 32.6 -2.6000000000000014 -7.800000000000004
8.9641432762146 32.6 -2.6000000000000014 -7.800000000000004
8.974488735198975 32.6 -2.6000000000000014 -7.800000000000004
8.986215353012085 32.6 -2.6000000000000014 -7.800000000000004
8.996039152145386 32.6 -2.6000000000000014 -7.800000000000004
9.006266117095947 32.6 -2.6000000000000014 -7.800000000000004
9.015477895736694 32.6 -2.6000000000000014 -7.800000000000004
9.02610993385315 32.6 -2.6000000000000014 -7.800000000000004
9.036298513412476 32.6 -2.6000000000000014 -7.800000000000004
9.046575546264648 32.6 -2.6000000000000014 -7.800000000000004
9.056821584701538 32.6 -2.6000000000000014 -7.800000000000004
9.066589593887329 32.6 -2.6000000000000014 -7.800000000000004
9.077162265777588 32.6 -2.6000000000000014 -7.800000000000004
9.08675503730774 32.6 -2.6000000000000014 -7.800000000000004
9.097338676452637 32.6 -2.6000000000000014 -7.800000000000004
9.106964826583862 32.6 -2.6000000000000014 -7.800000000000004
9.116565465927124 32.6 -2.6000000000000014 -7.800000000000004
9.127474784851074 32.6 -2.6000000000000014 -7.800000000000004
9.137017011642456 32.6 -2.6000000000000014 -7.800000000000004
9.147242307662964 32.6 -2.6000000000000014 -7.800000000000004
9.156856060028076 32.6 -2.6000000000000014 -7.800000000000004
9.170253276824951 32.6 -2.6000000000000014 -7.800000000000004
9.179498195648193 32.6 -2.6000000000000014 -7.800000000000004
9.19014048576355 32.6 -2.6000000000000014 -7.800000000000004
9.200197458267212 32.6 -2.6000000000000014 -7.800000000000004
9.209391117095947 32.6 -2.6000000000000014 -7.800000000000004
9.219430923461914 32.6 -2.6000000000000014 -7.800000000000004
9.230013847351074 32.6 -2.6000000000000014 -7.800000000000004
9.24017333984375 32.6 -2.6000000000000014 -7.800000000000004
9.250462055206299 32.6 -2.6000000000000014 -7.800000000000004
9.264872789382935 32.6 -2.6000000000000014 -7.800000000000004
9.276085376739502 32.6 -2.6000000000000014 -7.800000000000004
9.286323070526123 32.6 -2.6000000000000014 -7.800000000000004
9.295579671859741 32.6 -2.6000000000000014 -7.800000000000004
9.306573629379272 32.6 -2.6000000000000014 -7.800000000000004
9.316157102584839 32.6 -2.6000000000000014 -7.800000000000004
9.32659912109375 32.6 -2.6000000000000014 -7.800000000000004
9.337514877319336 32.6 -2.6000000000000014 -7.800000000000004
9.348125457763672 32.6 -2.6000000000000014 -7.800000000000004
9.35836672782898 32.6 -2.6000000000000014 -7.800000000000004
9.36802887916565 32.6 -2.6000000000000014 -7.800000000000004
9.384885311126709 32.6 -2.6000000000000014 -7.800000000000004
9.394436120986938 32.6 -2.6000000000000014 -7.800000000000004
9.405342817306519 32.6 -2.6000000000000014 -7.800000000000004
9.414756298065186 32.6 -2.6000000000000014 -7.800000000000004
9.426706314086914 32.6 -2.6000000000000014 -7.800000000000004
9.436739921569824 32.6 -2.6000000000000014 -7.800000000000004
9.446968078613281 32.6 -2.6000000000000014 -7.800000000000004
9.456716537475586 32.6 -2.6000000000000014 -7.800000000000004
9.46670651435852 32.6 -2.6000000000000014 -7.800000000000004
9.477047681808472 32.6 -2.6000000000000014 -7.800000000000004
9.487346410751343 32.6 -2.6000000000000014 -7.800000000000004
9.497823715209961 32.6 -2.6000000000000014 -7.800000000000004
9.507489204406738 32.6 -2.6000000000000014 -7.800000000000004
9.51738977432251 32.6 -2.6000000000000014 -7.800000000000004
9.527961730957031 32.6 -2.6000000000000014 -7.800000000000004
9.53813886642456 32.6 -2.6000000000000014 -7.800000000000004
9.548718929290771 32.6 -2.6000000000000014 -7.800000000000004
9.558756828308105 32.6 -2.6000000000000014 -7.800000000000004
9.568127393722534 32.6 -2.6000000000000014 -7.800000000000004
9.578616857528687 32.6 -2.6000000000000014 -7.800000000000004
9.589112043380737 32.6 -2.6000000000000014 -7.800000000000004
9.598574161529541 32.6 -2.6000000000000014 -7.800000000000004
9.609431743621826 32.6 -2.6000000000000014 -7.800000000000004
9.620866298675537 32.6 -2.6000000000000014 -7.800000000000004
9.636115550994873 32.6 -2.6000000000000014 -7.800000000000004
9.649538040161133 32.6 -2.6000000000000014 -7.800000000000004
9.669432163238525 32.6 -2.6000000000000014 -7.800000000000004
9.684642791748047 32.6 -2.6000000000000014 -7.800000000000004
9.694350242614746 32.6 -2.6000000000000014 -7.800000000000004
9.704580068588257 32.6 -2.6000000000000014 -7.800000000000004
9.714545726776123 32.6 -2.6000000000000014 -7.800000000000004
9.724731683731079 32.6 -2.6000000000000014 -7.800000000000004
9.735503911972046 32.6 -2.6000000000000014 -7.800000000000004
9.746015787124634 32.6 -2.6000000000000014 -7.800000000000004
9.755021333694458 32.6 -2.6000000000000014 -7.800000000000004
9.764599800109863 32.6 -2.6000000000000014 -7.800000000000004
9.774604082107544 32.6 -2.6000000000000014 -7.800000000000004
9.784876108169556 32.6 -2.6000000000000014 -7.800000000000004
9.795355081558228 32.6 -2.6000000000000014 -7.800000000000004
9.804785966873169 32.6 -2.6000000000000014 -7.800000000000004
9.815362930297852 32.6 -2.6000000000000014 -7.800000000000004
9.847416639328003 32.6 -2.6000000000000014 -7.800000000000004
9.863566398620605 32.6 -2.6000000000000014 -7.800000000000004
9.872793197631836 32.6 -2.6000000000000014 -7.800000000000004
9.884506702423096 32.6 -2.6000000000000014 -7.800000000000004
9.894141435623169 32.6 -2.6000000000000014 -7.800000000000004
9.903395891189575 32.6 -2.6000000000000014 -7.800000000000004
9.916050672531128 32.6 -2.6000000000000014 -7.800000000000004
9.925310850143433 32.6 -2.6000000000000014 -7.800000000000004
9.935977935791016 32.6 -2.6000000000000014 -7.800000000000004
9.94679570198059 32.6 -2.6000000000000014 -7.800000000000004
9.958065271377563 32.6 -2.6000000000000014 -7.800000000000004
9.967855453491211 32.6 -2.6000000000000014 -7.800000000000004
9.97798466682434 32.6 -2.6000000000000014 -7.800000000000004
9.987266302108765 32.6 -2.6000000000000014 -7.800000000000004
9.99749493598938 32.6 -2.6000000000000014 -7.800000000000004
10.007007598876953 32.6 -2.6000000000000014 -7.800000000000004
10.01792597770691 32.6 -2.6000000000000014 -7.800000000000004
10.028040170669556 32.6 -2.6000000000000014 -7.800000000000004
10.037392616271973 32.6 -2.6000000000000014 -7.800000000000004
10.04758095741272 32.6 -2.6000000000000014 -7.800000000000004
10.06206727027893 32.6 -2.6000000000000014 -7.800000000000004
10.072134256362915 32.6 -2.6000000000000014 -7.800000000000004
10.081801652908325 32.6 -2.6000000000000014 -7.800000000000004
10.092146396636963 32.6 -2.6000000000000014 -7.800000000000004
10.101987838745117 32.6 -2.6000000000000014 -7.800000000000004
10.113976955413818 32.6 -2.6000000000000014 -7.800000000000004
10.123870849609375 32.6 -2.6000000000000014 -7.800000000000004
10.132734775543213 32.6 -2.6000000000000014 -7.800000000000004
10.142338275909424 32.6 -2.6000000000000014 -7.800000000000004
10.153566122055054 32.6 -2.6000000000000014 -7.800000000000004
10.164719581604004 32.6 -2.6000000000000014 -7.800000000000004
10.174330234527588 32.6 -2.6000000000000014 -7.800000000000004
10.184480428695679 32.6 -2.6000000000000014 -7.800000000000004
10.194135427474976 32.6 -2.6000000000000014 -7.800000000000004
10.203435182571411 32.6 -2.6000000000000014 -7.800000000000004
10.214845418930054 32.6 -2.6000000000000014 -7.800000000000004
10.224808692932129 32.6 -2.6000000000000014 -7.800000000000004
10.23496699333191 32.6 -2.6000000000000014 -7.800000000000004
10.245467901229858 32.6 -2.6000000000000014 -7.800000000000004
10.256063461303711 32.6 -2.6000000000000014 -7.800000000000004
10.266571760177612 32.6 -2.6000000000000014 -7.800000000000004
10.276620149612427 32.6 -2.6000000000000014 -7.800000000000004
10.286182880401611 32.6 -2.6000000000000014 -7.800000000000004
10.29539179801941 32.6 -2.6000000000000014 -7.800000000000004
10.30586838722229 32.6 -2.6000000000000014 -7.800000000000004
10.31619644165039 32.6 -2.6000000000000014 -7.800000000000004
10.326690912246704 32.6 -2.6000000000000014 -7.800000000000004
10.336270809173584 32.6 -2.6000000000000014 -7.800000000000004
10.346593141555786 32.6 -2.6000000000000014 -7.800000000000004
10.356194734573364 32.6 -2.6000000000000014 -7.800000000000004
10.366958618164062 32.6 -2.6000000000000014 -7.800000000000004
10.376582384109497 32.6 -2.6000000000000014 -7.800000000000004
10.39112639427185 32.6 -2.6000000000000014 -7.800000000000004
10.40186858177185 32.6 -2.6000000000000014 -7.800000000000004
10.411077499389648 32.6 -2.6000000000000014 -7.800000000000004
10.422126531600952 32.6 -2.6000000000000014 -7.800000000000004
10.432120561599731 32.6 -2.6000000000000014 -7.800000000000004
10.442130327224731 32.6 -2.6000000000000014 -7.800000000000004
10.454565286636353 32.6 -2.6000000000000014 -7.800000000000004
10.469396352767944 32.6 -2.6000000000000014 -7.800000000000004
10.479093790054321 32.6 -2.6000000000000014 -7.800000000000004
10.489292860031128 32.6 -2.6000000000000014 -7.800000000000004
10.499112606048584 32.6 -2.6000000000000014 -7.800000000000004
10.510833263397217 32.6 -2.6000000000000014 -7.800000000000004
10.521336793899536 32.6 -2.6000000000000014 -7.800000000000004
10.53195333480835 32.6 -2.6000000000000014 -7.800000000000004
10.541166543960571 32.6 -2.6000000000000014 -7.800000000000004
10.552281856536865 32.6 -2.6000000000000014 -7.800000000000004
10.5617995262146 32.6 -2.6000000000000014 -7.800000000000004
10.572271585464478 32.6 -2.6000000000000014 -7.800000000000004
10.582167148590088 32.6 -2.6000000000000014 -7.800000000000004
10.594691753387451 32.6 -2.6000000000000014 -7.800000000000004
10.604867696762085 32.6 -2.6000000000000014 -7.800000000000004
10.614448070526123 32.6 -2.6000000000000014 -7.800000000000004
10.625846862792969 32.6 -2.6000000000000014 -7.800000000000004
10.635509729385376 32.6 -2.6000000000000014 -7.800000000000004
10.646250009536743 32.6 -2.6000000000000014 -7.800000000000004
10.655441284179688 32.6 -2.6000000000000014 -7.800000000000004
10.66486668586731 32.6 -2.6000000000000014 -7.800000000000004
10.676240921020508 32.6 -2.6000000000000014 -7.800000000000004
10.685829639434814 32.6 -2.6000000000000014 -7.800000000000004
10.696055889129639 32.6 -2.6000000000000014 -7.800000000000004
10.705357789993286 32.6 -2.6000000000000014 -7.800000000000004
10.715475797653198 32.6 -2.6000000000000014 -7.800000000000004
10.726215839385986 32.6 -2.6000000000000014 -7.800000000000004
10.736526250839233 32.6 -2.6000000000000014 -7.800000000000004
10.747026443481445 32.6 -2.6000000000000014 -7.800000000000004
10.756830215454102 32.6 -2.6000000000000014 -7.800000000000004
10.76698088645935 32.6 -2.6000000000000014 -7.800000000000004
10.777302265167236 32.6 -2.6000000000000014 -7.800000000000004
10.787278890609741 32.6 -2.6000000000000014 -7.800000000000004
10.7968430519104 32.6 -2.6000000000000014 -7.800000000000004
10.807236909866333 32.6 -2.6000000000000014 -7.800000000000004
10.816826581954956 32.6 -2.6000000000000014 -7.800000000000004
10.827950477600098 32.6 -2.6000000000000014 -7.800000000000004
10.837923288345337 32.6 -2.6000000000000014 -7.800000000000004
10.847915172576904 32.6 -2.6000000000000014 -7.800000000000004
10.861186981201172 32.6 -2.6000000000000014 -7.800000000000004
10.87438154220581 32.6 -2.6000000000000014 -7.800000000000004
10.884088277816772 32.6 -2.6000000000000014 -7.800000000000004
10.893868684768677 32.6 -2.6000000000000014 -7.800000000000004
10.904178380966187 32.6 -2.6000000000000014 -7.800000000000004
10.91445541381836 32.6 -2.6000000000000014 -7.800000000000004
10.92559027671814 32.6 -2.6000000000000014 -7.800000000000004
10.934975147247314 32.6 -2.6000000000000014 -7.800000000000004
10.946396350860596 32.6 -2.6000000000000014 -7.800000000000004
10.955979347229004 32.6 -2.6000000000000014 -7.800000000000004
10.965005874633789 32.6 -2.6000000000000014 -7.800000000000004
10.976269245147705 32.6 -2.6000000000000014 -7.800000000000004
10.985937595367432 32.6 -2.6000000000000014 -7.800000000000004
10.996047973632812 32.6 -2.6000000000000014 -7.800000000000004
11.00507402420044 32.6 -2.6000000000000014 -7.800000000000004
11.015981197357178 32.6 -2.6000000000000014 -7.800000000000004
11.026936531066895 32.6 -2.6000000000000014 -7.800000000000004
11.036932229995728 32.6 -2.6000000000000014 -7.800000000000004
11.047995328903198 32.6 -2.6000000000000014 -7.800000000000004
11.057344913482666 32.6 -2.6000000000000014 -7.800000000000004
11.067541599273682 32.6 -2.6000000000000014 -7.800000000000004
11.07801342010498 32.6 -2.6000000000000014 -7.800000000000004
11.087913990020752 32.6 -2.6000000000000014 -7.800000000000004
11.09723424911499 32.6 -2.6000000000000014 -7.800000000000004
11.107561588287354 32.6 -2.6000000000000014 -7.800000000000004
11.1171395778656 32.6 -2.6000000000000014 -7.800000000000004
11.12819790840149 32.6 -2.6000000000000014 -7.800000000000004
11.137577295303345 32.6 -2.6000000000000014 -7.800000000000004
11.148441553115845 32.6 -2.6000000000000014 -7.800000000000004
11.158866167068481 32.6 -2.6000000000000014 -7.800000000000004
11.168690204620361 32.6 -2.6000000000000014 -7.800000000000004
11.179516553878784 32.6 -2.6000000000000014 -7.800000000000004
11.189120292663574 32.6 -2.6000000000000014 -7.800000000000004
11.199480295181274 32.6 -2.6000000000000014 -7.800000000000004
11.2090585231781 32.6 -2.6000000000000014 -7.800000000000004
11.218572854995728 32.6 -2.6000000000000014 -7.800000000000004
11.22984004020691 32.6 -2.6000000000000014 -7.800000000000004
11.239309787750244 32.6 -2.6000000000000014 -7.800000000000004
11.25020456314087 32.6 -2.6000000000000014 -7.800000000000004
11.263934135437012 32.6 -2.6000000000000014 -7.800000000000004
11.274183988571167 32.6 -2.6000000000000014 -7.800000000000004
11.284835815429688 32.6 -2.6000000000000014 -7.800000000000004
11.295416116714478 32.6 -2.6000000000000014 -7.800000000000004
11.304810523986816 32.6 -2.6000000000000014 -7.800000000000004
11.314826250076294 32.6 -2.6000000000000014 -7.800000000000004
11.324328184127808 32.6 -2.6000000000000014 -7.800000000000004
11.33466100692749 32.6 -2.6000000000000014 -7.800000000000004
11.345451593399048 32.6 -2.6000000000000014 -7.800000000000004
11.355419635772705 32.6 -2.6000000000000014 -7.800000000000004
11.365825891494751 32.6 -2.6000000000000014 -7.800000000000004
11.374953746795654 32.6 -2.6000000000000014 -7.800000000000004
11.38625454902649 32.6 -2.6000000000000014 -7.800000000000004
11.395514726638794 32.6 -2.6000000000000014 -7.800000000000004
11.411064386367798 32.6 -2.6000000000000014 -7.800000000000004
11.420685291290283 32.6 -2.6000000000000014 -7.800000000000004
11.431543350219727 32.6 -2.6000000000000014 -7.800000000000004
11.441006183624268 32.6 -2.6000000000000014 -7.800000000000004
11.453266859054565 32.6 -2.6000000000000014 -7.800000000000004
11.46402883529663 32.6 -2.6000000000000014 -7.800000000000004
11.47348952293396 32.6 -2.6000000000000014 -7.800000000000004
11.484616041183472 32.6 -2.6000000000000014 -7.800000000000004
11.49419116973877 32.6 -2.6000000000000014 -7.800000000000004
11.504403114318848 32.6 -2.6000000000000014 -7.800000000000004
11.514024257659912 32.6 -2.6000000000000014 -7.800000000000004
11.524975061416626 32.6 -2.6000000000000014 -7.800000000000004
11.536241054534912 32.6 -2.6000000000000014 -7.800000000000004
11.546746492385864 32.6 -2.6000000000000014 -7.800000000000004
11.557181119918823 32.6 -2.6000000000000014 -7.800000000000004
11.567365169525146 32.6 -2.6000000000000014 -7.800000000000004
11.576910018920898 32.6 -2.6000000000000014 -7.800000000000004
11.58737301826477 32.6 -2.6000000000000014 -7.800000000000004
11.597525358200073 32.6 -2.6000000000000014 -7.800000000000004
11.607107639312744 32.6 -2.6000000000000014 -7.800000000000004
11.617037057876587 32.6 -2.6000000000000014 -7.800000000000004
11.626583576202393 32.6 -2.6000000000000014 -7.800000000000004
11.637203216552734 32.6 -2.6000000000000014 -7.800000000000004
11.647385358810425 32.6 -2.6000000000000014 -7.800000000000004
11.657305479049683 32.6 -2.6000000000000014 -7.800000000000004
11.67181921005249 32.6 -2.6000000000000014 -7.800000000000004
11.681156873703003 32.6 -2.6000000000000014 -7.800000000000004
11.692308187484741 32.6 -2.6000000000000014 -7.800000000000004
11.706177473068237 32.6 -2.6000000000000014 -7.800000000000004
11.718395233154297 32.6 -2.6000000000000014 -7.800000000000004
11.732007265090942 32.6 -2.6000000000000014 -7.800000000000004
11.747222900390625 32.6 -2.6000000000000014 -7.800000000000004
11.76135540008545 32.6 -2.6000000000000014 -7.800000000000004
11.77594780921936 32.6 -2.6000000000000014 -7.800000000000004
11.786367416381836 32.6 -2.6000000000000014 -7.800000000000004
11.796138763427734 32.6 -2.6000000000000014 -7.800000000000004
11.806284666061401 32.6 -2.6000000000000014 -7.800000000000004
11.81549072265625 32.6 -2.6000000000000014 -7.800000000000004
11.826105117797852 32.6 -2.6000000000000014 -7.800000000000004
11.836410522460938 32.6 -2.6000000000000014 -7.800000000000004
11.847029685974121 32.6 -2.6000000000000014 -7.800000000000004
11.85660195350647 32.6 -2.6000000000000014 -7.800000000000004
11.867025136947632 32.6 -2.6000000000000014 -7.800000000000004
11.876637697219849 32.6 -2.6000000000000014 -7.800000000000004
11.887005805969238 32.6 -2.6000000000000014 -7.800000000000004
11.897200345993042 32.6 -2.6000000000000014 -7.800000000000004
11.90752649307251 32.6 -2.6000000000000014 -7.800000000000004
11.917426824569702 32.6 -2.6000000000000014 -7.800000000000004
11.927168369293213 32.6 -2.6000000000000014 -7.800000000000004
11.938169479370117 32.6 -2.6000000000000014 -7.800000000000004
11.948434591293335 32.6 -2.6000000000000014 -7.800000000000004
11.958026885986328 32.6 -2.6000000000000014 -7.800000000000004
