0 0
0.00047469139099121094 119.8 -89.8 -308868.9723630417
0.037953853607177734 119.8 -89.8 -898.0
0.04828166961669922 119.8 -89.8 -898.0
0.05837583541870117 119.1 -89.1 -821.6530114790493
0.06938862800598145 119.1 -89.1 -891.0
0.07856225967407227 119.1 -89.1 -891.0
0.08828496932983398 119.8 -89.8 -969.9963903874451
0.09779000282287598 119.8 -89.8 -898.0
0.10691142082214355 119.8 -89.8 -898.0
0.11829447746276855 118.7 -88.7 -790.3651474530836
0.12798666954040527 118.7 -88.7 -887.0
0.13968849182128906 119.0 -89.0 -915.637032660296
0.1503312587738037 119.0 -89.0 -890.0
0.15960121154785156 119.0 -89.0 -890.0
0.17061448097229004 119.2 -89.2 -910.1599116749294
0.1801013946533203 119.2 -89.2 -892.0
0.18968653678894043 119.2 -89.2 -892.0
0.19969415664672852 118.7 -88.7 -837.0380702799285
0.20900464057922363 118.7 -88.7 -887.0
0.21949291229248047 118.7 -88.7 -887.0
0.22933363914489746 118.7 -88.7 -887.0
0.23892498016357422 118.7 -88.7 -887.0
0.24997282028198242 112.1 -82.1 -223.59816133626748
0.25952696800231934 112.1 -82.1 -821.0
0.2686574459075928 112.1 -82.1 -821.0
0.2797877788543701 116.6 -86.6 -1270.3005740724873
0.2890596389770508 116.6 -86.6 -866.0
0.29845142364501953 116.6 -86.6 -866.0
0.3085901737213135 116.6 -86.6 -866.0
0.31814074516296387 116.6 -86.6 -866.0
0.32846522331237793 116.6 -86.6 -866.0
0.33941078186035156 104.5 -74.5 360.47122350737277
0.3496725559234619 104.5 -74.5 -745.0
0.3589956760406494 114.7 -84.7 -1941.0543371522099
0.36942148208618164 114.7 -84.7 -847.0
0.37964773178100586 114.7 -84.7 -847.0
0.38983869552612305 113.9 -83.9 -760.4990829122219
0.39937281608581543 113.9 -83.9 -839.0
0.4088106155395508 113.9 -83.9 -839.0
0.41901278495788574 112.9 -82.9 -730.9816316515155
0.4388246536254883 112.2 -82.2 -786.6676438379242
0.45354652404785156 112.2 -82.2 -822.0
0.4630007743835449 112.2 -82.2 -822.0
0.47425389289855957 111.9 -81.9 -792.3407233204096
0.48362231254577637 111.9 -81.9 -819.0
0.49337291717529297 111.1 -81.1 -728.9538059026323
0.5043718814849854 111.1 -81.1 -811.0
0.5137038230895996 111.1 -81.1 -811.0
0.548274040222168 109.3 -79.3 -740.9320597525484
0.5598104000091553 109.3 -79.3 -793.0
0.5690605640411377 109.3 -79.3 -793.0
0.5794699192047119 108.9 -78.9 -750.5730279431982
0.5887773036956787 108.9 -78.9 -789.0
0.5993340015411377 108.9 -78.9 -789.0
0.610109806060791 108.9 -78.9 -789.0
0.6195333003997803 108.9 -78.9 -789.0
0.6288051605224609 108.0 -78.0 -682.932099051145
0.6388394832611084 108.0 -78.0 -780.0
0.6504178047180176 108.0 -78.0 -780.0
0.6601746082305908 106.8 -76.8 -645.0088996407885
0.6698791980743408 106.8 -76.8 -768.0
0.6790792942047119 106.8 -76.8 -768.0
0.6893594264984131 106.0 -76.0 -682.1799897954453
0.6996991634368896 106.0 -76.0 -760.0
0.7089688777923584 106.0 -76.0 -760.0
0.7185766696929932 103.6 -73.6 -486.2027495161044
0.7283587455749512 103.6 -73.6 -736.0
0.7378005981445312 104.2 -74.2 -805.5468511691338
0.7501449584960938 104.2 -74.2 -742.0
0.7625367641448975 104.2 -74.2 -742.0
0.7762727737426758 103.8 -73.8 -708.8794612327075
0.7895896434783936 103.8 -73.8 -738.0
0.8042857646942139 103.8 -73.8 -738.0
0.8165574073791504 103.8 -73.8 -738.0
0.8275208473205566 103.8 -73.8 -738.0
0.8408913612365723 100.0 -70.0 -415.79252496433685
0.8529984951019287 100.0 -70.0 -700.0
0.86250901222229 100.0 -70.0 -700.0
0.8723618984222412 100.1 -70.1 -711.1493103615152
0.8810179233551025 100.1 -70.1 -701.0
0.8905978202819824 100.1 -70.1 -701.0
0.9004056453704834 99.3 -69.3 -611.4324768456623
0.9108779430389404 99.3 -69.3 -693.0
0.9204275608062744 99.3 -69.3 -693.0
0.930609941482544 98.5 -68.5 -606.4329118666295
0.9401648044586182 98.5 -68.5 -685.0
0.9529318809509277 97.2 -67.2 -570.1755924480385
0.9624946117401123 97.2 -67.2 -672.0
0.9721512794494629 97.2 -67.2 -672.0
0.9808018207550049 97.2 -67.2 -672.0
0.9903702735900879 97.2 -67.2 -672.0
0.9998171329498291 97.2 -67.2 -672.0
1.0101854801177979 97.2 -67.2 -672.0
1.0195958614349365 97.2 -67.2 -672.0
1.0299057960510254 96.2 -66.2 -565.0061744097311
1.0394341945648193 96.2 -66.2 -662.0
1.049694299697876 96.2 -66.2 -662.0
1.060795545578003 96.0 -66.0 -641.984004123534
1.0722792148590088 96.0 -66.0 -660.0
1.082221269607544 92.9 -62.900000000000006 -317.1932278177464
1.0910515785217285 92.9 -62.900000000000006 -629.0
1.100569486618042 92.9 -62.900000000000006 -629.0
1.1124176979064941 93.3 -63.3 -666.7603702585766
1.1210312843322754 93.3 -63.3 -633.0
1.1306016445159912 93.3 -63.3 -633.0
1.1399080753326416 93.3 -63.3 -633.0
1.1502912044525146 93.3 -63.3 -633.0
1.1605663299560547 93.3 -63.3 -633.0
1.16987943649292 93.3 -63.3 -633.0
1.179093599319458 93.3 -63.3 -633.0
1.189666748046875 93.3 -63.3 -633.0
1.1989800930023193 93.3 -63.3 -633.0
1.2104721069335938 92.5 -62.5 -555.3864401153505
1.2198002338409424 92.5 -62.5 -625.0
1.2290599346160889 90.8 -60.8 -424.40875431278613
1.245051383972168 90.8 -60.8 -608.0
1.2546226978302002 90.8 -60.8 -608.0
1.266423225402832 88.7 -58.7 -409.04185473280177
1.2759952545166016 88.7 -58.7 -587.0
1.285503625869751 88.3 -58.3 -540.9318071261998
1.2956814765930176 88.3 -58.3 -583.0
1.304976463317871 88.3 -58.3 -583.0
1.316241979598999 81.9 -51.900000000000006 49.10534380224681
1.3261377811431885 81.9 -51.900000000000006 -519.0
1.3357691764831543 81.9 -51.900000000000006 -519.0
1.3464298248291016 86.5 -56.5 -996.4934561882179
1.356062889099121 86.5 -56.5 -565.0
1.3670520782470703 84.9 -54.900000000000006 -403.402360496399
1.3766160011291504 84.9 -54.900000000000006 -549.0
1.38641357421875 84.9 -54.900000000000006 -549.0
1.396388053894043 84.8 -54.8 -537.974414379959
1.4060087203979492 84.8 -54.8 -548.0
1.4162657260894775 84.9 -54.900000000000006 -558.7494339973509
1.426217794418335 84.9 -54.900000000000006 -549.0
1.4357237815856934 84.9 -54.900000000000006 -549.0
1.4465696811676025 83.9 -53.900000000000006 -446.7992569958893
1.4562060832977295 83.9 -53.900000000000006 -539.0
1.4669241905212402 83.9 -53.900000000000006 -539.0
1.4769706726074219 82.7 -52.7 -407.5552043286342
1.486513376235962 82.7 -52.7 -527.0
1.496593713760376 82.3 -52.3 -483.3187890255434
1.5063323974609375 82.3 -52.3 -523.0
1.5165531635284424 82.3 -52.3 -523.0
1.5261492729187012 82.3 -52.3 -523.0
1.5356314182281494 82.3 -52.3 -523.0
1.5506985187530518 82.3 -52.3 -523.0
1.5625925064086914 82.3 -52.3 -523.0
1.5726239681243896 82.3 -52.3 -523.0
1.5822529792785645 79.2 -49.2 -170.05624582167587
1.5925276279449463 79.2 -49.2 -492.0
1.6030371189117432 79.2 -49.2 -492.0
1.6154634952545166 78.0 -48.0 -383.4312202609361
1.624894380569458 78.0 -48.0 -480.0
1.638359785079956 77.4 -47.400000000000006 -429.4413683204084
1.6488080024719238 77.4 -47.400000000000006 -474.00000000000006
1.6605520248413086 77.2 -47.2 -454.9700596857361
1.672358751296997 77.2 -47.2 -472.0
1.6809256076812744 75.7 -45.7 -281.9066013581209
1.6910676956176758 75.7 -45.7 -457.0
1.7005715370178223 75.7 -45.7 -457.0
1.7102088928222656 75.7 -45.7 -457.0
1.720602035522461 75.7 -45.7 -457.0
1.7299470901489258 75.7 -45.7 -457.0
1.739518165588379 75.7 -45.7 -457.0
1.7498705387115479 75.7 -45.7 -457.0
1.7590794563293457 75.7 -45.7 -457.0
1.7699697017669678 75.7 -45.7 -457.0
1.7795300483703613 75.7 -45.7 -457.0
1.7886500358581543 75.7 -45.7 -457.0
1.7981340885162354 75.7 -45.7 -457.0
1.8078999519348145 75.7 -45.7 -457.0
1.8182809352874756 75.7 -45.7 -457.0
1.8277966976165771 75.7 -45.7 -457.0
1.8380300998687744 73.0 -43.0 -166.15812869856921
1.8482980728149414 73.0 -43.0 -430.0
1.857590675354004 71.0 -41.0 -194.77504105090313
1.8687593936920166 71.0 -41.0 -410.0
1.8785009384155273 71.0 -41.0 -410.0
1.8884544372558594 70.6 -40.599999999999994 -365.8131263773109
1.8980391025543213 70.6 -40.599999999999994 -405.99999999999994
1.9075133800506592 70.4 -40.400000000000006 -382.89021088127356
1.9184072017669678 70.4 -40.400000000000006 -404.00000000000006
1.928149700164795 70.4 -40.400000000000006 -404.00000000000006
1.9382116794586182 69.8 -39.8 -338.3695851005844
1.9483942985534668 69.8 -39.8 -398.0
1.9578704833984375 68.9 -38.900000000000006 -294.02506918935336
1.9688162803649902 68.9 -38.900000000000006 -389.00000000000006
1.9788508415222168 68.9 -38.900000000000006 -389.00000000000006
1.989065170288086 67.4 -37.400000000000006 -227.14747210681114
2.0021097660064697 67.4 -37.400000000000006 -374.00000000000006
2.012138605117798 67.4 -37.400000000000006 -374.00000000000006
2.0224545001983643 67.4 -37.400000000000006 -374.00000000000006
2.031608819961548 66.1 -36.099999999999994 -218.9905406813197
2.0475730895996094 66.1 -36.099999999999994 -360.99999999999994
2.0569381713867188 66.1 -36.099999999999994 -360.99999999999994
2.0676305294036865 65.3 -35.3 -278.1802082636522
2.0779573917388916 65.3 -35.3 -353.0
2.088043212890625 64.5 -34.5 -265.68072713519166
2.0978140830993652 64.5 -34.5 -345.0
2.107067823410034 64.5 -34.5 -345.0
2.1175332069396973 64.1 -34.099999999999994 -302.7787538444008
2.127934217453003 64.1 -34.099999999999994 -340.99999999999994
2.1380481719970703 63.0 -33.0 -221.23937672379304
2.148303747177124 63.0 -33.0 -330.0
2.157621145248413 62.6 -32.6 -283.06955987717515
2.1689352989196777 62.6 -32.6 -326.0
2.1798670291900635 61.6 -31.6 -224.52317288608754
2.189662218093872 61.6 -31.6 -316.0
2.1988563537597656 61.6 -31.6 -316.0
2.208997964859009 61.4 -31.4 -294.2792674612687
2.218407154083252 61.4 -31.4 -314.0
2.228890895843506 60.5 -30.5 -219.15278813790607
2.238952875137329 60.5 -30.5 -305.0
2.248969554901123 60.5 -30.5 -305.0
2.2589263916015625 59.5 -29.5 -194.5664958574781
2.268434762954712 59.5 -29.5 -295.0
2.28031063079834 58.8 -28.799999999999997 -229.05693923029025
2.289961814880371 58.8 -28.799999999999997 -288.0
2.299470901489258 58.8 -28.799999999999997 -288.0
2.3095664978027344 58.1 -28.1 -211.66283771018368
2.3188881874084473 58.1 -28.1 -281.0
2.3299314975738525 57.8 -27.799999999999997 -250.8342321725422
2.3395159244537354 57.8 -27.799999999999997 -278.0
2.349973440170288 57.2 -27.200000000000003 -214.62499658018385
2.360513210296631 57.2 -27.200000000000003 -272.0
2.3698477745056152 57.2 -27.200000000000003 -272.0
2.3807125091552734 56.1 -26.1 -159.75500548606527
2.390611410140991 56.1 -26.1 -261.0
2.4006435871124268 55.3 -25.299999999999997 -173.25659014211658
2.4104812145233154 55.3 -25.299999999999997 -252.99999999999997
2.419879913330078 55.3 -25.299999999999997 -252.99999999999997
2.4309091567993164 54.6 -24.6 -182.53236489407735
2.4460201263427734 54.2 -24.200000000000003 -215.52916377406135
2.456392288208008 54.2 -24.200000000000003 -242.00000000000003
2.4662370681762695 54.2 -24.200000000000003 -242.00000000000003
2.4769649505615234 53.6 -23.6 -180.07097519779524
2.4870407581329346 53.6 -23.6 -236.0
2.4969329833984375 52.7 -22.700000000000003 -136.01945964185023
2.5064711570739746 52.7 -22.700000000000003 -227.00000000000003
2.5161194801330566 52.7 -22.700000000000003 -227.00000000000003
2.527553081512451 52.3 -22.299999999999997 -188.01539744765984
2.536735773086548 52.3 -22.299999999999997 -222.99999999999997
2.5478861331939697 51.5 -21.5 -143.25343824837523
2.5570342540740967 51.5 -21.5 -215.0
2.572965383529663 50.9 -20.9 -171.3378868602214
2.583540678024292 50.9 -20.9 -209.0
2.5941221714019775 50.0 -20.0 -114.94584290928768
2.6042981147766113 50.0 -20.0 -200.0
2.613687753677368 49.8 -19.799999999999997 -176.69992636416694
2.6253902912139893 49.8 -19.799999999999997 -197.99999999999997
2.635688304901123 49.8 -19.799999999999997 -197.99999999999997
2.6467065811157227 49.2 -19.200000000000003 -137.54502098931113
2.656341075897217 49.2 -19.200000000000003 -192.00000000000003
2.6665198802948 49.0 -19.0 -170.35132691541912
2.676729679107666 49.0 -19.0 -190.0
2.68819260597229 48.1 -18.1 -102.4860209238962
2.698127031326294 48.1 -18.1 -181.0
2.707850694656372 48.1 -18.1 -181.0
2.7176434993743896 47.9 -17.9 -158.57684179773062
2.726787567138672 47.9 -17.9 -179.0
2.7381818294525146 47.1 -17.1 -100.78922391245239
2.748509407043457 47.1 -17.1 -171.0
2.757997512817383 46.4 -16.4 -90.2234194391393
2.7682626247406006 46.4 -16.4 -164.0
2.7778029441833496 46.4 -16.4 -164.0
2.788564682006836 44.7 -14.700000000000003 10.967052151180411
2.79878306388855 44.7 -14.700000000000003 -147.00000000000003
2.808950424194336 44.1 -14.100000000000001 -81.9876327822721
2.818528175354004 44.1 -14.100000000000001 -141.0
2.8289968967437744 42.8 -12.799999999999997 -3.820556150219332
2.8484368324279785 42.8 -12.799999999999997 -127.99999999999997
2.8624534606933594 42.8 -12.799999999999997 -127.99999999999997
2.8763935565948486 42.0 -12.0 -62.61158562657155
2.8907368183135986 42.0 -12.0 -120.0
2.905085563659668 41.2 -11.200000000000003 -56.24599637771486
2.9165658950805664 41.2 -11.200000000000003 -112.00000000000003
2.926774740219116 40.3 -10.299999999999997 -14.841154627617996
2.937605142593384 40.3 -10.299999999999997 -102.99999999999997
2.948530673980713 40.4 -10.399999999999999 -113.15287288597938
2.9580719470977783 40.4 -10.399999999999999 -103.99999999999999
2.9682631492614746 39.2 -9.200000000000003 25.748620891331868
2.977997303009033 39.2 -9.200000000000003 -92.00000000000003
2.9885025024414062 39.1 -9.100000000000001 -81.48090418047285
2.999476194381714 39.1 -9.100000000000001 -91.00000000000001
3.00905442237854 39.1 -9.100000000000001 -91.00000000000001
3.0193212032318115 38.4 -8.399999999999999 -15.818940132831443
3.0288050174713135 38.4 -8.399999999999999 -83.99999999999999
3.0402867794036865 38.3 -8.299999999999997 -74.29053532123412
3.050616979598999 38.3 -8.299999999999997 -82.99999999999997
3.060678482055664 37.6 -7.600000000000001 -6.427885595128515
3.0705339908599854 37.6 -7.600000000000001 -76.00000000000001
3.0800952911376953 37.2 -7.200000000000003 -30.164685933720847
3.0909619331359863 37.2 -7.200000000000003 -72.00000000000003
3.10097074508667 37.2 -7.200000000000003 -72.00000000000003
3.1110527515411377 36.5 -6.5 4.430624068863054
3.1207191944122314 36.5 -6.5 -65.0
3.1320815086364746 36.4 -6.399999999999999 -55.19897601611502
3.1436829566955566 36.4 -6.399999999999999 -63.999999999999986
3.1536340713500977 35.7 -5.700000000000003 13.34387848004171
3.1630454063415527 35.7 -5.700000000000003 -57.00000000000003
3.172687530517578 35.7 -5.700000000000003 -57.00000000000003
3.182851791381836 35.7 -5.700000000000003 -57.00000000000003
3.1948184967041016 35.7 -5.700000000000003 -57.00000000000003
3.205533742904663 35.7 -5.700000000000003 -57.00000000000003
3.2148549556732178 35.7 -5.700000000000003 -57.00000000000003
3.2250590324401855 35.5 -5.5 -35.39999065398696
3.2346339225769043 34.8 -4.799999999999997 25.10788844621547
3.257598400115967 34.8 -4.799999999999997 -47.99999999999997
3.2681307792663574 34.7 -4.700000000000003 -37.50546903295964
3.2777764797210693 34.7 -4.700000000000003 -47.00000000000003
3.2870168685913086 34.9 -4.899999999999999 -70.64411074128498
3.298466205596924 34.9 -4.899999999999999 -48.999999999999986
3.3104567527770996 34.9 -4.899999999999999 -48.999999999999986
3.3205575942993164 34.0 -4.0 49.1014870414954
3.3299801349639893 34.0 -4.0 -40.0
3.341019868850708 34.5 -4.5 -90.29094678645473
3.3520965576171875 34.5 -4.5 -45.0
3.362137794494629 34.0 -4.0 9.79466236109792
3.372767925262451 34.0 -4.0 -40.0
3.3827874660491943 33.8 -3.799999999999997 -18.039005353955666
3.3934829235076904 33.8 -3.799999999999997 -37.99999999999997
3.4030585289001465 33.8 -3.799999999999997 -37.99999999999997
3.413830041885376 33.8 -3.799999999999997 -37.99999999999997
3.4234604835510254 33.8 -3.799999999999997 -37.99999999999997
3.4338290691375732 33.4 -3.3999999999999986 4.578068017199627
3.4455485343933105 33.4 -3.3999999999999986 -33.999999999999986
3.4555444717407227 33.0 -3.0 10.01625721509312
3.4649832248687744 33.0 -3.0 -30.0
3.4767277240753174 32.9 -2.8999999999999986 -20.48537555826215
3.4865992069244385 32.9 -2.8999999999999986 -28.999999999999986
3.4970483779907227 32.6 -2.6000000000000014 2.710411390238608
3.515094041824341 32.6 -2.6000000000000014 -26.000000000000014
3.528804063796997 32.6 -2.6000000000000014 -26.000000000000014
3.5382936000823975 32.6 -2.6000000000000014 -26.000000000000014
3.5499839782714844 32.1 -2.1000000000000014 21.77021597699507
3.5596988201141357 32.1 -2.1000000000000014 -21.000000000000014
3.569927930831909 32.6 -2.6000000000000014 -74.88010441916839
3.5866639614105225 32.6 -2.6000000000000014 -26.000000000000014
3.598015546798706 32.6 -2.6000000000000014 -26.000000000000014
3.6085166931152344 32.6 -2.6000000000000014 -26.000000000000014
3.622528553009033 32.1 -2.1000000000000014 14.68405649140717
3.6321465969085693 32.1 -2.1000000000000014 -21.000000000000014
3.6489977836608887 32.1 -2.1000000000000014 -21.000000000000014
3.6588551998138428 32.6 -2.6000000000000014 -76.72323134599107
3.669417381286621 32.6 -2.6000000000000014 -26.000000000000014
3.678978681564331 32.6 -2.6000000000000014 -26.000000000000014
3.6893622875213623 32.6 -2.6000000000000014 -26.000000000000014
3.6996402740478516 32.6 -2.6000000000000014 -26.000000000000014
3.7096669673919678 32.1 -2.1000000000000014 28.86688859826416
3.7199344635009766 32.1 -2.1000000000000014 -21.000000000000014
3.730565071105957 32.1 -2.1000000000000014 -21.000000000000014
3.739969253540039 32.1 -2.1000000000000014 -21.000000000000014
3.752451181411743 32.2 -2.200000000000003 -30.011582908333953
3.761639356613159 32.2 -2.200000000000003 -22.00000000000003
3.7708115577697754 32.2 -2.200000000000003 -22.00000000000003
3.78092360496521 32.0 -2.0 -0.2216112984223706
3.7907555103302 32.0 -2.0 -20.0
3.8026182651519775 32.0 -2.0 -20.0
3.8116509914398193 32.0 -2.0 -20.0
3.8224973678588867 30.8 -0.8000000000000007 102.63602752071739
3.8321359157562256 30.8 -0.8000000000000007 -8.000000000000007
3.8409311771392822 30.5 -0.5 29.109276226619762
3.853663444519043 30.5 -0.5 -5.0
3.862985849380493 30.5 -0.5 -5.0
3.8729608058929443 30.8 -0.8000000000000007 -38.075319087910586
3.882617950439453 30.8 -0.8000000000000007 -8.000000000000007
3.8928277492523193 30.8 -0.8000000000000007 -8.000000000000007
3.903475761413574 30.8 -0.8000000000000007 -8.000000000000007
3.913647174835205 30.8 -0.8000000000000007 -8.000000000000007
3.9238438606262207 30.8 -0.8000000000000007 -8.000000000000007
3.933444023132324 30.8 -0.8000000000000007 -8.000000000000007
3.9445278644561768 30.8 -0.8000000000000007 -8.000000000000007
3.954970598220825 30.8 -0.8000000000000007 -8.000000000000007
3.965463876724243 30.8 -0.8000000000000007 -8.000000000000007
3.9747767448425293 30.8 -0.8000000000000007 -8.000000000000007
3.984996795654297 30.8 -0.8000000000000007 -8.000000000000007
3.9944956302642822 30.8 -0.8000000000000007 -8.000000000000007
4.004993200302124 30.8 -0.8000000000000007 -8.000000000000007
4.015427112579346 30.8 -0.8000000000000007 -8.000000000000007
4.02559494972229 30.8 -0.8000000000000007 -8.000000000000007
4.035701751708984 30.8 -0.8000000000000007 -8.000000000000007
4.049798488616943 30.3 -0.3000000000000007 32.469201366573074
4.060871124267578 30.3 -0.3000000000000007 -3.000000000000007
4.070747375488281 30.3 -0.3000000000000007 -3.000000000000007
4.080873012542725 30.3 -0.3000000000000007 -3.000000000000007
4.090704917907715 30.3 -0.3000000000000007 -3.000000000000007
4.1025002002716064 30.3 -0.3000000000000007 -3.000000000000007
4.111688852310181 30.3 -0.3000000000000007 -3.000000000000007
4.122197866439819 30.3 -0.3000000000000007 -3.000000000000007
4.132141590118408 30.3 -0.3000000000000007 -3.000000000000007
4.140844821929932 30.3 -0.3000000000000007 -3.000000000000007
4.154579162597656 30.3 -0.3000000000000007 -3.000000000000007
4.164091348648071 30.3 -0.3000000000000007 -3.000000000000007
4.174332141876221 30.3 -0.3000000000000007 -3.000000000000007
4.183748006820679 30.3 -0.3000000000000007 -3.000000000000007
4.193838119506836 30.3 -0.3000000000000007 -3.000000000000007
4.204605340957642 30.3 -0.3000000000000007 -3.000000000000007
4.214634418487549 30.3 -0.3000000000000007 -3.000000000000007
4.224187612533569 30.3 -0.3000000000000007 -3.000000000000007
4.234190225601196 30.3 -0.3000000000000007 -3.000000000000007
4.245330095291138 30.3 -0.3000000000000007 -3.000000000000007
4.255715847015381 30.3 -0.3000000000000007 -3.000000000000007
4.2660369873046875 30.3 -0.3000000000000007 -3.000000000000007
4.275655031204224 30.3 -0.3000000000000007 -3.000000000000007
4.2858664989471436 30.3 -0.3000000000000007 -3.000000000000007
4.29552149772644 30.3 -0.3000000000000007 -3.000000000000007
4.306610345840454 30.3 -0.3000000000000007 -3.000000000000007
4.316288471221924 30.3 -0.3000000000000007 -3.000000000000007
4.326031684875488 30.3 -0.3000000000000007 -3.000000000000007
4.336445093154907 30.3 -0.3000000000000007 -3.000000000000007
4.346741676330566 30.3 -0.3000000000000007 -3.000000000000007
4.357948541641235 30.3 -0.3000000000000007 -3.000000000000007
4.3674280643463135 30.3 -0.3000000000000007 -3.000000000000007
4.377529144287109 30.3 -0.3000000000000007 -3.000000000000007
4.3869593143463135 30.3 -0.3000000000000007 -3.000000000000007
4.396525621414185 30.3 -0.3000000000000007 -3.000000000000007
4.407821893692017 30.3 -0.3000000000000007 -3.000000000000007
4.416980743408203 30.3 -0.3000000000000007 -3.000000000000007
4.4270594120025635 30.3 -0.3000000000000007 -3.000000000000007
4.4375903606414795 30.3 -0.3000000000000007 -3.000000000000007
4.452651739120483 30.3 -0.3000000000000007 -3.000000000000007
4.463380336761475 30.3 -0.3000000000000007 -3.000000000000007
4.4734947681427 30.3 -0.3000000000000007 -3.000000000000007
4.482908725738525 30.3 -0.3000000000000007 -3.000000000000007
4.492911338806152 30.3 -0.3000000000000007 -3.000000000000007
4.502418279647827 30.3 -0.3000000000000007 -3.000000000000007
4.5128889083862305 30.3 -0.3000000000000007 -3.000000000000007
4.522932767868042 30.3 -0.3000000000000007 -3.000000000000007
4.532474756240845 30.3 -0.3000000000000007 -3.000000000000007
4.543603420257568 30.3 -0.3000000000000007 -3.000000000000007
4.552930593490601 30.3 -0.3000000000000007 -3.000000000000007
4.564397811889648 30.3 -0.3000000000000007 -3.000000000000007
4.5738019943237305 30.3 -0.3000000000000007 -3.000000000000007
4.584211587905884 30.3 -0.3000000000000007 -3.000000000000007
4.59895658493042 30.3 -0.3000000000000007 -3.000000000000007
4.610946178436279 30.3 -0.3000000000000007 -3.000000000000007
4.6205737590789795 30.3 -0.3000000000000007 -3.000000000000007
4.630852937698364 30.3 -0.3000000000000007 -3.000000000000007
4.640897750854492 30.3 -0.3000000000000007 -3.000000000000007
4.6536335945129395 30.3 -0.3000000000000007 -3.000000000000007
4.664177894592285 30.3 -0.3000000000000007 -3.000000000000007
4.673587083816528 30.3 -0.3000000000000007 -3.000000000000007
4.683737754821777 30.3 -0.3000000000000007 -3.000000000000007
4.693530797958374 30.3 -0.3000000000000007 -3.000000000000007
4.703841924667358 30.3 -0.3000000000000007 -3.000000000000007
4.7158122062683105 30.3 -0.3000000000000007 -3.000000000000007
4.72585916519165 30.3 -0.3000000000000007 -3.000000000000007
4.73550820350647 30.3 -0.3000000000000007 -3.000000000000007
4.746638536453247 30.6 -0.6000000000000014 -32.95337160483257
4.756378889083862 30.6 -0.6000000000000014 -6.000000000000014
4.766703128814697 30.3 -0.3000000000000007 26.05782971156739
4.776706218719482 30.3 -0.3000000000000007 -3.000000000000007
4.786442279815674 30.3 -0.3000000000000007 -3.000000000000007
4.796560525894165 30.3 -0.3000000000000007 -3.000000000000007
4.806431293487549 30.3 -0.3000000000000007 -3.000000000000007
4.8176305294036865 30.3 -0.3000000000000007 -3.000000000000007
4.8270103931427 30.3 -0.3000000000000007 -3.000000000000007
4.837599039077759 30.3 -0.3000000000000007 -3.000000000000007
4.852293491363525 30.3 -0.3000000000000007 -3.000000000000007
4.862667083740234 30.3 -0.3000000000000007 -3.000000000000007
4.873462200164795 30.3 -0.3000000000000007 -3.000000000000007
4.88378381729126 30.3 -0.3000000000000007 -3.000000000000007
4.893418788909912 30.3 -0.3000000000000007 -3.000000000000007
4.902738809585571 30.3 -0.3000000000000007 -3.000000000000007
4.913029670715332 30.3 -0.3000000000000007 -3.000000000000007
4.9275267124176025 30.3 -0.3000000000000007 -3.000000000000007
4.9410810470581055 30.3 -0.3000000000000007 -3.000000000000007
4.956690073013306 30.3 -0.3000000000000007 -3.000000000000007
4.970897912979126 30.3 -0.3000000000000007 -3.000000000000007
4.9843268394470215 30.3 -0.3000000000000007 -3.000000000000007
4.993792772293091 30.3 -0.3000000000000007 -3.000000000000007
5.004340410232544 30.3 -0.3000000000000007 -3.000000000000007
5.013728141784668 30.3 -0.3000000000000007 -3.000000000000007
5.0246405601501465 30.3 -0.3000000000000007 -3.000000000000007
5.034220457077026 30.3 -0.3000000000000007 -3.000000000000007
5.069584846496582 30.3 -0.3000000000000007 -3.000000000000007
5.078917741775513 30.3 -0.3000000000000007 -3.000000000000007
5.088572025299072 30.3 -0.3000000000000007 -3.000000000000007
5.09882926940918 30.3 -0.3000000000000007 -3.000000000000007
5.108566045761108 30.3 -0.3000000000000007 -3.000000000000007
5.1198132038116455 30.3 -0.3000000000000007 -3.000000000000007
5.129380226135254 30.3 -0.3000000000000007 -3.000000000000007
5.139569044113159 30.3 -0.3000000000000007 -3.000000000000007
5.150359392166138 30.3 -0.3000000000000007 -3.000000000000007
5.1605799198150635 30.3 -0.3000000000000007 -3.000000000000007
5.172113418579102 30.3 -0.3000000000000007 -3.000000000000007
5.180899381637573 30.3 -0.3000000000000007 -3.000000000000007
5.191028594970703 30.3 -0.3000000000000007 -3.000000000000007
5.200611591339111 30.3 -0.3000000000000007 -3.000000000000007
5.210827589035034 30.3 -0.3000000000000007 -3.000000000000007
5.223369121551514 30.3 -0.3000000000000007 -3.000000000000007
5.233558177947998 30.3 -0.3000000000000007 -3.000000000000007
5.247665882110596 30.3 -0.3000000000000007 -3.000000000000007
5.2582056522369385 30.3 -0.3000000000000007 -3.000000000000007
5.2679362297058105 30.3 -0.3000000000000007 -3.000000000000007
5.2789223194122314 30.3 -0.3000000000000007 -3.000000000000007
5.288647890090942 30.3 -0.3000000000000007 -3.000000000000007
5.298923015594482 30.3 -0.3000000000000007 -3.000000000000007
5.308415174484253 30.3 -0.3000000000000007 -3.000000000000007
5.31792426109314 30.3 -0.3000000000000007 -3.000000000000007
5.328565835952759 30.3 -0.3000000000000007 -3.000000000000007
5.338212966918945 30.3 -0.3000000000000007 -3.000000000000007
5.349487066268921 30.3 -0.3000000000000007 -3.000000000000007
5.359392881393433 30.3 -0.3000000000000007 -3.000000000000007
5.369059085845947 30.3 -0.3000000000000007 -3.000000000000007
5.3796281814575195 30.3 -0.3000000000000007 -3.000000000000007
5.388953924179077 30.3 -0.3000000000000007 -3.000000000000007
5.399064779281616 30.3 -0.3000000000000007 -3.000000000000007
5.408800363540649 30.3 -0.3000000000000007 -3.000000000000007
5.418962001800537 30.3 -0.3000000000000007 -3.000000000000007
5.429401874542236 30.3 -0.3000000000000007 -3.000000000000007
5.439600706100464 30.3 -0.3000000000000007 -3.000000000000007
5.449907064437866 30.3 -0.3000000000000007 -3.000000000000007
5.4605937004089355 30.3 -0.3000000000000007 -3.000000000000007
5.47041392326355 30.3 -0.3000000000000007 -3.000000000000007
5.480901002883911 30.3 -0.3000000000000007 -3.000000000000007
5.491041660308838 30.3 -0.3000000000000007 -3.000000000000007
5.5006184577941895 30.3 -0.3000000000000007 -3.000000000000007
5.51082444190979 30.3 -0.3000000000000007 -3.000000000000007
5.540661573410034 30.3 -0.3000000000000007 -3.000000000000007
5.557913064956665 30.3 -0.3000000000000007 -3.000000000000007
5.567628383636475 30.3 -0.3000000000000007 -3.000000000000007
5.57854962348938 30.3 -0.3000000000000007 -3.000000000000007
5.588313579559326 30.3 -0.3000000000000007 -3.000000000000007
5.597851514816284 30.3 -0.3000000000000007 -3.000000000000007
5.616406440734863 30.3 -0.3000000000000007 -3.000000000000007
5.626260042190552 30.3 -0.3000000000000007 -3.000000000000007
5.636450529098511 30.3 -0.3000000000000007 -3.000000000000007
5.6533403396606445 30.6 -0.6000000000000014 -23.762188563120283
5.663548707962036 30.6 -0.6000000000000014 -6.000000000000014
5.6737754344940186 30.3 -0.3000000000000007 26.334899986012093
5.68366813659668 30.3 -0.3000000000000007 -3.000000000000007
5.694129705429077 30.3 -0.3000000000000007 -3.000000000000007
5.704886436462402 30.3 -0.3000000000000007 -3.000000000000007
5.7153942584991455 30.3 -0.3000000000000007 -3.000000000000007
5.724658489227295 30.3 -0.3000000000000007 -3.000000000000007
5.734360456466675 30.3 -0.3000000000000007 -3.000000000000007
5.745582580566406 30.3 -0.3000000000000007 -3.000000000000007
5.755882740020752 30.3 -0.3000000000000007 -3.000000000000007
5.766652822494507 30.3 -0.3000000000000007 -3.000000000000007
5.776282548904419 30.3 -0.3000000000000007 -3.000000000000007
5.786375999450684 30.3 -0.3000000000000007 -3.000000000000007
5.796046018600464 30.3 -0.3000000000000007 -3.000000000000007
5.806950569152832 30.3 -0.3000000000000007 -3.000000000000007
5.816470384597778 30.3 -0.3000000000000007 -3.000000000000007
5.826279401779175 30.3 -0.3000000000000007 -3.000000000000007
5.836379289627075 30.3 -0.3000000000000007 -3.000000000000007
5.846550464630127 30.3 -0.3000000000000007 -3.000000000000007
5.857880353927612 30.3 -0.3000000000000007 -3.000000000000007
5.868107557296753 30.3 -0.3000000000000007 -3.000000000000007
5.878190755844116 30.3 -0.3000000000000007 -3.000000000000007
5.88797664642334 30.3 -0.3000000000000007 -3.000000000000007
5.89753270149231 30.3 -0.3000000000000007 -3.000000000000007
5.908589124679565 30.3 -0.3000000000000007 -3.000000000000007
5.918181896209717 30.3 -0.3000000000000007 -3.000000000000007
5.927948713302612 30.3 -0.3000000000000007 -3.000000000000007
5.937086820602417 30.3 -0.3000000000000007 -3.000000000000007
5.948481559753418 30.3 -0.3000000000000007 -3.000000000000007
5.958977699279785 30.3 -0.3000000000000007 -3.000000000000007
5.969621658325195 30.3 -0.3000000000000007 -3.000000000000007
5.978937149047852 30.3 -0.3000000000000007 -3.000000000000007
5.988475322723389 30.3 -0.3000000000000007 -3.000000000000007
5.9989752769470215 30.3 -0.3000000000000007 -3.000000000000007
6.0098326206207275 30.3 -0.3000000000000007 -3.000000000000007
6.020001173019409 30.3 -0.3000000000000007 -3.000000000000007
6.029526233673096 30.3 -0.3000000000000007 -3.000000000000007
6.03969931602478 30.3 -0.3000000000000007 -3.000000000000007
6.054311275482178 30.3 -0.3000000000000007 -3.000000000000007
6.066055059432983 30.3 -0.3000000000000007 -3.000000000000007
6.076161861419678 30.3 -0.3000000000000007 -3.000000000000007
6.086240768432617 30.3 -0.3000000000000007 -3.000000000000007
6.095802068710327 30.3 -0.3000000000000007 -3.000000000000007
6.105410814285278 30.3 -0.3000000000000007 -3.000000000000007
6.116393804550171 30.3 -0.3000000000000007 -3.000000000000007
6.12617039680481 30.3 -0.3000000000000007 -3.000000000000007
6.136204242706299 30.3 -0.3000000000000007 -3.000000000000007
6.146921157836914 30.3 -0.3000000000000007 -3.000000000000007
6.157672643661499 30.3 -0.3000000000000007 -3.000000000000007
6.168132305145264 30.3 -0.3000000000000007 -3.000000000000007
6.178443193435669 30.3 -0.3000000000000007 -3.000000000000007
6.188170909881592 30.3 -0.3000000000000007 -3.000000000000007
6.197797775268555 30.3 -0.3000000000000007 -3.000000000000007
6.207912445068359 30.3 -0.3000000000000007 -3.000000000000007
6.218217849731445 30.3 -0.3000000000000007 -3.000000000000007
6.228053331375122 30.3 -0.3000000000000007 -3.000000000000007
6.237570524215698 30.3 -0.3000000000000007 -3.000000000000007
6.248576402664185 30.6 -0.6000000000000014 -33.25816039166422
6.258374214172363 30.6 -0.6000000000000014 -6.000000000000014
6.269577503204346 30.3 -0.3000000000000007 23.77785060651208
6.2796571254730225 30.3 -0.3000000000000007 -3.000000000000007
6.289323091506958 30.3 -0.3000000000000007 -3.000000000000007
6.29944372177124 30.3 -0.3000000000000007 -3.000000000000007
6.309056997299194 30.3 -0.3000000000000007 -3.000000000000007
6.320358514785767 30.3 -0.3000000000000007 -3.000000000000007
6.32982873916626 30.3 -0.3000000000000007 -3.000000000000007
6.339982986450195 30.3 -0.3000000000000007 -3.000000000000007
6.350449562072754 30.3 -0.3000000000000007 -3.000000000000007
6.3605711460113525 30.3 -0.3000000000000007 -3.000000000000007
6.370957374572754 30.3 -0.3000000000000007 -3.000000000000007
6.380968809127808 30.3 -0.3000000000000007 -3.000000000000007
6.391572952270508 30.3 -0.3000000000000007 -3.000000000000007
6.400737285614014 30.3 -0.3000000000000007 -3.000000000000007
6.411045074462891 30.3 -0.3000000000000007 -3.000000000000007
6.42221999168396 30.3 -0.3000000000000007 -3.000000000000007
6.432382106781006 30.3 -0.3000000000000007 -3.000000000000007
6.441708087921143 30.3 -0.3000000000000007 -3.000000000000007
6.456689119338989 30.3 -0.3000000000000007 -3.000000000000007
6.4675469398498535 30.3 -0.3000000000000007 -3.000000000000007
6.4805662631988525 30.3 -0.3000000000000007 -3.000000000000007
6.490310192108154 30.3 -0.3000000000000007 -3.000000000000007
6.500509262084961 30.3 -0.3000000000000007 -3.000000000000007
6.50986385345459 30.3 -0.3000000000000007 -3.000000000000007
6.520567178726196 30.3 -0.3000000000000007 -3.000000000000007
6.530593395233154 30.3 -0.3000000000000007 -3.000000000000007
6.539959907531738 30.3 -0.3000000000000007 -3.000000000000007
6.5516321659088135 30.6 -0.6000000000000014 -31.70196703229372
6.560836315155029 30.6 -0.6000000000000014 -6.000000000000014
6.572667121887207 30.3 -0.3000000000000007 22.35752690338968
6.582615613937378 30.3 -0.3000000000000007 -3.000000000000007
6.592860221862793 30.3 -0.3000000000000007 -3.000000000000007
6.6024169921875 30.3 -0.3000000000000007 -3.000000000000007
6.612798452377319 30.3 -0.3000000000000007 -3.000000000000007
6.629485368728638 30.3 -0.3000000000000007 -3.000000000000007
6.640357494354248 30.3 -0.3000000000000007 -3.000000000000007
6.650839567184448 30.3 -0.3000000000000007 -3.000000000000007
6.661074161529541 30.3 -0.3000000000000007 -3.000000000000007
6.6725380420684814 30.3 -0.3000000000000007 -3.000000000000007
6.684171438217163 30.3 -0.3000000000000007 -3.000000000000007
6.693624019622803 30.3 -0.3000000000000007 -3.000000000000007
6.702919960021973 30.3 -0.3000000000000007 -3.000000000000007
6.71339225769043 30.3 -0.3000000000000007 -3.000000000000007
6.723849296569824 30.3 -0.3000000000000007 -3.000000000000007
6.734653949737549 30.3 -0.3000000000000007 -3.000000000000007
6.745867967605591 30.3 -0.3000000000000007 -3.000000000000007
6.756130218505859 30.3 -0.3000000000000007 -3.000000000000007
6.765759706497192 30.3 -0.3000000000000007 -3.000000000000007
6.7767393589019775 30.3 -0.3000000000000007 -3.000000000000007
6.786994457244873 30.3 -0.3000000000000007 -3.000000000000007
6.796574592590332 30.3 -0.3000000000000007 -3.000000000000007
6.80671763420105 30.3 -0.3000000000000007 -3.000000000000007
6.816354274749756 30.3 -0.3000000000000007 -3.000000000000007
6.827029705047607 30.3 -0.3000000000000007 -3.000000000000007
6.8365583419799805 30.3 -0.3000000000000007 -3.000000000000007
6.852465867996216 30.6 -0.6000000000000014 -24.858997916697952
6.862225532531738 30.6 -0.6000000000000014 -6.000000000000014
6.873433828353882 30.3 -0.3000000000000007 23.765888834528145
6.883025884628296 30.3 -0.3000000000000007 -3.000000000000007
6.894098997116089 30.3 -0.3000000000000007 -3.000000000000007
6.903507232666016 30.3 -0.3000000000000007 -3.000000000000007
6.913422107696533 30.3 -0.3000000000000007 -3.000000000000007
6.92454719543457 30.3 -0.3000000000000007 -3.000000000000007
6.9341819286346436 30.3 -0.3000000000000007 -3.000000000000007
6.944931507110596 30.3 -0.3000000000000007 -3.000000000000007
6.9544358253479 30.3 -0.3000000000000007 -3.000000000000007
6.964921951293945 30.3 -0.3000000000000007 -3.000000000000007
6.9756245613098145 30.3 -0.3000000000000007 -3.000000000000007
6.985676288604736 30.3 -0.3000000000000007 -3.000000000000007
6.996361255645752 30.3 -0.3000000000000007 -3.000000000000007
7.009036302566528 30.3 -0.3000000000000007 -3.000000000000007
7.022930860519409 30.3 -0.3000000000000007 -3.000000000000007
7.036433935165405 30.3 -0.3000000000000007 -3.000000000000007
7.049797534942627 30.3 -0.3000000000000007 -3.000000000000007
7.06296181678772 30.3 -0.3000000000000007 -3.000000000000007
7.0768303871154785 30.3 -0.3000000000000007 -3.000000000000007
7.086632490158081 30.3 -0.3000000000000007 -3.000000000000007
7.0965800285339355 30.3 -0.3000000000000007 -3.000000000000007
7.106651306152344 30.3 -0.3000000000000007 -3.000000000000007
7.116382360458374 30.3 -0.3000000000000007 -3.000000000000007
7.127049684524536 30.3 -0.3000000000000007 -3.000000000000007
7.136603593826294 30.3 -0.3000000000000007 -3.000000000000007
7.148058891296387 30.3 -0.3000000000000007 -3.000000000000007
7.157557487487793 30.3 -0.3000000000000007 -3.000000000000007
7.1668970584869385 30.3 -0.3000000000000007 -3.000000000000007
7.178278207778931 30.3 -0.3000000000000007 -3.000000000000007
7.187841415405273 30.3 -0.3000000000000007 -3.000000000000007
7.198248863220215 30.3 -0.3000000000000007 -3.000000000000007
7.208103656768799 30.3 -0.3000000000000007 -3.000000000000007
7.2182252407073975 30.3 -0.3000000000000007 -3.000000000000007
7.228579998016357 30.3 -0.3000000000000007 -3.000000000000007
7.238623857498169 30.3 -0.3000000000000007 -3.000000000000007
7.252976894378662 30.3 -0.3000000000000007 -3.000000000000007
7.26549768447876 30.3 -0.3000000000000007 -3.000000000000007
7.2750084400177 30.3 -0.3000000000000007 -3.000000000000007
7.286201238632202 30.3 -0.3000000000000007 -3.000000000000007
7.295989990234375 30.3 -0.3000000000000007 -3.000000000000007
7.305839538574219 30.3 -0.3000000000000007 -3.000000000000007
7.316127300262451 30.3 -0.3000000000000007 -3.000000000000007
7.325876474380493 30.3 -0.3000000000000007 -3.000000000000007
7.336709499359131 30.3 -0.3000000000000007 -3.000000000000007
7.347039461135864 30.3 -0.3000000000000007 -3.000000000000007
7.357504606246948 30.3 -0.3000000000000007 -3.000000000000007
7.366711616516113 30.3 -0.3000000000000007 -3.000000000000007
7.376989841461182 30.3 -0.3000000000000007 -3.000000000000007
7.38792085647583 30.3 -0.3000000000000007 -3.000000000000007
7.397040367126465 30.3 -0.3000000000000007 -3.000000000000007
7.410464286804199 30.3 -0.3000000000000007 -3.000000000000007
7.419986963272095 30.3 -0.3000000000000007 -3.000000000000007
7.4320995807647705 30.3 -0.3000000000000007 -3.000000000000007
7.4409499168396 30.3 -0.3000000000000007 -3.000000000000007
7.452611207962036 30.6 -0.6000000000000014 -31.72613931426476
7.462229013442993 30.6 -0.6000000000000014 -6.000000000000014
7.472355842590332 30.3 -0.3000000000000007 26.624277810476816
7.482951879501343 30.3 -0.3000000000000007 -3.000000000000007
7.492983818054199 30.3 -0.3000000000000007 -3.000000000000007
7.502836465835571 30.3 -0.3000000000000007 -3.000000000000007
7.512623310089111 30.3 -0.3000000000000007 -3.000000000000007
7.522580146789551 30.3 -0.3000000000000007 -3.000000000000007
7.5329437255859375 30.3 -0.3000000000000007 -3.000000000000007
7.543661594390869 30.3 -0.3000000000000007 -3.000000000000007
7.553003549575806 30.3 -0.3000000000000007 -3.000000000000007
7.563452482223511 30.3 -0.3000000000000007 -3.000000000000007
7.572957992553711 30.3 -0.3000000000000007 -3.000000000000007
7.584104299545288 30.3 -0.3000000000000007 -3.000000000000007
7.593535900115967 30.3 -0.3000000000000007 -3.000000000000007
7.602876901626587 30.3 -0.3000000000000007 -3.000000000000007
7.614668369293213 30.3 -0.3000000000000007 -3.000000000000007
7.624460935592651 30.3 -0.3000000000000007 -3.000000000000007
7.640452861785889 30.3 -0.3000000000000007 -3.000000000000007
7.656482934951782 30.3 -0.3000000000000007 -3.000000000000007
7.666301488876343 30.3 -0.3000000000000007 -3.000000000000007
7.676615238189697 30.3 -0.3000000000000007 -3.000000000000007
7.687837362289429 30.3 -0.3000000000000007 -3.000000000000007
7.698330402374268 30.3 -0.3000000000000007 -3.000000000000007
7.7088541984558105 30.3 -0.3000000000000007 -3.000000000000007
7.718455791473389 30.3 -0.3000000000000007 -3.000000000000007
7.728398084640503 30.3 -0.3000000000000007 -3.000000000000007
7.738598585128784 30.3 -0.3000000000000007 -3.000000000000007
7.749902248382568 30.3 -0.3000000000000007 -3.000000000000007
7.760580539703369 30.3 -0.3000000000000007 -3.000000000000007
7.770703315734863 30.3 -0.3000000000000007 -3.000000000000007
7.780274391174316 30.3 -0.3000000000000007 -3.000000000000007
7.7906293869018555 30.3 -0.3000000000000007 -3.000000000000007
7.800729513168335 30.3 -0.3000000000000007 -3.000000000000007
7.812366247177124 30.3 -0.3000000000000007 -3.000000000000007
7.822396755218506 30.3 -0.3000000000000007 -3.000000000000007
7.83107328414917 30.3 -0.3000000000000007 -3.000000000000007
7.843343496322632 30.3 -0.3000000000000007 -3.000000000000007
7.852595329284668 30.3 -0.3000000000000007 -3.000000000000007
7.862715721130371 30.3 -0.3000000000000007 -3.000000000000007
7.872575283050537 30.3 -0.3000000000000007 -3.000000000000007
7.882070064544678 30.3 -0.3000000000000007 -3.000000000000007
