0 0
0.0005738735198974609 120.6 -90.6 -906.0633765220642 -90.6 -0.021125507354736325 -388552.08834355825
0.035298824310302734 120.6 -90.6 -915.5016181468964 -90.6 -3.167206048965454 0.0
0.0454709529876709 120.6 -90.6 -918.266402721405 -90.6 -4.08880090713501 0.0
0.055957794189453125 120.6 -90.6 -921.1167261600494 -90.6 -5.0389087200164795 0.0
0.06860804557800293 120.6 -90.6 -924.5550644874572 -90.6 -6.185021495819091 0.0
0.07944345474243164 120.6 -90.6 -927.500128698349 -90.6 -7.1667095661163325 0.0
0.09033608436584473 120.6 -90.6 -930.4607454299927 -90.6 -8.153581809997558 0.0
0.10043740272521973 120.6 -90.6 -933.2062837600708 -90.6 -9.068761253356932 0.0
0.11076068878173828 120.6 -90.6 -936.0121529102325 -90.6 -10.004050970077513 0.0
0.1230921745300293 121.0 -91.0 -943.378648519516 -91.0 -11.126216173171995 -32.437291674723014
0.14461731910705566 121.0 -91.0 -949.2550129890442 -91.0 -13.085004329681395 0.0
0.1554272174835205 121.0 -91.0 -952.2061152458191 -91.0 -14.068705081939695 0.0
0.1675553321838379 121.0 -91.0 -955.5170905590057 -91.0 -15.172363519668577 0.0
0.18030738830566406 120.1 -90.1 -949.9639713287354 -90.1 -16.321323776245116 70.57685375612354
0.19054603576660156 120.1 -90.1 -952.7314777374268 -90.1 -17.243825912475586 0.0
0.2026360034942627 120.1 -90.1 -955.9993960142135 -90.1 -18.333132004737855 0.0
0.2128286361694336 120.1 -90.1 -958.7544646263123 -90.1 -19.251488208770752 0.0
0.22368884086608887 120.1 -90.1 -961.6899779558182 -90.1 -20.22999265193939 0.0
0.23487210273742676 119.0 -89.0 -953.6759088754654 -89.0 -21.225302958488463 98.36128427066849
0.2450394630432129 119.0 -89.0 -956.3905940771103 -89.0 -22.13019802570343 0.0
0.2563769817352295 119.2 -89.2 -961.4245140790939 -89.2 -23.141504693031308 -17.640544234853994
0.2692110538482666 119.2 -89.2 -964.8589117765426 -89.2 -24.28630392551422 0.0
0.27982354164123535 119.2 -89.2 -967.6988135099411 -89.2 -25.232937836647032 0.0
0.29062318801879883 118.2 -88.2 -960.5563999414444 -88.2 -26.185466647148132 92.59562443428925
0.30123090744018555 118.2 -88.2 -963.3632025003433 -88.2 -27.121067500114442 0.0
0.3114333152770996 118.2 -88.2 -966.0627596139908 -88.2 -28.020919871330264 0.0
0.32313036918640137 116.8 -86.8 -955.108672451973 -86.8 -29.036224150657656 119.68825747538827
0.33331966400146484 116.8 -86.8 -957.7619648218155 -86.8 -29.920654940605164 0.0
0.34391117095947266 116.4 -86.4 -956.5072834253311 -86.4 -30.835761141777038 37.76610840986773
0.3554675579071045 116.4 -86.4 -959.5026989221573 -86.4 -31.83423297405243 0.0
0.3657352924346924 115.2 -85.2 -950.1271318674087 -85.2 -32.70904395580292 116.87096085078744
0.3798789978027344 115.2 -85.2 -953.7422629594803 -85.2 -33.914087653160095 0.0
0.3902580738067627 115.2 -85.2 -956.39515478611 -85.2 -34.79838492870331 0.0
0.4012312889099121 113.7 -83.7 -944.1505290985108 -83.7 -35.71684303283691 136.69649103747963
0.41187000274658203 113.7 -83.7 -946.8219101428986 -83.7 -36.60730338096619 0.0
0.42497849464416504 112.2 -82.2 -935.0544642448425 -82.2 -37.68482141494751 114.42963932995035
0.4351615905761719 112.2 -82.2 -937.5656157016754 -82.2 -38.521871900558466 0.0
0.44524574279785156 112.2 -82.2 -940.0523676395416 -82.2 -39.35078921318053 0.0
0.4563577175140381 111.3 -81.3 -933.7625782728195 -81.3 -40.254192757606496 80.99370480829111
0.4699070453643799 111.3 -81.3 -937.0672593355179 -81.3 -41.355753111839284 0.0
0.4825558662414551 111.3 -81.3 -940.1523067474365 -81.3 -42.3841022491455 0.0
0.49268198013305664 111.3 -81.3 -942.6220659255981 -81.3 -43.207355308532705 0.0
0.5027859210968018 111.3 -81.3 -945.0864171266555 -81.3 -44.02880570888518 0.0
0.5133876800537109 111.1 -81.1 -945.6658250808715 -81.1 -44.88860836029051 18.864794116985898
0.5247499942779541 111.1 -81.1 -948.4302761316299 -81.1 -45.81009204387663 0.0
0.546527624130249 111.1 -81.1 -953.7287734746933 -81.1 -47.576257824897745 0.0
0.5570228099822998 110.6 -80.6 -951.2665094137192 -80.6 -48.42216980457304 47.64089050431622
0.5678999423980713 110.6 -80.6 -953.8966000318526 -80.6 -49.29886667728422 0.0
0.5813226699829102 110.6 -80.6 -957.1422155618667 -80.6 -50.38073852062223 0.0
0.5928380489349365 110.1 -80.1 -954.9093611240387 -80.1 -51.303120374679544 43.4201950350939
0.6033439636230469 110.1 -80.1 -957.4339324235916 -80.1 -52.14464414119718 0.0
0.6144578456878662 108.9 -78.9 -948.0645883083344 -78.9 -53.02152943611143 107.97307304515611
0.6306469440460205 108.9 -78.9 -951.8965478897094 -78.9 -54.298849296569806 0.0
0.6425130367279053 107.2 -77.2 -937.6447349548339 -77.2 -55.21491165161131 143.26535664054674
0.6534550189971924 107.2 -77.2 -940.1788980484008 -77.2 -56.05963268280028 0.0
0.6638493537902832 107.2 -77.2 -942.5862259864807 -77.2 -56.86207532882689 0.0
0.6766149997711182 107.6 -77.6 -949.558068370819 -77.6 -57.852689456939686 -31.334097827913347
0.6876435279846191 107.6 -77.6 -952.1255097389221 -77.6 -58.70850324630736 0.0
0.6992011070251465 106.8 -76.8 -946.7883759498595 -76.8 -59.59612531661986 69.21864840333336
0.7092933654785156 106.8 -76.8 -949.1136322975158 -76.8 -60.37121076583861 0.0
0.7195746898651123 106.8 -76.8 -951.4824494361877 -76.8 -61.16081647872924 0.0
0.7313790321350098 105.8 -75.8 -944.1667568683624 -75.8 -62.05558562278747 84.71458867726363
0.7414977550506592 105.8 -75.8 -946.4677544593811 -75.8 -62.8225848197937 0.0
0.7523491382598877 105.2 -75.2 -942.9158265113831 -75.2 -63.638608837127684 55.29249022278807
0.7625458240509033 105.2 -75.2 -945.2161988258362 -75.2 -64.40539960861206 0.0
0.7814140319824219 103.7 -73.7 -934.3879595994949 -73.7 -65.79598653316498 79.49880589848242
0.803936243057251 103.0 -73.0 -932.3203238248825 -73.0 -67.4401079416275 31.080429788810797
0.8148202896118164 103.0 -73.0 -934.7039300203323 -73.0 -68.23464334011078 0.0
0.8249366283416748 103.0 -73.0 -936.9194082021713 -73.0 -68.97313606739044 0.0
0.8358278274536133 102.2 -72.2 -931.2784419298172 -72.2 -69.7594806432724 73.4538035507101
0.84627366065979 102.2 -72.2 -933.5410094022751 -72.2 -70.51366980075836 0.0
0.8584847450256348 100.7 -70.7 -921.1309803962707 -70.7 -71.37699346542358 122.8392135423785
0.869762659072876 100.7 -70.7 -923.5230259656906 -70.7 -72.17434198856354 0.0
0.8810138702392578 100.7 -70.7 -925.9094078540802 -70.7 -72.96980261802673 0.0
0.8917796611785889 100.2 -70.2 -923.1766834259033 -70.2 -73.72556114196777 46.4434060458421
0.9030754566192627 100.2 -70.2 -925.5555779457093 -70.2 -74.51852598190308 0.0
0.9138412475585938 100.6 -70.6 -931.8357724666596 -70.6 -75.27859082221985 -37.15472483667289
0.9244334697723389 100.6 -70.6 -934.0792051315308 -70.6 -76.02640171051026 0.0
0.9398350715637207 97.6 -67.6 -907.202649974823 -67.6 -77.06754999160766 194.78493475131194
0.9505212306976318 97.6 -67.6 -909.3698030471802 -67.6 -77.78993434906006 0.0
0.9625012874603271 93.3 -63.3 -868.644815826416 -63.3 -78.54827194213867 358.9298519344051
0.9732663631439209 93.3 -63.3 -870.6891036987305 -63.3 -79.22970123291016 0.0
0.9846017360687256 93.3 -63.3 -872.8416910171509 -63.3 -79.9472303390503 0.0
0.9954724311828613 93.9 -63.900000000000006 -880.9256032705307 -63.900000000000006 -80.64186775684357 -55.19426252878684
1.007023811340332 93.9 -63.900000000000006 -883.1400028467178 -63.900000000000006 -81.38000094890594 0.0
1.0184941291809082 93.3 -63.3 -879.3182162046432 -63.3 -82.10607206821442 52.308925379339755
1.0285985469818115 93.3 -63.3 -881.2370451450348 -63.3 -82.7456817150116 0.0
1.0390779972076416 93.3 -63.3 -883.2270927429199 -63.3 -83.40903091430664 0.0
1.0497198104858398 93.3 -63.3 -885.2479730844498 -63.3 -84.08265769481659 0.0
1.061145544052124 93.3 -63.3 -887.4177198886871 -63.3 -84.80590662956237 0.0
1.0722734928131104 94.5 -64.5 -901.5709779739379 -64.5 -85.52365932464599 -107.8365856793935
1.083540439605713 94.5 -64.5 -903.7511321783065 -64.5 -86.25037739276885 0.0
1.094578504562378 96.4 -66.4 -924.9499147176742 -66.4 -86.98330490589142 -172.1316197593802
1.105698585510254 96.4 -66.4 -927.1650348424912 -66.4 -87.72167828083037 0.0
1.115929126739502 96.4 -66.4 -929.2029586553574 -66.4 -88.40098621845245 0.0
1.1267330646514893 95.2 -65.2 -919.3162089109421 -65.2 -89.10540297031402 111.07061238000688
1.1372454166412354 95.2 -65.2 -921.3724249601364 -65.2 -89.79080832004546 0.0
1.1514286994934082 94.1 -64.1 -913.0998702526092 -64.1 -90.69995675086973 77.55609272302503
1.1634082794189453 94.1 -64.1 -915.40354347229 -64.1 -91.46784782409667 0.0
1.174720287322998 93.1 -63.099999999999994 -907.5449065685273 -63.099999999999994 -92.1816355228424 88.40163554356532
1.1858391761779785 93.1 -63.099999999999994 -909.649712228775 -63.099999999999994 -92.88323740959167 0.0
1.196471929550171 93.1 -63.099999999999994 -911.662492442131 -63.099999999999994 -93.55416414737701 0.0
1.2079131603240967 92.3 -62.3 -905.8008584737777 -62.3 -94.26695282459258 69.9225473034923
1.218517780303955 92.3 -62.3 -907.7828619480133 -62.3 -94.92762064933775 0.0
1.2293665409088135 91.6 -61.599999999999994 -902.787712907791 -61.599999999999994 -95.59590430259703 64.52349954948052
1.2394955158233643 91.6 -61.599999999999994 -904.6595474720001 -61.599999999999994 -96.21984915733336 0.0
1.2496657371520996 91.3 -61.3 -903.5298511743545 -61.3 -96.84328372478484 29.49788311414277
1.2619245052337646 91.3 -61.3 -905.7842386245727 -61.3 -97.59474620819091 0.0
1.272367000579834 91.3 -61.3 -907.704613518715 -61.3 -98.23487117290496 0.0
1.2837629318237305 90.1 -60.099999999999994 -897.7592999219894 -60.099999999999994 -98.91976664066314 105.30074061676245
1.2948362827301025 90.1 -60.099999999999994 -899.7558250904083 -60.099999999999994 -99.5852750301361 0.0
1.3058228492736816 89.3 -59.3 -893.710335278511 -59.3 -100.23677842617035 72.81619756515674
1.3174152374267578 89.3 -59.3 -895.7726211309433 -59.3 -100.92420704364777 0.0
1.327545166015625 87.8 -57.8 -882.5291507482528 -57.8 -101.50971691608429 148.0760685369987
1.3468279838562012 87.8 -57.8 -885.8727913618088 -57.8 -102.62426378726958 0.0
1.3629240989685059 88.7 -58.7 -897.7073172330856 -58.7 -103.56910574436186 -55.91411304656985
1.3759350776672363 88.7 -58.7 -899.998550581932 -58.7 -104.33285019397734 0.0
1.3915252685546875 87.9 -57.900000000000006 -894.7065667390823 -57.900000000000006 -105.23552224636076 51.314317173879616
1.4027409553527832 87.9 -57.900000000000006 -896.6547315359115 -57.900000000000006 -105.8849105119705 0.0
1.4146225452423096 86.4 -56.400000000000006 -883.6650965452194 -56.400000000000006 -106.55503218173979 126.24573091200963
1.4249122142791748 86.4 -56.400000000000006 -885.406108546257 -56.400000000000006 -107.13536951541899 0.0
1.4359948635101318 85.6 -55.599999999999994 -879.2546944379806 -55.599999999999994 -107.75156481266019 72.18490663454195
1.446474313735962 85.6 -55.599999999999994 -881.002666735649 -55.599999999999994 -108.33422224521634 0.0
1.4566421508789062 85.6 -55.599999999999994 -882.6986619710922 -55.599999999999994 -108.89955399036404 0.0
1.4692819118499756 84.8 -54.8 -876.776638674736 -54.8 -109.59221289157864 63.29233613128338
1.4797348976135254 84.8 -54.8 -878.4951095342635 -54.8 -110.16503651142116 0.0
1.4906282424926758 83.1 -53.099999999999994 -863.2304193735122 -53.099999999999994 -110.74347312450405 156.05858612387857
1.501572608947754 83.1 -53.099999999999994 -864.9738569498061 -53.099999999999994 -111.32461898326869 0.0
1.5132102966308594 82.6 -52.599999999999994 -861.8102840662001 -52.599999999999994 -111.93676135540004 42.96386134557076
1.5233945846557617 82.6 -52.599999999999994 -863.4173647165297 -52.599999999999994 -112.4724549055099 0.0
1.533522367477417 82.6 -52.599999999999994 -865.0155288457869 -52.599999999999994 -113.00517628192897 0.0
1.5448081493377686 82.5 -52.5 -865.7930394887923 -52.5 -113.59767982959742 8.86070643907335
1.5552234649658203 82.5 -52.5 -867.4334517002104 -52.5 -114.14448390007014 0.0
1.5672144889831543 81.8 -51.8 -862.2968568325041 -51.8 -114.76561894416804 58.37699924444291
1.5791466236114502 81.8 -51.8 -864.1511105537413 -51.8 -115.38370351791377 0.0
1.5893940925598145 78.0 -48.0 -827.6267460823058 -48.0 -115.87558202743526 370.8232754007582
1.5999314785003662 78.0 -48.0 -829.1441296577452 -48.0 -116.38137655258174 0.0
1.6099047660827637 78.0 -48.0 -830.5802830696105 -48.0 -116.86009435653682 0.0
1.6217312812805176 76.2 -46.2 -814.2194380760192 -46.2 -117.40647935867305 152.20037093782736
1.6319372653961182 76.2 -46.2 -815.6339874744414 -46.2 -117.8779958248138 0.0
1.6423122882843018 76.2 -46.2 -817.0719656467436 -46.2 -118.35732188224787 0.0
1.6524438858032227 76.2 -46.2 -818.476205062866 -46.2 -118.82540168762202 0.0
1.6625947952270508 76.2 -46.2 -819.8831211090087 -46.2 -119.29437370300288 0.0
1.6747100353240967 76.2 -46.2 -821.5622933864593 -46.2 -119.8540977954864 0.0
1.6854116916656494 76.2 -46.2 -823.0455429553983 -46.2 -120.34851431846613 0.0
1.695547342300415 76.2 -46.2 -824.4503441333769 -46.2 -120.8167813777923 0.0
1.7064201831817627 76.2 -46.2 -825.9573198795317 -46.2 -121.31910662651056 0.0
1.7239351272583008 76.2 -46.2 -828.38489112854 -46.2 -122.12829704284663 0.0
1.739305019378662 76.2 -46.2 -830.5151581764219 -46.2 -122.83838605880732 0.0
1.749504566192627 76.2 -46.2 -831.9288153648374 -46.2 -123.30960512161249 0.0
1.7597086429595947 76.2 -46.2 -833.3431004047393 -46.2 -123.7810334682464 0.0
1.7714874744415283 76.2 -46.2 -834.9756464481352 -46.2 -124.32521548271174 0.0
1.786597728729248 76.2 -46.2 -837.0699276924131 -46.2 -125.02330923080439 0.0
1.7969179153442383 76.2 -46.2 -838.5003055572508 -46.2 -125.50010185241693 0.0
1.8075764179229736 76.2 -46.2 -839.9775740146636 -46.2 -125.9925246715545 0.0
1.8199357986450195 73.4 -43.400000000000006 -813.586765384674 -43.400000000000006 -126.5289217948913 226.54856768070348
1.8304288387298584 73.4 -43.400000000000006 -814.95295920372 -43.400000000000006 -126.9843197345733 0.0
1.84273362159729 72.2 -42.2 -804.5107447147368 -42.2 -127.50358157157892 97.52305367176926
1.8531346321105957 72.2 -42.2 -805.8275126457213 -42.2 -127.94250421524042 0.0
1.8639299869537354 71.3 -41.3 -798.1650571107863 -41.3 -128.38835237026208 83.36919101570317
1.8763227462768555 71.3 -41.3 -799.7005199909208 -41.3 -128.90017333030696 0.0
1.8872921466827393 71.3 -41.3 -801.0596287012099 -41.3 -129.35320956706997 0.0
1.8989834785461426 71.2 -41.2 -801.5046773195265 -41.2 -129.83489243984218 8.55334543303987
1.9094996452331543 71.2 -41.2 -802.8044755220412 -41.2 -130.26815850734707 0.0
1.9214584827423096 71.0 -41.0 -802.2754125356673 -41.0 -130.75847084522243 16.724033573237342
1.9315752983093262 71.0 -41.0 -803.5197808504104 -41.0 -131.1732602834701 0.0
1.9423224925994873 69.3 -39.3 -787.7868750572204 -39.3 -131.59562501907345 158.18081948665642
1.952556848526001 69.3 -39.3 -788.9935056209563 -39.3 -131.99783520698543 0.0
1.9627501964569092 69.3 -39.3 -790.1953013420105 -39.3 -132.39843378067013 0.0
1.9748742580413818 68.0 -38.0 -778.5774443626403 -38.0 -132.8591481208801 107.22479351844545
1.9857559204101562 68.0 -38.0 -779.8179538726806 -38.0 -133.27265129089352 0.0
1.9965486526489258 68.0 -38.0 -781.0483253479003 -38.0 -133.68277511596676 0.0
2.0069150924682617 68.0 -38.0 -782.2300994873046 -38.0 -134.07669982910153 0.0
2.0177810192108154 66.8 -36.8 -771.4296977996826 -36.8 -134.4765659332275 110.43696763576548
2.0294740200042725 66.8 -36.8 -772.7206050872802 -36.8 -134.90686836242674 0.0
2.0397274494171143 67.0 -37.0 -775.8587357521056 -37.0 -135.28624525070188 -19.50566897642217
2.050557851791382 67.0 -37.0 -777.0609104156493 -37.0 -135.68697013854978 0.0
2.0606799125671387 67.0 -37.0 -778.1844591617584 -37.0 -136.06148638725278 0.0
2.072598934173584 65.8 -35.8 -767.4645620822906 -35.8 -136.48818736076353 100.679404704753
2.083352565765381 65.8 -35.8 -768.6195021152496 -35.8 -136.87316737174987 0.0
2.0945234298706055 64.5 -34.5 -756.7756865501403 -34.5 -137.25856218338012 116.37416655995193
2.1047966480255127 64.5 -34.5 -757.8389646291732 -34.5 -137.61298820972442 0.0
2.1162896156311035 63.9 -33.9 -753.0077994346618 -33.9 -138.00259981155395 52.205837568717065
2.127467155456543 63.9 -33.9 -754.144555234909 -33.9 -138.38151841163634 0.0
2.1429152488708496 62.6 -32.6 -742.6553787708282 -32.6 -138.88512625694273 84.15277957835583
2.1533679962158203 62.6 -32.6 -743.6776574611663 -32.6 -139.22588582038878 0.0
2.1648080348968506 62.6 -32.6 -744.7964932441711 -32.6 -139.59883108139036 0.0
2.1758439540863037 62.6 -32.6 -745.8758061408996 -32.6 -139.95860204696652 0.0
2.187537908554077 62.2 -32.2 -743.0054421424865 -32.2 -140.33514738082883 34.20570869352459
2.2007668018341064 62.2 -32.2 -744.2833532333374 -32.2 -140.76111774444578 0.0
2.212439775466919 60.7 -30.700000000000003 -730.3584341049194 -30.700000000000003 -141.11947803497313 128.50196078431372
2.22271728515625 60.7 -30.700000000000003 -731.3049927473068 -30.700000000000003 -141.43499758243559 0.0
2.2336935997009277 60.7 -30.700000000000003 -732.3159113168716 -30.700000000000003 -141.7719704389572 0.0
2.2452032566070557 60.7 -30.700000000000003 -733.375950717926 -30.700000000000003 -142.12531690597532 0.0
2.255368709564209 60.7 -30.700000000000003 -734.3121889352798 -30.700000000000003 -142.43739631175993 0.0
2.266367197036743 59.0 -29.0 -718.2690573453903 -29.0 -142.75635244846342 154.5667078537212
2.2778584957122803 59.0 -29.0 -719.268800330162 -29.0 -143.089600110054 0.0
2.2897379398345947 59.5 -29.5 -725.3201311349868 -29.5 -143.44004371166227 -42.08951150002007
2.299912691116333 59.5 -29.5 -726.2205966234206 -29.5 -143.74019887447355 0.0
2.3110191822052 58.8 -28.799999999999997 -720.1801974534987 -28.799999999999997 -144.06006581783294 63.02620642280637
2.321577310562134 58.8 -28.799999999999997 -721.0924197435379 -28.799999999999997 -144.36413991451263 0.0
2.333501100540161 58.0 -28.0 -714.0940181016922 -28.0 -144.6980060338974 67.09276173718284
2.344890832901001 58.0 -28.0 -715.0507556200027 -28.0 -145.01691854000092 0.0
2.355088949203491 56.9 -26.9 -704.8737436056138 -26.9 -145.2912478685379 107.86305699724146
2.365976333618164 56.9 -26.9 -705.7523555278779 -26.9 -145.5841185092926 0.0
2.377647876739502 56.3 -26.299999999999997 -700.6732402801514 -26.299999999999997 -145.8910800933838 51.4070842014954
2.3895013332366943 56.3 -26.299999999999997 -701.6084779977799 -26.299999999999997 -146.20282599925997 0.0
2.3997750282287598 56.3 -26.299999999999997 -702.4190725326539 -26.299999999999997 -146.47302417755128 0.0
2.410817861557007 56.1 -26.1 -701.2837263822556 -26.1 -146.76124212741854 18.111293909363347
2.4215939044952393 56.1 -26.1 -702.1274905443192 -26.1 -147.0424968481064 0.0
2.433274745941162 55.5 -25.5 -697.0210749149323 -25.5 -147.34035830497743 51.366162513012185
2.4434399604797363 55.5 -25.5 -697.7987138271333 -25.5 -147.59957127571107 0.0
2.4545483589172363 54.6 -24.6 -689.6185136318207 -24.6 -147.87283787727358 81.01978021978009
2.464803457260132 54.6 -24.6 -690.3753398895265 -24.6 -148.1251132965088 0.0
2.474918842315674 54.6 -24.6 -691.1218553066254 -24.6 -148.37395176887514 0.0
2.4873123168945312 54.6 -24.6 -692.0364937305451 -24.6 -148.67883124351505 0.0
2.497494697570801 54.6 -24.6 -692.7879534244538 -24.6 -148.92931780815127 0.0
2.509091854095459 53.8 -23.799999999999997 -685.6159904003144 -23.799999999999997 -149.20533013343814 68.98242670942844
2.519855260848999 53.8 -23.799999999999997 -686.3844976425172 -23.799999999999997 -149.4614992141724 0.0
2.531606674194336 52.7 -22.700000000000003 -676.1847688913346 -22.700000000000003 -149.72825629711153 93.60576193471111
2.545741558074951 52.7 -22.700000000000003 -677.1473544836045 -22.700000000000003 -150.0491181612015 0.0
2.556577444076538 52.7 -22.700000000000003 -677.8852783203125 -22.700000000000003 -150.29509277343752 0.0
2.5670268535614014 52.7 -22.700000000000003 -678.5968831062318 -22.700000000000003 -150.53229436874392 0.0
2.5798497200012207 52.7 -22.700000000000003 -679.4701203107835 -22.700000000000003 -150.82337343692782 0.0
2.5902793407440186 52.7 -22.700000000000003 -680.180377483368 -22.700000000000003 -151.06012582778934 0.0
2.6011712551116943 51.9 -21.9 -672.8959762573243 -21.9 -151.29865875244144 73.44897994921675
2.611330270767212 51.9 -21.9 -673.5634235858918 -21.9 -151.52114119529728 0.0
2.6226139068603516 52.3 -22.299999999999997 -678.3182988405229 -22.299999999999997 -151.7727662801743 -35.44956578697137
2.6337645053863525 52.3 -22.299999999999997 -679.0642738819124 -22.299999999999997 -152.02142462730413 0.0
2.6438963413238525 50.4 -20.4 -660.6843422412874 -20.4 -152.22811408042912 187.52771084337334
2.654996633529663 50.4 -20.4 -661.3636801242831 -20.4 -152.45456004142767 0.0
2.6650547981262207 50.4 -20.4 -661.9792397975923 -20.4 -152.65974659919743 0.0
2.6754188537597656 48.3 -18.299999999999997 -641.5482264518739 -18.299999999999997 -152.8494088172913 202.62338164251221
2.687744140625 48.3 -18.299999999999997 -642.2248847007752 -18.299999999999997 -153.07496156692508 0.0
2.69964599609375 47.4 -17.4 -633.8461615562439 -17.4 -153.28205385208133 75.61846153846142
2.709728956222534 47.4 -17.4 -634.3724920749665 -17.4 -153.45749735832217 0.0
2.721187114715576 47.5 -17.5 -635.9740453958512 -17.5 -153.6580151319504 -8.727405896918496
2.7367336750030518 46.0 -16.0 -621.7202802896501 -16.0 -153.90676009655002 96.48436517551796
2.7486119270324707 46.0 -16.0 -622.2904363870622 -16.0 -154.09681212902072 0.0
2.7590808868408203 46.0 -16.0 -622.792946457863 -16.0 -154.2643154859543 0.0
2.7702600955963135 44.8 -14.799999999999997 -611.2893033266068 -14.799999999999997 -154.42976777553562 107.34212288596498
2.781601667404175 44.8 -14.799999999999997 -611.7928691148759 -14.799999999999997 -154.59762303829197 0.0
2.793943166732788 44.6 -14.600000000000001 -610.3334267854691 -14.600000000000001 -154.77780892848972 16.20548643845109
2.8045876026153564 44.6 -14.600000000000001 -610.7996530771256 -14.600000000000001 -154.93321769237522 0.0
2.8155786991119385 43.6 -13.600000000000001 -601.2480898141862 -13.600000000000001 -155.08269660472874 90.98273318872018
2.8266587257385254 43.6 -13.600000000000001 -601.700154900551 -13.600000000000001 -155.2333849668503 0.0
2.839033365249634 43.7 -13.700000000000003 -603.2087525844576 -13.700000000000003 -155.4029175281525 -8.081043484962448
2.8504302501678467 43.7 -13.700000000000003 -603.6771645545961 -13.700000000000003 -155.559054851532 0.0
2.8625576496124268 42.0 -12.0 -587.113750934601 -12.0 -155.70458364486697 140.1784453269377
2.8729171752929688 42.0 -12.0 -587.4866938591005 -12.0 -155.82889795303348 0.0
2.8833794593811035 41.6 -11.600000000000001 -583.8507813453675 -11.600000000000001 -155.95026044845585 38.23256916275452
2.8951001167297363 41.6 -11.600000000000001 -584.2586602211 -11.600000000000001 -156.0862200737 0.0
2.905911922454834 41.1 -11.100000000000001 -579.6186933517457 -11.100000000000001 -156.20623111724856 46.24574402399224
2.916363000869751 41.1 -11.100000000000001 -579.9667142629625 -11.100000000000001 -156.32223808765414 0.0
2.9275496006011963 40.4 -10.399999999999999 -573.3157361745835 -10.399999999999999 -156.43857872486117 62.57486786018781
2.943542957305908 40.4 -10.399999999999999 -573.8147289037705 -10.399999999999999 -156.60490963459017 0.0
2.9550130367279053 40.1 -10.100000000000001 -571.162272310257 -10.100000000000001 -156.72075743675234 26.15500633976986
2.9653680324554443 40.1 -10.100000000000001 -571.4760286808015 -10.100000000000001 -156.8253428936005 0.0
2.976367950439453 39.7 -9.700000000000003 -567.7961262941361 -9.700000000000003 -156.93204209804537 36.36390749290145
2.9891843795776367 39.7 -9.700000000000003 -568.1690843820573 -9.700000000000003 -157.05636146068576 0.0
3.0003340244293213 38.4 -8.399999999999999 -555.4500554323197 -8.399999999999999 -157.15001847743991 116.59564203998755
3.010563373565674 38.4 -8.399999999999999 -555.7078350305558 -8.399999999999999 -157.23594501018528 0.0
3.021843433380127 37.6 -7.600000000000001 -547.9650203943254 -7.600000000000001 -157.32167346477513 70.9216097396007
3.032810926437378 37.6 -7.600000000000001 -548.2150792360308 -7.600000000000001 -157.40502641201024 0.0
3.044548273086548 37.6 -7.600000000000001 -548.4826907396318 -7.600000000000001 -157.49423024654394 0.0
3.0550079345703125 37.6 -7.600000000000001 -548.7211710214617 -7.600000000000001 -157.57372367382055 0.0
3.0659189224243164 36.5 -6.5 -537.9339352846148 -6.5 -157.64464509487158 100.81580281443942
3.076371431350708 36.5 -6.5 -538.1377592086794 -6.5 -157.71258640289312 0.0
3.0893142223358154 36.4 -6.399999999999999 -537.3862607955934 -6.399999999999999 -157.7954202651978 7.726308808901115
3.0994696617126465 36.4 -6.399999999999999 -537.5812452316286 -6.399999999999999 -157.86041507720952 0.0
3.110260486602783 36.2 -6.200000000000003 -535.7819545745851 -6.200000000000003 -157.92731819152837 18.53426425099386
3.1231024265289307 36.2 -6.200000000000003 -536.0208146572115 -6.200000000000003 -158.0069382190705 0.0
3.134460926055908 35.5 -5.5 -529.2082298994067 -5.5 -158.06940996646887 61.627858357297534
3.145490884780884 35.5 -5.5 -529.3902242183688 -5.5 -158.13007473945623 0.0
3.1567559242248535 34.0 -4.0 -514.5254046916964 -4.0 -158.1751348972321 133.1553260386463
3.166842222213745 34.0 -4.0 -514.6464402675631 -4.0 -158.21548008918768 0.0
3.177473783493042 33.0 -3.0 -504.7421243190767 -3.0 -158.24737477302557 94.05956225331899
3.1879265308380127 33.0 -3.0 -504.83619904518144 -3.0 -158.27873301506048 0.0
3.1995058059692383 33.0 -3.0 -504.9404125213625 -3.0 -158.31347084045416 0.0
3.21026873588562 32.6 -2.6000000000000014 -501.0243633747102 -2.6000000000000014 -158.34145445823674 37.16460137784361
3.2205286026000977 32.6 -2.6000000000000014 -501.1043903350831 -2.6000000000000014 -158.36813011169437 0.0
3.231605052947998 32.1 -2.1000000000000014 -496.17417197227485 -2.1000000000000014 -158.39139065742495 45.14081536011021
3.243321180343628 32.1 -2.1000000000000014 -496.24798357486736 -2.1000000000000014 -158.41599452495578 0.0
3.2545580863952637 32.2 -2.200000000000003 -497.32214715480814 -2.200000000000003 -158.4407157182694 -8.899246780250916
3.2648794651031494 32.2 -2.200000000000003 -497.3902682542803 -2.200000000000003 -158.46342275142675 0.0
3.27553129196167 32.0 -2.0 -495.4541792154314 -2.0 -158.4847264051438 18.77612194193907
3.2868733406066895 32.0 -2.0 -495.5222315073015 -2.0 -158.50741050243383 0.0
3.299328088760376 29.7 0.3000000000000007 -472.5110222339631 0.3000000000000007 -158.5036740779877 184.66852734546993
3.309568405151367 29.7 0.3000000000000007 -472.5018059492113 0.3000000000000007 -158.50060198307042 0.0
3.3205726146698 29.8 0.1999999999999993 -473.49520342350024 0.1999999999999993 -158.49840114116674 -9.087431480879774
3.3311192989349365 29.8 0.1999999999999993 -473.48887541294107 0.1999999999999993 -158.4962918043137 0.0
3.3469250202178955 29.4 0.6000000000000014 -469.4604251146318 0.6000000000000014 -158.48680837154393 25.30729176094381
3.3593661785125732 29.4 0.6000000000000014 -469.43803102970134 0.6000000000000014 -158.4793436765671 0.0
3.3707048892974854 28.9 1.1000000000000014 -464.40061328411116 1.1000000000000014 -158.46687109470372 44.096724000168216
3.3818700313568115 28.9 1.1000000000000014 -464.3637683153154 1.1000000000000014 -158.45458943843846 0.0
3.39359450340271 28.2 1.8000000000000007 -457.30045616626757 1.8000000000000007 -158.43348538875586 59.704180901252585
3.403874635696411 28.2 1.8000000000000007 -457.24494345188157 1.8000000000000007 -158.4149811506272 0.0
3.4170241355895996 26.7 3.3000000000000007 -442.11476340293905 3.3000000000000007 -158.37158780097968 114.07277935923703
3.4318630695343018 26.3 3.6999999999999993 -437.9500512361529 3.6999999999999993 -158.3166837453843 26.95611433345642
3.4474599361419678 26.3 3.6999999999999993 -437.7769260168078 3.6999999999999993 -158.25897533893593 0.0
3.4627270698547363 25.1 4.899999999999999 -425.5524991512301 4.899999999999999 -158.18416638374336 78.60021550714448
3.477590799331665 24.9 5.100000000000001 -423.3250840902331 5.100000000000001 -158.10836136341103 13.455573199878286
3.492504358291626 24.9 5.100000000000001 -423.0969066381457 5.100000000000001 -158.03230221271522 0.0
3.504335880279541 23.6 6.399999999999999 -409.8697414159777 6.399999999999999 -157.95658047199257 109.87597380352621
3.5146212577819824 23.6 6.399999999999999 -409.67226216793085 6.399999999999999 -157.89075405597694 0.0
3.525470733642578 23.3 6.699999999999999 -406.4541877031328 6.699999999999999 -157.81806256771094 27.651105348745286
3.535985231399536 23.3 6.699999999999999 -406.24284629821796 6.699999999999999 -157.7476154327393 0.0
3.5493547916412354 22.0 8.0 -392.9219768524172 8.0 -157.64065895080572 97.23580854554538
3.5594513416290283 22.0 8.0 -392.67965965271014 8.0 -157.55988655090337 0.0
3.5698721408843994 22.1 7.899999999999999 -393.43268671035776 7.899999999999999 -157.47756223678593 -9.596192916628672
3.58121657371521 22.1 7.899999999999999 -393.16382365226764 7.899999999999999 -157.38794121742254 0.0
3.592359781265259 21.1 8.899999999999999 -382.86630001068124 8.899999999999999 -157.2887666702271 89.74076768368352
3.6033377647399902 21.1 8.899999999999999 -382.5731878519059 8.899999999999999 -157.19106261730198 0.0
3.613896369934082 20.9 9.100000000000001 -380.2849379301072 9.100000000000001 -157.09497931003574 18.941895858736665
3.624479055404663 20.9 9.100000000000001 -379.9960306167603 9.100000000000001 -156.99867687225344 0.0
3.6350581645965576 19.7 10.3 -367.66913614273074 10.3 -156.88971204757692 113.43110069413137
3.646691083908081 19.7 10.3 -367.3096789360047 10.3 -156.76989297866822 0.0
3.65767765045166 19.5 10.5 -364.96360208988193 10.5 -156.65453402996064 18.204049391289185
3.6679584980010986 19.5 10.5 -364.6397553920746 10.5 -156.54658513069154 0.0
3.679483413696289 19.5 10.5 -364.2767205476761 10.5 -156.42557351589204 0.0
3.6895318031311035 19.5 10.5 -363.96019628047947 10.5 -156.3200654268265 0.0
3.701220989227295 18.3 11.7 -351.54990584850316 11.7 -156.18330194950104 102.65898670147665
3.7115583419799805 18.3 11.7 -351.18706476688385 11.7 -156.06235492229462 0.0
3.7225418090820312 17.4 12.600000000000001 -341.77188971042636 12.600000000000001 -155.9239632368088 81.94133889033623
3.7328147888183594 17.4 12.600000000000001 -341.3835710763932 12.600000000000001 -155.79452369213107 0.0
3.753206729888916 17.5 12.5 -341.6188732862473 12.5 -155.5396244287491 -4.903898047468794
3.7652788162231445 16.6 13.399999999999999 -332.1335754156113 13.399999999999999 -155.37785847187044 74.55215072875922
3.7850217819213867 15.8 14.2 -323.2925250768662 14.2 -155.0975083589554 40.5207612791035
3.7953531742095947 15.8 14.2 -322.85240776538853 14.2 -154.95080258846284 0.0
3.80937123298645 14.7 15.3 -311.20897886753085 15.3 -154.73632628917696 78.47020885774553
3.8195133209228516 14.7 15.3 -310.74345703125005 15.3 -154.58115234375 0.0
3.8303451538085938 13.8 16.2 -301.21702995300296 16.2 -154.405676651001 83.08843106180653
3.84080171585083 13.8 16.2 -300.7088410377503 16.2 -154.23628034591675 0.0
3.852886915206909 13.9 16.1 -301.12512590885166 16.1 -154.0417086362839 -8.274584229319794
3.865074396133423 13.9 16.1 -300.5364705801011 16.1 -153.84549019336703 0.0
3.875873327255249 12.8 17.2 -288.9792457342149 17.2 -153.65974857807163 101.8619331478781
3.886880397796631 12.8 17.2 -288.41128089427957 17.2 -153.47042696475987 0.0
3.898484945297241 11.8 18.2 -277.77767260074626 18.2 -153.25922420024875 86.17311445770756
3.909855842590332 11.8 18.2 -277.1568216085435 18.2 -153.0522738695145 0.0
3.920670747756958 11.4 18.6 -272.55334990024573 18.6 -152.85111663341524 36.9859923723024
3.9312820434570312 11.4 18.6 -271.9612396001816 18.6 -152.65374653339387 0.0
3.9425482749938965 10.9 19.1 -266.3156845331192 19.1 -152.43856151103975 44.38041224023363
3.954019069671631 10.9 19.1 -265.65840799808507 19.1 -152.219469332695 0.0
3.965069532394409 10.3 19.7 -259.00532565116885 19.7 -152.0017752170563 54.296368853696755
3.975262403488159 10.3 19.7 -258.40292696952827 19.7 -151.80097565650942 0.0
3.9866039752960205 10.1 19.9 -255.72583513259895 19.9 -151.57527837753298 17.634240067269225
3.996828079223633 8.6 21.4 -240.0694476604462 21.4 -151.35648255348207 146.7121236853765
4.009051084518433 8.6 21.4 -239.2847307205201 21.4 -151.09491024017336 0.0
4.0196685791015625 8.6 21.4 -238.60308756828312 21.4 -150.86769585609437 0.0
4.029886960983276 8.6 21.4 -237.9470674514771 21.4 -150.6490224838257 0.0
4.039951801300049 7.6 22.4 -227.27071018219 22.4 -150.42357006073 99.35577401397607
4.051201343536377 7.6 22.4 -226.5147409439087 22.4 -150.17158031463623 0.0
4.063439607620239 7.4 22.6 -223.68498663902278 22.6 -149.89499554634094 16.342186982525412
4.0737624168396 7.4 22.6 -222.98510017395017 22.6 -149.66170005798338 0.0
4.085830926895142 6.3 23.7 -211.1270291090011 23.7 -149.37567636966705 91.146296845058
4.09624981880188 6.3 23.7 -210.38624589443202 23.7 -149.12874863147735 0.0
4.107697248458862 5.7 24.3 -203.55172827243803 24.3 -148.85057609081267 52.4135127254552
4.11791729927063 5.7 24.3 -202.80668656826015 24.3 -148.60222885608673 0.0
4.132394790649414 5.1 24.9 -195.725217962265 24.9 -148.241739320755 41.44364408873064
4.146544456481934 4.6 25.4 -189.6470134258269 25.4 -147.88233780860898 35.33652355597493
4.158503532409668 4.6 25.4 -188.73573184013355 25.4 -147.57857728004453 0.0
4.169680595397949 4.0 26.0 -181.86392092704762 26.0 -147.28797364234921 53.68136518771344
4.180700778961182 4.0 26.0 -181.0043466091155 26.0 -147.00144886970517 0.0
4.191548824310303 3.6 26.4 -176.1451814174651 26.4 -146.71506047248837 36.873002197802066
4.201778411865234 3.6 26.4 -175.33499808311456 26.4 -146.44499936103819 0.0
4.213523864746094 3.1 26.9 -169.38714003562916 26.9 -146.12904667854306 42.56966547580383
4.223700761795044 3.1 26.9 -168.56586444377888 26.9 -145.8552881479263 0.0
4.2347705364227295 3.6 26.4 -172.68913829326618 26.4 -145.5630460977554 -45.16803790652595
4.244960308074951 3.6 26.4 -171.88210837841024 26.4 -145.29403612613675 0.0
4.255828857421875 3.8 26.2 -173.027840399742 26.2 -145.00928013324733 -18.401719826262383
4.267483234405518 3.8 26.2 -172.11180636882773 26.2 -144.7039354562759 0.0
4.279267072677612 3.1 26.9 -164.16085062026968 26.9 -144.38695020675655 59.403395042994376
4.289393186569214 3.1 26.9 -163.34367322921742 26.9 -144.11455774307248 0.0
4.300454139709473 3.1 26.9 -162.45105431079855 26.9 -143.8170181035995 0.0
4.311766862869263 3.1 26.9 -161.53811755180345 26.9 -143.51270585060115 0.0
4.3229029178619385 3.6 26.4 -165.6561419963835 26.4 -143.2187139987945 -44.899203562558874
4.33304500579834 3.6 26.4 -164.85288863182052 26.4 -142.9509628772735 0.0
4.343662261962891 3.6 26.4 -164.01200194358807 26.4 -142.67066731452937 0.0
4.353774070739746 3.6 26.4 -163.2111466884612 26.4 -142.4037155628204 0.0
4.366408824920654 3.6 26.4 -162.21047415733324 26.4 -142.0701580524444 0.0
4.37932562828064 3.2 26.8 -157.17196316719037 26.8 -141.7239877223968 30.967414216365043
4.389393091201782 3.2 26.8 -156.3625391483306 26.8 -141.4541797161102 0.0
4.399788856506348 3.6 26.4 -159.53919453620892 26.4 -141.17973151206965 -38.477205696855926
4.411093235015869 3.6 26.4 -158.64388775825483 26.4 -140.88129591941828 0.0
4.421797752380371 3.0 27.0 -151.77682185173018 27.0 -140.59227395057673 56.051102498997864
4.432401895523071 3.0 27.0 -150.91788625717146 27.0 -140.30596208572382 0.0
4.443000793457031 3.6 26.4 -156.07845354080183 26.4 -140.02615118026728 -56.609659205938726
4.453402996063232 3.6 26.4 -155.2545990943907 26.4 -139.75153303146357 0.0
4.465548753738403 3.6 26.4 -154.29265508651713 26.4 -139.43088502883904 0.0
4.475847482681274 3.6 26.4 -153.47699575424178 26.4 -139.15899858474725 0.0
4.487512111663818 3.2 26.8 -148.53915958404525 26.8 -138.84638652801507 34.291703628002224
4.499043703079224 3.2 26.8 -147.61201963424662 26.8 -138.5373398780822 0.0
4.509446382522583 3.0 27.0 -144.7694025993345 27.0 -138.2564675331115 19.22581591492476
4.520524024963379 3.0 27.0 -143.87211356163004 27.0 -137.95737118721001 0.0
4.531474351882935 3.2 26.8 -144.99170727729773 26.8 -137.6639024257659 -18.264294889938753
4.541577100753784 3.2 26.8 -144.1794462680814 26.8 -137.39314875602713 0.0
4.556589126586914 3.2 26.8 -142.97247939109775 26.8 -136.99082646369925 0.0
4.569640159606934 3.2 26.8 -141.92317633628818 26.8 -136.64105877876273 0.0
4.58042049407959 3.2 26.8 -141.05643744468665 26.8 -136.35214581489555 0.0
4.591243028640747 3.2 26.8 -140.1863056659696 26.8 -136.06210188865654 0.0
4.6013195514678955 3.2 26.8 -139.3761532306669 26.8 -135.79205107688895 0.0
4.613211393356323 3.6 26.4 -142.43431935310332 26.4 -135.47810645103445 -33.63650507237678
4.623363971710205 3.6 26.4 -141.6302351474759 26.4 -135.21007838249196 0.0
4.634002447128296 3.6 26.4 -140.7876678943631 26.4 -134.92922263145437 0.0
4.644363641738892 3.6 26.4 -139.96706128120388 26.4 -134.65568709373463 0.0
4.655210494995117 3.2 26.8 -135.09497427940335 26.8 -134.36499142646778 36.87705462138716
4.667073965072632 3.2 26.8 -134.14115128517113 26.8 -134.04705042839038 0.0
4.679746866226196 3.6 26.4 -137.13745751380884 26.4 -133.71248583793627 -31.56341197275857
4.689901351928711 3.6 26.4 -136.33322224616967 26.4 -133.4444074153899 0.0
4.701013088226318 3.2 26.8 -131.43983864784207 26.8 -133.14661288261402 35.997974509719974
4.71136736869812 3.2 26.8 -130.60735449790917 26.8 -132.86911816596972 0.0
4.723242998123169 3.2 26.8 -129.65255389213524 26.8 -132.55085129737841 0.0
4.733596086502075 3.2 26.8 -128.82016558647115 26.8 -132.27338852882372 0.0
4.744609355926514 3.6 26.4 -131.9479146480556 26.4 -131.98263821601853 -36.319823349858396
4.754861116409302 3.6 26.4 -131.13597521781878 26.4 -131.71199173927292 0.0
4.76652979850769 3.2 26.8 -126.19781317710829 26.8 -131.3992710590361 34.279792407339485
4.777651309967041 3.6 26.4 -129.31698946952775 26.4 -131.10566315650925 -35.966334383776214
4.788615942001343 3.6 26.4 -128.44859061241107 26.4 -130.81619687080368 0.0
4.799757957458496 3.2 26.8 -123.55277256965593 26.8 -130.51759085655198 35.900147647272995
4.809876203536987 3.2 26.8 -122.7392655849452 26.8 -130.2464218616484 0.0
4.821722507476807 3.2 26.8 -121.78682274818368 26.8 -129.92894091606124 0.0
4.8318164348602295 3.2 26.8 -120.9752709865565 26.8 -129.6584236621855 0.0
4.842902898788452 3.6 26.4 -124.09722304344126 26.4 -129.36574101448042 -36.080034408602344
4.853310585021973 3.6 26.4 -123.2729342937464 26.4 -129.09097809791547 0.0
4.865199089050293 3.6 26.4 -122.33136477470339 26.4 -128.7771215915678 0.0
4.884730815887451 3.2 26.8 -116.76101393699588 26.8 -128.25367131233196 20.47950001220684
4.895582437515259 3.2 26.8 -115.88854355812015 26.8 -127.96284785270672 0.0
4.906659841537476 3.2 26.8 -114.99792027473393 26.8 -127.6659734249113 0.0
4.917828559875488 3.2 26.8 -114.09995532035771 26.8 -127.36665177345256 0.0
4.929372310638428 3.6 26.4 -117.18569025993287 26.4 -127.06189675331096 -34.65078276673983
4.941063642501831 3.6 26.4 -116.25973677635136 26.4 -126.75324559211711 0.0
4.955941915512085 3.2 26.8 -111.06352362632691 26.8 -126.35450787544231 26.884840715338903
4.966494083404541 3.2 26.8 -110.21512932777347 26.8 -126.07170977592449 0.0
4.98029637336731 3.2 26.8 -109.10542521476685 26.8 -125.70180840492229 0.0
4.99078631401062 3.6 26.4 -112.27462191581668 26.4 -125.4248739719389 -38.13176962589229
5.002527952194214 3.6 26.4 -111.34468417167608 26.4 -125.11489472389202 0.0
5.013159513473511 3.2 26.8 -106.48990664482056 26.8 -124.82996888160686 37.623824901327794
5.024015426635742 3.2 26.8 -105.6170912265772 26.8 -124.53903040885906 0.0
5.035166501998901 3.2 26.8 -104.72054476737918 26.8 -124.2401815891264 0.0
5.045326471328735 3.2 26.8 -103.90368323326055 26.8 -123.96789441108685 0.0
5.055974006652832 3.6 26.4 -107.06039843559205 26.4 -123.68679947853069 -37.56737947558183
5.0664074420928955 3.6 26.4 -106.23407034873907 26.4 -123.41135678291302 0.0
5.080529689788818 3.2 26.8 -101.09864163398686 26.8 -123.03288054466229 28.3241031181944
5.090756177902222 3.2 26.8 -100.27643198966928 26.8 -122.75881066322309 0.0
5.101884365081787 3.2 26.8 -99.38172574043222 26.8 -122.46057524681073 0.0
5.112373352050781 3.2 26.8 -98.53841118812511 26.8 -122.1794703960417 0.0
5.125093460083008 3.2 26.8 -97.51571450233405 26.8 -121.83857150077802 0.0
5.1353232860565186 3.6 26.4 -100.70551228523198 26.4 -121.56850409507733 -39.10134943016312
5.146488428115845 3.6 26.4 -99.82123303413334 26.4 -121.27374434471112 0.0
5.156921148300171 3.6 26.4 -98.99496159553473 26.4 -120.99832053184491 0.0
5.168006658554077 3.6 26.4 -98.1169891834254 26.4 -120.70566306114179 0.0
5.18145227432251 3.2 26.8 -93.03596167564342 26.8 -120.3453205585478 29.74947424417074
5.191759347915649 3.2 26.8 -92.20727295875497 26.8 -120.06909098625165 0.0
5.20320987701416 3.6 26.4 -95.3003910541529 26.4 -119.76679701805097 -34.932883586316215
5.214919567108154 3.6 26.4 -94.37298359870852 26.4 -119.45766119956951 0.0
5.226750612258911 3.2 26.8 -89.42176756858771 26.8 -119.14058918952924 33.80935453318036
5.237430810928345 3.2 26.8 -88.56307959556523 26.8 -118.85435986518841 0.0
5.249267578125 3.6 26.4 -91.6256076335901 26.4 -118.54186921119671 -33.79301065522608
5.259419679641724 3.6 26.4 -90.82156119346564 26.4 -118.27385373115521 0.0
5.27055025100708 3.2 26.8 -85.92666325569098 26.8 -117.97555441856366 35.93705901253098
5.299201250076294 3.6 26.4 -87.65750412940929 26.4 -117.21916804313642 -13.961118739130148
5.3099894523620605 3.2 26.8 -82.79013266563362 26.8 -116.93004422187788 37.07753983513467
5.320529222488403 3.2 26.8 -81.94273514747567 26.8 -116.64757838249189 0.0
5.333599805831909 3.2 26.8 -80.89186024665776 26.8 -116.29728674888592 0.0
5.349100351333618 3.2 26.8 -79.64561638832038 26.8 -115.88187212944013 0.0
5.359499454498291 3.2 26.8 -78.80952849388063 26.8 -115.60317616462689 0.0
5.3707170486450195 3.6 26.4 -81.92109503745974 26.4 -115.30703167915325 -35.65826992561124
5.3843560218811035 3.6 26.4 -80.84088835716193 26.4 -114.94696278572064 0.0
5.3955535888671875 3.2 26.8 -75.94060397148075 26.8 -114.64686799049359 35.722045735212895
5.406012773513794 3.2 26.8 -75.09968552589362 26.8 -114.36656184196454 0.0
5.4175286293029785 3.6 26.4 -78.18762974739025 26.4 -114.06254324913007 -34.7347177077081
5.42956280708313 3.6 26.4 -77.23452286720226 26.4 -113.74484095573408 0.0
5.440570116043091 3.6 26.4 -76.36274399757332 26.4 -113.45424799919111 0.0
5.4511871337890625 3.6 26.4 -75.5218761920924 26.4 -113.17395873069746 0.0
5.462460041046143 3.6 26.4 -74.62906193733164 26.4 -112.87635397911055 0.0
5.472702264785767 3.2 26.8 -69.8055871486659 26.8 -112.60186238288863 39.05401894829975
5.485874652862549 3.2 26.8 -68.74652714729257 26.8 -112.24884238243087 0.0
5.499885559082031 3.2 26.8 -67.62005028724622 26.8 -111.87335009574873 0.0
5.515115976333618 3.2 26.8 -66.3955247402186 26.8 -111.4651749134062 0.0
5.531430721282959 3.2 26.8 -65.08381924629163 26.8 -111.02793974876387 0.0
5.545856237411499 3.6 26.4 -67.94131836891125 26.4 -110.64710612297041 -27.728643913726287
5.561308145523071 3.2 26.8 -62.698984956740844 26.8 -110.23299498558028 25.88677056009889
5.571876525878906 3.2 26.8 -61.84928717613167 26.8 -109.9497623920439 0.0
5.583836555480957 3.2 26.8 -60.88770079612681 26.8 -109.62923359870894 0.0
5.594799518585205 3.2 26.8 -60.006278562545276 26.8 -109.33542618751508 0.0
5.605417490005493 3.6 26.4 -63.16533522605846 26.4 -109.05511174201948 -37.671979342090694
5.615854740142822 3.6 26.4 -62.33870501518197 26.4 -108.77956833839399 0.0
5.626885652542114 3.2 26.8 -57.45181965827885 26.8 -108.48393988609295 36.26173298463287
5.639163255691528 3.2 26.8 -56.46470036506594 26.8 -108.15490012168866 0.0
5.649775743484497 3.6 26.4 -59.624191331862846 26.4 -107.87473044395428 -37.69144500359474
5.659994840621948 3.6 26.4 -58.81483883857669 26.4 -107.60494627952556 0.0
5.671347379684448 3.6 26.4 -57.91571774482668 26.4 -107.30523924827557 0.0
5.6829915046691895 3.2 26.8 -52.97953009605351 26.8 -106.99317669868451 34.352087471078626
5.6945531368255615 3.2 26.8 -52.04997487068124 26.8 -106.68332495689374 0.0
5.704861640930176 3.6 26.4 -55.23354134559577 26.4 -106.41118044853192 -38.80291417073361
5.715778827667236 3.6 26.4 -54.36890015602057 26.4 -106.12296671867352 0.0
5.726250410079956 3.2 26.8 -49.526984930037884 26.8 -105.84232831001263 38.19862024999451
5.738539218902588 3.2 26.8 -48.53896470069833 26.8 -105.5129882335661 0.0
5.7535014152526855 3.2 26.8 -47.336004114150455 26.8 -105.11200137138349 0.0
5.763824462890625 3.2 26.8 -46.50603108406017 26.8 -104.83534369468671 0.0
5.785330057144165 3.2 26.8 -44.77698130607553 26.8 -104.25899376869184 0.0
5.804812908172607 3.2 26.8 -43.210560083388714 26.8 -103.73685336112958 0.0
5.8157265186309814 3.2 26.8 -42.33310580253544 26.8 -103.44436860084515 0.0
5.8259196281433105 3.2 26.8 -41.51357979774423 26.8 -103.17119326591474 0.0
5.83675742149353 3.2 26.8 -40.64222121238652 26.8 -102.88074040412884 0.0
5.8478100299835205 3.2 26.8 -39.75359148979135 26.8 -102.58453049659711 0.0
5.859602689743042 3.2 26.8 -38.805461645125774 26.8 -102.26848721504193 0.0
5.870802879333496 3.2 26.8 -37.904966402053276 26.8 -101.96832213401775 0.0
5.882739067077637 3.2 26.8 -36.945296907424336 26.8 -101.64843230247479 0.0
5.899528503417969 3.2 26.8 -35.59542622566164 26.8 -101.19847540855389 0.0
5.910719394683838 3.2 26.8 -34.69567856788581 26.8 -100.8985595226286 0.0
5.9215781688690186 3.2 26.8 -33.82263312339728 26.8 -100.60754437446576 0.0
5.932236433029175 3.2 26.8 -32.96570868492074 26.8 -100.32190289497358 0.0
5.943077325820923 3.2 26.8 -32.0941009044642 26.8 -100.03136696815473 0.0
5.955448627471924 3.2 26.8 -31.099448251723743 26.8 -99.6998160839079 0.0
5.966276407241821 3.2 26.8 -30.228894758223987 26.8 -99.40963158607465 0.0
5.976521253585815 3.2 26.8 -29.405209112166858 26.8 -99.13506970405561 0.0
5.98790431022644 3.2 26.8 -28.490011358260574 26.8 -98.83000378608686 0.0
6.001109838485718 3.2 26.8 -27.42828688621472 26.8 -98.47609562873824 0.0
6.012356519699097 3.2 26.8 -26.52405371665901 26.8 -98.17468457221968 0.0
6.023528337478638 3.2 26.8 -25.62583956718396 26.8 -97.87527985572798 0.0
6.033746242523193 3.2 26.8 -24.80432000160164 26.8 -97.60144000053388 0.0
6.0451765060424805 3.2 26.8 -23.885326814650966 26.8 -97.29510893821698 0.0
6.056651592254639 3.2 26.8 -22.962729883193447 26.8 -96.98757662773114 0.0
6.06759786605835 3.2 26.8 -22.082649469375042 26.8 -96.69421648979169 0.0
6.079365253448486 3.2 26.8 -21.136551523208027 26.8 -96.37885050773602 0.0
6.090317249298096 3.2 26.8 -20.256011056899467 26.8 -96.08533701896648 0.0
6.101872682571411 3.2 26.8 -19.32695422172486 26.8 -95.77565140724163 0.0
6.11304497718811 3.2 26.8 -18.428701734542244 26.8 -95.47623391151409 0.0
6.123243093490601 3.2 26.8 -17.608773183822052 26.8 -95.20292439460735 0.0
6.134511232376099 3.2 26.8 -16.70281481742802 26.8 -94.900938272476 0.0
6.144992828369141 3.2 26.8 -15.860094499587433 26.8 -94.62003149986248 0.0
6.161440134048462 3.2 26.8 -14.537731122970001 26.8 -94.17924370765667 0.0
6.1727423667907715 3.2 26.8 -13.629031610488312 26.8 -93.87634387016277 0.0
6.183546781539917 3.2 26.8 -12.760356664657024 26.8 -93.58678555488567 0.0
6.194512605667114 3.2 26.8 -11.87870440483033 26.8 -93.29290146827678 0.0
6.206297874450684 3.2 26.8 -10.93116879463139 26.8 -92.97705626487712 0.0
6.217197895050049 3.2 26.8 -10.054807138442413 26.8 -92.68493571281414 0.0
6.227430582046509 3.2 26.8 -9.232099103927055 26.8 -92.41069970130901 0.0
6.239201784133911 3.2 26.8 -8.285694456099861 26.8 -92.09523148536663 0.0
6.2492265701293945 3.2 26.8 -7.4797016620630075 26.8 -91.82656722068766 0.0
6.261151075363159 3.2 26.8 -6.52097144126833 26.8 -91.50699048042277 0.0
6.271509170532227 3.2 26.8 -5.688180589675312 26.8 -91.22939352989177 0.0
6.283004283905029 3.2 26.8 -4.763973474501995 26.8 -90.92132449150066 0.0
6.293363809585571 3.2 26.8 -3.931067609786396 26.8 -90.64368920326213 0.0
6.305492162704468 3.2 26.8 -2.955948019027119 26.8 -90.3186493396757 0.0
6.3162314891815186 3.2 26.8 -2.0925061702722587 26.8 -90.03083539009074 0.0
6.327083110809326 3.2 26.8 -1.2200357913965263 26.8 -89.7400119304655 0.0
6.3373799324035645 3.2 26.8 -0.3921713352197571 26.8 -89.46405711173992 0.0
6.348543167114258 3.2 26.8 0.5053527355199776 26.8 -89.16488242149333 0.0
6.3605499267578125 3.2 26.8 1.4706962108617745 26.8 -88.84310126304607 0.0
6.370809078216553 3.2 26.8 2.2955319881444893 26.8 -88.56815600395183 0.0
6.3825953006744385 3.2 26.8 3.243144273758503 26.8 -88.25228524208049 0.0
6.3928563594818115 3.2 26.8 4.068133401871307 26.8 -87.9772888660429 0.0
6.4035279750823975 3.2 26.8 4.926131296158417 26.8 -87.6912895679472 0.0
6.415375471115112 3.2 26.8 5.878669977188679 26.8 -87.37377667427043 0.0
6.426361799240112 3.2 26.8 6.761970758438679 26.8 -87.07934308052043 0.0
6.436538219451904 3.2 26.8 7.580154943466766 26.8 -86.80661501884441 0.0
6.447565793991089 3.2 26.8 8.466771936417217 26.8 -86.51107602119427 0.0
6.4594879150390625 3.2 26.8 9.425310468674297 26.8 -86.19156317710858 0.0
6.469959735870361 3.2 26.8 10.267244863510712 26.8 -85.91091837882976 0.0
6.4812891483306885 3.2 26.8 11.178129625320992 26.8 -85.607290124893 0.0
6.492547035217285 3.2 26.8 12.08326373100337 26.8 -85.30557875633221 0.0
6.5027759075164795 3.2 26.8 12.905665063858578 26.8 -85.03144497871381 0.0
6.515135049819946 3.2 26.8 13.899340105057291 26.8 -84.7002199649809 0.0
6.5267322063446045 3.2 26.8 14.831751489639828 26.8 -84.38941617012006 0.0
6.537975788116455 3.2 26.8 15.735735464096592 26.8 -84.08808817863446 0.0
6.555932521820068 3.2 26.8 17.179456853867123 26.8 -83.60684771537763 0.0
6.5673840045928955 3.2 26.8 18.10015606880245 26.8 -83.29994797706586 0.0
6.579917669296265 3.2 26.8 19.107862710953327 26.8 -82.96404576301556 0.0
6.591373920440674 3.2 26.8 20.02894530296382 26.8 -82.6570182323454 0.0
6.60155177116394 3.2 26.8 20.84724450111446 26.8 -82.38425183296185 0.0
6.61349892616272 3.2 26.8 21.807795763016316 26.8 -82.06406807899457 0.0
6.623682022094727 3.2 26.8 22.62651667594966 26.8 -81.79116110801678 0.0
6.6349639892578125 3.2 26.8 23.53358683586177 26.8 -81.48880438804608 0.0
6.6451826095581055 3.2 26.8 24.355163908005323 26.8 -81.21494536399823 0.0
6.65641450881958 3.1 26.9 26.261578178406324 26.9 -80.91280727386456 8.903213755041202
6.667745351791382 3.1 26.9 27.175977206230726 26.9 -80.60800759792309 0.0
6.680379152297974 3.1 26.9 28.195524907112684 26.9 -80.26815836429577 0.0
6.690586805343628 3.1 26.9 29.019282507897003 26.9 -79.99357249736767 0.0
6.70149040222168 3.6 26.4 24.88284738063868 26.4 -79.7057175397871 -45.85642752498196
6.712982892990112 3.6 26.4 25.79305264949855 26.4 -79.40231578350048 0.0
6.724470853805542 3.2 26.8 30.7166846990591 26.8 -79.09443843364697 34.81906026896914
6.734839677810669 3.2 26.8 31.550338149071308 26.8 -78.81655395030957 0.0
6.745328664779663 3.6 26.4 28.381065917015633 26.4 -78.53964469432812 -38.13523662317609
6.755533933639526 3.6 26.4 29.18932321071685 26.4 -78.27022559642772 0.0
6.767727375030518 3.8 26.2 28.147727704048748 26.2 -77.95075743198375 -16.402260328881706
6.7793495655059814 3.6 26.4 31.06820518970551 26.4 -77.6439316034315 17.208460007795292
6.789981365203857 3.6 26.4 31.910243725777264 26.4 -77.36325209140757 0.0
6.800538539886475 3.6 26.4 32.746371960640545 26.4 -77.08454267978648 0.0
6.811470031738281 3.6 26.4 33.61214611530363 26.4 -76.79595129489879 0.0
6.823851585388184 3.8 26.2 32.585336232185966 26.2 -76.47155458927135 -16.153061696064025
6.834718704223633 3.8 26.2 33.439491772652275 26.2 -76.18683607578258 0.0
6.845691680908203 4.0 26.0 32.29538395404876 26.0 -75.90153868198375 -18.226594820093798
6.85722541809082 4.0 26.0 33.1950154542929 26.0 -75.6016615152357 0.0
6.871504306793213 4.0 26.0 34.30876877307952 26.0 -75.2304104089735 0.0
6.882691860198975 4.0 26.0 35.181397938728935 26.0 -74.9395340204237 0.0
6.893485069274902 4.0 26.0 36.0232682466513 26.0 -74.65891058444957 0.0
6.903624773025513 4.0 26.0 36.814165139198906 26.0 -74.3952782869337 0.0
6.923074722290039 4.4 25.6 34.307921242714485 25.6 -73.89735958576183 -20.56560634477003
6.934316396713257 4.4 25.6 35.171281838417656 25.6 -73.60957272052745 0.0
6.944715976715088 4.4 25.6 35.969969582558235 25.6 -73.34334347248058 0.0
6.959705114364624 4.6 25.4 35.112141871452934 25.4 -72.96261937618236 -13.342995753074042
6.972804069519043 4.9 25.1 33.09849319458067 25.1 -72.63383560180644 -22.90259005114556
6.9844934940338135 4.9 25.1 33.9787068605429 25.1 -72.3404310464857 0.0
6.995139837265015 5.1 24.9 32.773988699913616 24.9 -72.07533710002879 -18.785792986070945
7.005326986312866 5.1 24.9 33.53496873378813 24.9 -71.82167708873729 0.0
7.017354965209961 5.7 24.3 28.411808395386345 24.3 -71.52939720153789 -49.883692441871816
7.027949094772339 5.7 24.3 29.184120440483696 24.3 -71.2719598531721 0.0
7.039623737335205 5.0 25.0 37.05971863269866 25.0 -70.98009378910045 59.95900912859675
7.049713134765625 5.0 25.0 37.816423439980156 25.0 -70.72785885333995 0.0
7.0604407787323 5.5 24.5 33.604905271530754 24.5 -70.46503157615642 -46.608556506278475
7.072289943695068 5.5 24.5 34.47581889629424 24.5 -70.17472703456859 0.0
7.0835535526275635 5.7 24.3 33.29693598747309 24.3 -69.90102133750896 -17.756298287576932
7.093914985656738 5.7 24.3 34.05228445529994 24.3 -69.64923851490002 0.0
7.105152368545532 5.9 24.1 32.86474723815974 24.1 -69.37841758728008 -17.797738314980947
7.115447044372559 6.5 23.5 27.590521883965096 23.5 -69.13649270534496 -58.282554019315086
7.127504110336304 6.5 23.5 28.440545034409126 23.5 -68.85315165519695 0.0
7.137921571731567 6.3 23.7 31.181226539612396 23.7 -68.6062578201292 19.198535268000114
7.149240255355835 6.3 23.7 31.985984945297844 23.7 -68.33800501823406 0.0
7.159305572509766 6.3 23.7 32.70162899494227 23.7 -68.0994570016859 0.0
7.174537897109985 6.3 23.7 33.784647274017914 23.7 -67.7384509086607 0.0
7.186460256576538 6.5 23.5 32.62517361640988 23.5 -67.4582754611967 -16.775202975642863
7.1972620487213135 6.5 23.5 33.38669996261655 23.5 -67.20443334579448 0.0
7.207907199859619 6.7 23.3 32.13079602718409 23.3 -66.95640132427197 -18.787896705413267
7.219009876251221 6.7 23.3 32.90687310695705 23.3 -66.69770896434765 0.0
7.231490612030029 7.2 22.8 28.760555434227513 22.8 -66.41314818859082 -40.06174065866891
7.2419164180755615 7.2 22.8 29.473680567741923 22.8 -66.17543981075269 0.0
7.252950429916382 6.7 23.3 35.24495799541526 23.3 -65.91834733486158 45.314433880726014
7.263251066207886 7.2 22.8 30.949521517754135 22.8 -65.6834928274153 -48.54069067678919
7.275352954864502 7.2 22.8 31.77729070186666 22.8 -65.40756976604445 0.0
7.286854267120361 7.8 22.2 26.543278098106896 22.2 -65.15224063396437 -52.1679601990051
7.297313451766968 7.8 22.2 27.239859795570908 22.2 -64.9200467348097 0.0
7.308502435684204 7.6 22.4 29.99175951480919 22.4 -64.66941349506361 17.874724057106263
7.319213151931763 7.6 22.4 30.711519646645115 22.4 -64.42949345111829 0.0
7.331144332885742 7.6 22.4 31.513295006752543 22.4 -64.16223499774915 0.0
7.341374397277832 7.6 22.4 32.200755333900986 22.4 -63.93308155536634 0.0
7.3558337688446045 7.8 22.2 31.163749480248015 22.2 -63.61208350658399 -13.831859778719426
7.366543531417847 7.8 22.2 31.877019667625945 22.2 -63.374326777458016 0.0
7.379645824432373 7.7 22.3 33.75356307029776 22.3 -63.08214564323408 7.632251842416631
7.390286207199097 8.4 21.6 27.44305987358146 21.6 -62.852313375472846 -65.78710703802453
7.4013307094573975 8.4 21.6 28.158743619919363 21.6 -62.61375212669355 0.0
7.411511182785034 8.2 21.8 30.824546575546805 21.8 -62.39181780815107 19.64545199063225
7.4234559535980225 8.2 21.8 31.60573458671624 21.8 -62.13142180442792 0.0
7.435235023498535 8.6 21.4 28.361950874329153 21.4 -61.87934970855695 -33.95853860945267
7.4459288120269775 8.6 21.4 29.04849209785513 21.4 -61.65050263404829 0.0
7.457047462463379 9.1 20.9 24.745631480217497 20.9 -61.4181228399275 -44.96948643722526
7.467413425445557 9.1 20.9 25.395577359200047 20.9 -61.20147421359999 0.0
7.48062539100647 8.6 21.4 31.243785548210667 21.4 -60.91873815059645 37.844482540828295
7.492743968963623 8.6 21.4 32.0217982530599 21.4 -60.65940058231337 0.0
7.503547668457031 9.3 20.7 25.69270799160057 20.7 -60.435764002799814 -64.79262038222177
7.5138115882873535 9.3 20.7 26.330097413063584 20.7 -60.22330086231214 0.0
7.525979042053223 9.5 20.5 25.078395819664536 20.5 -59.973868060111826 -16.437292785201965
7.537022352218628 9.3 20.7 27.764185380936198 20.7 -59.745271539687934 18.110511884971544
7.547873020172119 9.3 20.7 28.438011860848007 20.7 -59.52066271305067 0.0
7.559071779251099 9.4 20.6 28.13009517192893 20.6 -59.28996827602369 -8.929560792829427
7.5697526931762695 9.4 20.6 28.7901756525045 20.6 -59.06994144916517 0.0
7.587096691131592 9.9 20.1 24.836018729210423 20.1 -58.721327090263195 -28.828416682704205
7.601443529129028 9.9 20.1 25.701133060455845 20.1 -58.43295564651472 0.0
7.616597890853882 9.9 20.1 26.61494107246449 20.1 -58.12835297584517 0.0
7.633259296417236 9.4 20.6 32.64461593627982 20.6 -57.78512802124006 30.00947297626032
7.649220705032349 10.3 19.7 24.58793518543297 19.7 -57.47068827152235 -56.3860008663571
7.660485744476318 10.3 19.7 25.253699016571574 19.7 -57.24876699447614 0.0
7.671778202056885 10.3 19.7 25.921083259583042 19.7 -57.02630558013898 0.0
7.68354606628418 10.3 19.7 26.61656403541619 19.7 -56.79447865486127 0.0
7.694933652877808 10.3 19.7 27.28957040309959 19.7 -56.570143198966804 0.0
7.705353498458862 10.3 19.7 27.905383276939915 19.7 -56.364872241020024 0.0
7.716526031494141 10.3 19.7 28.56567997932487 19.7 -56.14477334022504 0.0
7.727633714675903 10.7 19.3 25.208814835548935 19.3 -55.930395054817026 -36.0111099186502
7.739574909210205 10.7 19.3 25.900209999085007 19.3 -55.699930000305 0.0
7.75678563117981 10.9 19.1 24.88638436794332 19.1 -55.37120521068556 -11.620663000263164
7.767448663711548 10.9 19.1 25.497376132011937 19.1 -55.16754128932936 0.0
7.780481815338135 10.9 19.1 26.244175720215367 19.1 -54.91860809326155 0.0
7.791310787200928 11.2 18.8 23.85492973327689 18.8 -54.71502342224104 -27.703461030383156
7.802483797073364 11.2 18.8 24.48508749008232 18.8 -54.50497083663923 0.0
7.812773704528809 11.4 18.6 23.0592643260961 18.6 -54.313578557967965 -19.43652077202894
7.823704957962036 11.4 18.6 23.669228267670206 18.6 -54.11025724410993 0.0
7.835516929626465 11.4 18.6 24.328336286545323 18.6 -53.890554571151554 0.0
7.846591949462891 11.4 18.6 24.946322393417887 18.6 -53.68455920219404 0.0
7.857650995254517 11.3 18.7 26.566734862328104 18.7 -53.47775504589063 9.042371456289557
7.8694024085998535 11.3 18.7 27.2259891510015 18.7 -53.25800361633283 0.0
7.881296157836914 11.3 18.7 27.893228483200602 18.7 -53.0355905055998 0.0
7.8914713859558105 11.3 18.7 28.464058780670683 18.7 -52.84531373977644 0.0
7.902461051940918 11.8 18.2 24.06409454345757 18.2 -52.64530181884748 -45.49728815030156
7.912917613983154 11.8 18.2 24.635022830963663 18.2 -52.45499238967878 0.0
7.927854061126709 12.2 17.8 21.432629108429495 17.8 -52.189123630523504 -26.780130251564202
7.940555095672607 12.2 17.8 22.11086435318046 17.8 -51.96304521560651 0.0
7.9522600173950195 12.0 18.0 24.742930126190714 18.0 -51.752356624603095 17.086829347781745
7.962696075439453 12.0 18.0 25.30647726059013 18.0 -51.56450757980329 0.0
7.973628759384155 12.2 17.8 23.890282583237223 17.8 -51.36990580558759 -18.293769490786108
7.9873151779174805 12.2 17.8 24.62113733291679 17.8 -51.126287555694404 0.0
7.997880935668945 12.2 17.8 25.185348796845005 17.8 -50.93821706771833 0.0
8.00854754447937 12.2 17.8 25.754945707321696 17.8 -50.74835143089277 0.0
8.019563674926758 12.8 17.2 20.3233780384069 17.2 -50.5588739871977 -54.4655859755439
8.029759407043457 12.8 17.2 20.849477815628575 17.2 -50.38350739479047 0.0
8.042922496795654 12.1 17.9 28.556335735321568 17.9 -50.14788808822614 53.1790038036587
8.053885698318481 12.6 17.4 24.12861485481315 17.4 -49.95712838172895 -45.607115673183564
8.065160512924194 12.6 17.4 24.717160177231364 17.4 -49.760946607589545 0.0
8.075301885604858 13.0 17.0 21.23437018394523 17.0 -49.588543272018256 -39.442392326499764
8.08782696723938 13.0 17.0 21.873149347305826 17.0 -49.37561688423139 0.0
8.099525213241577 13.0 17.0 22.469759893417887 17.0 -49.17674670219404 0.0
8.109748125076294 13.0 17.0 22.991128396988444 17.0 -49.00295720100385 0.0
8.119755983352661 12.8 17.2 25.507533884048996 17.2 -48.83082203865034 19.984295788069304
8.130819082260132 12.8 17.2 26.078389787674467 17.2 -48.64053673744184 0.0
8.142476797103882 13.0 17.0 24.672933244705717 17.0 -48.44235558509809 -17.156020942408315
8.157957792282104 13.0 17.0 25.462463998795073 17.0 -48.17917866706831 0.0
8.16976022720337 13.5 16.5 21.046684527397673 16.5 -47.98443849086744 -42.364139547098155
8.180775165557861 13.5 16.5 21.591923975945036 16.5 -47.80269200801832 0.0
8.193041563034058 13.7 16.3 20.19175081253104 16.3 -47.60274972915632 -16.304705630818813
8.203267097473145 13.7 16.3 20.691779446602368 16.3 -47.43607351779921 0.0
8.214545249938965 13.0 17.0 28.266965222359204 17.0 -47.24434492588026 62.06690343311342
8.22509217262268 13.0 17.0 28.80485827922871 17.0 -47.065047240257094 0.0
8.236707925796509 13.5 16.5 24.379838061333203 16.5 -46.87338731288893 -43.04499178981938
8.246892929077148 13.5 16.5 24.883995723724865 16.5 -46.705334758758376 0.0
8.259160280227661 13.5 16.5 25.491229605675244 16.5 -46.502923464774916 0.0
8.269208669662476 13.5 16.5 25.98862488269856 16.5 -46.33712503910048 0.0
8.281047105789185 13.8 16.2 23.56397287845664 16.2 -46.14534237384779 -25.341185000201452
8.292590856552124 13.8 16.2 24.124999165535485 16.2 -45.95833361148817 0.0
8.303330898284912 13.7 16.3 25.65018720626881 16.3 -45.78327093124373 9.310950784736075
8.313594341278076 13.7 16.3 26.152069568634545 16.3 -45.61597681045515 0.0
8.324774503707886 13.9 16.1 24.69207141399437 16.1 -45.435976195335215 -17.888827756807988
8.335307121276855 13.9 16.1 25.200796842575585 16.1 -45.266401052474805 0.0
8.347216606140137 14.3 15.7 21.761733579636143 15.7 -45.07942214012129 -33.58667520820005
8.35898208618164 14.3 15.7 22.315887689590966 15.7 -44.89470410346968 0.0
8.369611978530884 14.5 15.5 20.810177683830773 15.5 -44.72994077205641 -18.814865986318203
8.380610227584839 14.5 15.5 21.321596264839684 15.5 -44.559467911720105 0.0
8.39280652999878 14.3 15.7 23.896042108536278 15.7 -44.36798596382124 16.398412667383383
8.403144836425781 14.3 15.7 24.38297634124808 15.7 -44.20567455291731 0.0
8.413572788238525 14.3 15.7 24.87413287162832 15.7 -44.04195570945723 0.0
8.423807382583618 14.3 15.7 25.3561822652822 15.7 -43.88127257823927 0.0
8.43488359451294 14.9 15.1 19.857934665680432 15.1 -43.71402177810652 -54.17014443463845
8.445987462997437 14.9 15.1 20.360939908028172 15.1 -43.54635336399061 0.0
8.45764684677124 14.9 15.1 20.889109992981474 15.1 -43.37029666900617 0.0
8.467876195907593 14.9 15.1 21.352499508858244 15.1 -43.21583349704725 0.0
8.479724168777466 14.9 15.1 21.889212679863505 15.1 -43.036929106712165 0.0
8.49117398262024 14.9 15.1 22.407889246941153 15.1 -42.864036917686285 0.0
8.502274990081787 14.7 15.3 24.917425489426194 15.3 -42.6941915035246 18.016382809647656
8.512806177139282 14.7 15.3 25.400806975365242 15.3 -42.53306434154492 0.0
8.523370742797852 15.4 14.6 18.863534951210568 14.6 -42.37882168292981 -66.25923134210477
8.533641815185547 15.4 14.6 19.313407921791622 14.6 -42.22886402606946 0.0
8.54577112197876 15.4 14.6 19.84467155933436 14.6 -42.05177614688855 0.0
8.561999320983887 15.6 14.4 18.54572975635584 14.4 -41.81809008121472 -12.324226486057606
8.573416233062744 15.6 14.4 19.038940358162478 14.4 -41.65368654727917 0.0
8.585686206817627 15.6 14.4 19.569003224373418 14.4 -41.47699892520886 0.0
8.596866369247437 15.6 14.4 20.051986241341183 14.4 -41.316004586219606 0.0
8.607836246490479 15.8 14.2 18.519303011894763 14.2 -41.16023232936841 -18.23174458281725
8.619119644165039 15.8 14.2 18.999975752831034 14.2 -41.000008082389655 0.0
8.629601240158081 15.8 14.2 19.44649174213461 14.2 -40.85116941928846 0.0
8.639978170394897 15.8 14.2 19.888548970223013 14.2 -40.703817009925665 0.0
8.651945114135742 15.8 14.2 20.398340773582987 14.2 -40.53388640880567 0.0
8.66285228729248 15.8 14.2 20.862986350060027 14.2 -40.37900454997999 0.0
8.673633813858032 15.7 14.3 22.32551383972222 14.3 -40.224828720092596 9.275124389111385
8.684846639633179 15.7 14.3 22.806544065476004 14.3 -40.064485311508 0.0
8.697046518325806 15.7 14.3 23.3299188613897 14.3 -39.890027046203436 0.0
8.707401990890503 15.7 14.3 23.77416863441519 14.3 -39.74194378852827 0.0
8.718549966812134 16.6 13.399999999999999 15.222317266464756 13.399999999999999 -39.59256091117842 -80.73214423200326
8.729162693023682 16.6 13.399999999999999 15.648948860168957 13.399999999999999 -39.45035037994368 0.0
8.739835500717163 16.6 13.399999999999999 16.07799572944691 13.399999999999999 -39.30733475685103 0.0
8.751780033111572 16.6 13.399999999999999 16.558165931702163 13.399999999999999 -39.147278022765946 0.0
8.763256072998047 16.4 13.600000000000001 19.026388359070324 13.600000000000001 -38.99120388030989 17.42761457597565
8.773627281188965 16.4 13.600000000000001 19.449533653259778 13.600000000000001 -38.850155448913405 0.0
8.788478136062622 16.4 13.600000000000001 20.055448532105004 13.600000000000001 -38.648183822631665 0.0
8.799993753433228 16.4 13.600000000000001 20.525285720825707 13.600000000000001 -38.49157142639143 0.0
8.811331033706665 16.6 13.399999999999999 18.981044387817903 13.399999999999999 -38.339651870727366 -17.64091520861398
8.82265329360962 16.6 13.399999999999999 19.43619923591666 13.399999999999999 -38.18793358802778 0.0
8.834899187088013 17.0 13.0 15.91378908157401 13.0 -38.028736972808666 -32.66401105854397
8.846270561218262 17.0 13.0 16.35727267265372 13.0 -37.88090910911543 0.0
8.857486009597778 17.0 13.0 16.79467515945487 13.0 -37.73510828018171 0.0
8.869490385055542 17.0 13.0 17.262845802307652 13.0 -37.579051399230785 0.0
8.88358449935913 17.3 12.7 14.799831557274388 12.7 -37.40005614757521 -21.28548084242583
8.896706581115723 16.6 13.399999999999999 22.327339243889355 13.399999999999999 -37.22422025203688 53.345194229441425
8.907038927078247 16.6 13.399999999999999 22.74269955158286 13.399999999999999 -37.08576681613905 0.0
8.91770601272583 16.6 13.399999999999999 23.171516394615693 13.399999999999999 -36.942827868461436 0.0
8.928010702133179 16.6 13.399999999999999 23.585764908791106 13.399999999999999 -36.80474503040296 0.0
8.944591999053955 17.5 12.5 15.20756354332022 12.5 -36.59747881889326 -54.2780220570261
8.961952209472656 17.5 12.5 15.858571434021513 12.5 -36.38047618865949 0.0
8.973044872283936 17.5 12.5 16.274546289444487 12.5 -36.2418179035185 0.0
8.984728336334229 17.3 12.7 18.719686269760672 12.7 -36.09343791007978 17.118210758305384
8.997408628463745 17.3 12.7 19.202805399895254 12.7 -35.93239820003492 0.0
9.008607864379883 17.3 12.7 19.62949628830009 12.7 -35.79016790389997 0.0
9.019083976745605 17.3 12.7 20.028636169434122 12.7 -35.65712127685529 0.0
9.029747009277344 17.3 12.7 20.43489770889336 12.7 -35.52170076370221 0.0
9.039866924285889 17.3 12.7 20.820466470718912 12.7 -35.393177843093696 0.0
9.052542686462402 17.5 12.5 19.295807552338175 12.5 -35.234730815887275 -15.778143926569555
9.063231229782104 17.5 12.5 19.696627926827006 12.5 -35.101124024391 0.0
9.075331211090088 17.5 12.5 20.150377225876383 12.5 -34.949874258041206 0.0
9.086690664291382 17.5 12.5 20.576356720924906 12.5 -34.80788109302503 0.0
9.09919023513794 17.5 12.5 21.045090627670817 12.5 -34.65163645744306 0.0
9.109232425689697 17.5 12.5 21.421672773361735 12.5 -34.52610907554609 0.0
9.12026596069336 17.4 12.600000000000001 22.838740396500185 12.600000000000001 -34.38708653449994 9.063278447642636
9.130616664886475 17.4 12.600000000000001 23.229997014999938 12.600000000000001 -34.25666766166669 0.0
9.141905069351196 17.4 12.600000000000001 23.656698703766423 12.600000000000001 -34.1144337654112 0.0
9.153098821640015 17.4 12.600000000000001 24.079822540283757 12.600000000000001 -33.97339248657209 0.0
9.163639307022095 17.9 12.100000000000001 19.462442159653264 12.100000000000001 -33.84585261344892 -47.43614566840081
9.175053119659424 17.9 12.100000000000001 19.876763558388305 12.100000000000001 -33.707745480537234 0.0
9.1867995262146 17.9 12.100000000000001 20.30315811634121 12.100000000000001 -33.565613961219604 0.0
9.197204828262329 17.9 12.100000000000001 20.680870580673783 12.100000000000001 -33.439709806442075 0.0
9.209739208221436 18.1 11.899999999999999 19.12834794521386 11.899999999999999 -33.29055068492871 -15.95611435527765
9.220277070999146 18.1 11.899999999999999 19.504549646378095 11.899999999999999 -33.165150117873964 0.0
9.231537818908691 18.1 11.899999999999999 19.906558346748895 11.899999999999999 -33.031147217750366 0.0
9.241835117340088 18.1 11.899999999999999 20.27417190074975 11.899999999999999 -32.90860936641675 0.0
9.253506898880005 18.1 11.899999999999999 20.690854501724786 11.899999999999999 -32.769715166091736 0.0
9.263913631439209 18.1 11.899999999999999 21.06237485408836 11.899999999999999 -32.64587504863721 0.0
9.275186538696289 18.3 11.7 19.458053898811897 11.7 -32.51398203372937 -17.74165221437327
9.285913705825806 18.3 11.7 19.83457746505792 11.7 -32.38847417831403 0.0
9.297193050384521 18.3 11.7 20.230482459068853 11.7 -32.25650584697705 0.0
9.308586597442627 18.3 11.7 20.630395960808357 11.7 -32.12320134639722 0.0
9.319753170013428 18.5 11.5 19.015642714500984 11.5 -31.994785761833008 -17.910598684772335
9.329926013946533 18.5 11.5 19.366605830193123 11.5 -31.877798056602295 0.0
9.341088056564331 18.5 11.5 19.75169630050715 11.5 -31.74943456649762 0.0
9.351383924484253 18.5 11.5 20.106903743744454 11.5 -31.631032085418518 0.0
9.367254257202148 18.5 11.5 20.65443022251185 11.5 -31.44852325916272 0.0
9.378560066223145 18.5 11.5 21.044480633736214 11.5 -31.318506455421264 0.0
9.390346765518188 18.5 11.5 21.45112175941523 11.5 -31.18295941352826 0.0
9.400633811950684 18.4 11.600000000000001 22.809110975266066 11.600000000000001 -31.063629674911315 9.720963218763899
9.412963151931763 18.4 11.600000000000001 23.238172006607627 11.600000000000001 -30.920609331130798 0.0
9.423234939575195 18.9 11.100000000000001 18.580222535133927 11.100000000000001 -30.806592488288697 -48.67701877770814
9.43447732925415 18.9 11.100000000000001 18.95459411144313 11.100000000000001 -30.681801962852294 0.0
9.444737195968628 18.9 11.100000000000001 19.29624767303524 11.100000000000001 -30.567917442321594 0.0
9.456501483917236 18.9 11.100000000000001 19.687998461723893 11.100000000000001 -30.43733384609204 0.0
9.466704368591309 18.9 11.100000000000001 20.027754521370497 11.100000000000001 -30.324081826209838 0.0
9.477419137954712 18.9 11.100000000000001 20.38455634117183 11.100000000000001 -30.205147886276063 0.0
9.489166259765625 19.0 11.0 19.772211360931948 11.0 -30.07592954635602 -8.512723508757809
9.499749183654785 19.0 11.0 20.121447849274233 11.0 -29.959517383575257 0.0
9.511181116104126 19.0 11.0 20.49870162010248 11.0 -29.833766126632508 0.0
9.521482467651367 19.0 11.0 20.83864622116144 11.0 -29.720451259612854 0.0
9.531850814819336 19.0 11.0 21.18080167770441 11.0 -29.6063994407652 0.0
9.541991472244263 19.0 11.0 21.515443372726992 11.0 -29.494852209091004 0.0
9.552422761917114 19.0 11.0 21.859675931931093 11.0 -29.380108022689637 0.0
9.565078020095825 19.1 10.899999999999999 21.273502874374927 10.899999999999999 -29.242165708541688 -7.901853805576601
9.575363159179688 19.1 10.899999999999999 21.609826922417213 10.899999999999999 -29.13005769252759 0.0
9.586862325668335 19.5 10.5 17.972050666809622 10.5 -29.00931644439679 -34.78512989571011
9.59754467010498 19.5 10.5 18.308544516563956 10.5 -28.897151827812014 0.0
9.610002994537354 19.0 11.0 23.719669222832266 11.0 -28.76011025905591 40.13380793814827
9.620426177978516 19.0 11.0 24.063634276390616 11.0 -28.645455241203127 0.0
9.631394386291504 19.0 11.0 24.42558515071923 11.0 -28.524804949760256 0.0
9.641483068466187 19.0 11.0 24.758511662483755 11.0 -28.413829445838747 0.0
9.653291702270508 19.5 10.5 20.130483627319876 10.5 -28.289838790893373 -42.34190070463769
9.670406579971313 19.9 10.100000000000001 16.649064421654302 10.100000000000001 -28.116978526115236 -23.371478721181223
9.685134410858154 19.9 10.100000000000001 17.095317697525573 10.100000000000001 -27.968227434158145 0.0
9.70054006576538 19.7 10.3 19.571352434158868 10.3 -27.809549188613712 12.982245883372492
9.7164626121521 19.7 10.3 20.06335911750847 10.3 -27.645546960830508 0.0
9.727230072021484 19.7 10.3 20.39607362747246 10.3 -27.534642124175846 0.0
9.73850393295288 19.9 10.100000000000001 18.73767161369379 10.100000000000001 -27.420776128768743 -17.740151419024595
9.74917221069336 19.9 10.100000000000001 19.06092042923028 10.100000000000001 -27.31302652358991 0.0
9.765074014663696 20.3 9.7 15.52366292476708 9.7 -27.158779025077642 -25.154378757665395
9.775570631027222 20.5 9.5 13.822816491127554 9.5 -27.05906116962415 -19.05375914232492
9.787986755371094 20.5 9.5 14.176676034927908 9.5 -26.941107988357366 0.0
9.79922080039978 19.8 10.2 21.52043781280571 10.2 -26.826520729064764 62.31059233005787
9.810731172561646 19.8 10.2 21.872655200958775 10.2 -26.70911493301374 0.0
9.821822166442871 20.3 9.7 17.195403122902434 9.7 -26.601532292365853 -45.081622562823796
9.832557916641235 20.3 9.7 17.507813453674842 9.7 -26.49739551544172 0.0
9.842755556106567 20.3 9.7 17.804564762116 9.7 -26.398478412628 0.0
9.853573322296143 20.3 9.7 18.119361758232643 9.7 -26.29354608058912 0.0
9.86660647392273 20.4 9.600000000000001 17.49471652507836 9.600000000000001 -26.168427824973886 -7.6727412421108765
9.877230167388916 20.4 9.600000000000001 17.80067889690453 9.600000000000001 -26.066440367698494 0.0
9.889531373977661 20.5 9.5 17.15126328468375 9.5 -25.949578905105415 -8.129283845333966
9.899922609329224 20.5 9.5 17.44741349220328 9.5 -25.85086216926557 0.0
9.911993741989136 20.5 9.5 17.791440773010777 9.5 -25.736186408996407 0.0
9.922502756118774 20.5 9.5 18.09094767570548 9.5 -25.63635077476484 0.0
9.933304071426392 20.3 9.7 20.405265951157133 9.7 -25.531578016280953 18.516263464594672
9.946251392364502 20.3 9.7 20.782032990456145 9.7 -25.405989003181283 0.0
9.957395792007446 20.4 9.600000000000001 20.102991700172964 9.600000000000001 -25.299002766609018 -8.973116830327344
9.969176054000854 20.4 9.600000000000001 20.44226324558312 9.600000000000001 -25.1859122514723 0.0
9.980755090713501 20.4 9.600000000000001 20.775739502907328 9.600000000000001 -25.074753499030894 0.0
9.995947122573853 20.9 9.100000000000001 16.190481972694926 9.100000000000001 -24.936506009101695 -32.91198995605775
10.007586002349854 20.9 9.100000000000001 16.508223390579758 9.100000000000001 -24.830592203140085 0.0
10.02116322517395 20.9 9.100000000000001 16.878881573677603 9.100000000000001 -24.707039475440805 0.0
10.031367540359497 20.9 9.100000000000001 17.157459378243033 9.100000000000001 -24.61418020725233 0.0
10.04297661781311 20.7 9.3 19.481352639198818 9.3 -24.506215786933726 17.22789780662115
10.053635597229004 20.7 9.3 19.77873816490225 9.3 -24.407087278365918 0.0
10.065463304519653 21.1 8.899999999999999 16.094537949562564 8.899999999999999 -24.30182068347914 -33.81889576488155
10.076308012008667 21.1 8.899999999999999 16.38409163951924 8.899999999999999 -24.205302786826916 0.0
10.087685108184814 21.1 8.899999999999999 16.687860107422367 8.899999999999999 -24.104046630859205 0.0
10.099166870117188 21.1 8.899999999999999 16.994423151016733 8.899999999999999 -24.001858949661084 0.0
10.111021995544434 21.3 8.7 15.303841924667864 8.7 -23.898719358444044 -16.870340278336357
10.12246036529541 21.3 8.7 15.602383375168358 8.7 -23.799205541610547 0.0
10.133287906646729 21.2 8.8 16.88823046684317 8.8 -23.703923177718945 9.235707050689346
10.143628358840942 21.2 8.8 17.16121840477041 8.8 -23.612927198409864 0.0
10.154842615127563 21.7 8.3 12.440453386307269 8.3 -23.51984887123091 -44.58610426056637
10.170427560806274 21.7 8.3 12.828518533707182 8.3 -23.390493822097607 0.0
10.182553052902222 22.0 8.0 10.119530344009917 8.0 -23.29348988533003 -24.741263911282452
10.193010807037354 22.0 8.0 10.37051644325308 8.0 -23.209827852248974 0.0
10.204464435577393 22.7 7.300000000000001 3.621350908279936 7.300000000000001 -23.12621636390669 -61.11600333055781
10.21553635597229 22.7 7.300000000000001 3.8638259649281963 7.300000000000001 -23.045391345023937 0.0
10.226515531539917 22.8 7.199999999999999 3.1009761571889385 7.199999999999999 -22.966341280937023 -9.10815200868634
10.236789226531982 22.8 7.199999999999999 3.3228879690175432 7.199999999999999 -22.89237067699415 0.0
10.24770975112915 23.7 6.300000000000001 -5.470714116095969 6.300000000000001 -22.823571372031992 -82.4136232643436
10.259066343307495 23.7 6.300000000000001 -5.256074523925257 6.300000000000001 -22.75202484130842 0.0
10.27107572555542 24.1 5.899999999999999 -9.043508458136998 5.899999999999999 -22.68116948604566 -33.30729189414562
10.282371520996094 24.1 5.899999999999999 -8.843572878837065 5.899999999999999 -22.614524292945685 0.0
10.29328465461731 24.3 5.699999999999999 -10.656958293914279 5.699999999999999 -22.552319431304756 -18.32654184781415
10.304315090179443 24.3 5.699999999999999 -10.468337845801791 5.699999999999999 -22.489445948600594 0.0
10.315436363220215 25.5 4.5 -22.31820065975137 4.5 -22.439400219917122 -107.90131629721728
10.326719760894775 25.5 4.5 -22.1658747911448 4.5 -22.3886249303816 0.0
10.337551355361938 26.7 3.3000000000000007 -34.058642005919886 3.3000000000000007 -22.352880668639962 -110.78701327287528
10.347913026809692 26.7 3.3000000000000007 -33.95606145858712 3.3000000000000007 -22.318687152862374 0.0
10.359472513198853 28.1 1.8999999999999986 -47.89017238616893 1.8999999999999986 -22.29672412872297 -121.11264747133093
10.370742321014404 28.1 1.8999999999999986 -47.82593448162028 1.8999999999999986 -22.275311493873424 0.0
10.38241696357727 32.6 -2.6000000000000014 -92.91699669361064 -2.6000000000000014 -22.305665564536877 -385.45077296955094
10.392737627029419 32.6 -2.6000000000000014 -92.9974978685374 -2.6000000000000014 -22.332499289512462 0.0
10.403881788253784 32.6 -2.6000000000000014 -93.08442232608745 -2.6000000000000014 -22.361474108695813 0.0
10.41446566581726 32.6 -2.6000000000000014 -93.16697657108257 -2.6000000000000014 -22.388992190360852 0.0
10.426246404647827 32.1 -2.1000000000000014 -88.24119522571515 -2.1000000000000014 -22.413731741905043 42.44215979923905
10.436811447143555 32.1 -2.1000000000000014 -88.30775499343822 -2.1000000000000014 -22.43591833114607 0.0
10.447770833969116 34.7 -4.700000000000003 -114.46228234767867 -4.700000000000003 -22.48742744922621 -237.23955011203702
10.458487749099731 34.7 -4.700000000000003 -114.61339085102034 -4.700000000000003 -22.537796950340102 0.0
10.47048282623291 43.3 -13.299999999999997 -201.0919944286341 -13.299999999999997 -22.697331476211378 -716.9607918745398
10.481812953948975 43.3 -13.299999999999997 -201.54406652450507 -13.299999999999997 -22.848022174835034 0.0
10.493036985397339 43.5 -13.5 -203.99863979816385 -13.5 -22.99954659938795 -17.818909446226648
10.503645420074463 43.5 -13.5 -204.42828140258737 -13.5 -23.142760467529126 0.0
10.514918804168701 44.7 -14.700000000000003 -216.9254376411433 -14.700000000000003 -23.308479213714428 -106.44541070975409
10.526379108428955 44.7 -14.700000000000003 -217.43083705902052 -14.700000000000003 -23.47694568634016 0.0
10.536570310592651 44.7 -14.700000000000003 -217.88026907443952 -14.700000000000003 -23.626756358146494 0.0
10.546706199645996 44.7 -14.700000000000003 -218.32726178169202 -14.700000000000003 -23.77575392723066 0.0
10.557232141494751 44.7 -14.700000000000003 -218.7914558172221 -14.700000000000003 -23.930485272407356 0.0
10.57272720336914 44.7 -14.700000000000003 -219.4747880458827 -14.700000000000003 -24.158262681960885 0.0
10.583660125732422 44.7 -14.700000000000003 -219.95692992210337 -14.700000000000003 -24.31897664070112 0.0
10.5940101146698 44.7 -14.700000000000003 -220.41336443424177 -14.700000000000003 -24.471121478080576 0.0
10.605156898498535 42.8 -12.799999999999997 -201.84140093326513 -12.799999999999997 -24.61380031108839 170.45275383397907
10.617308139801025 42.8 -12.799999999999997 -202.30800859928075 -12.799999999999997 -24.769336199760264 0.0
10.629206657409668 47.3 -17.299999999999997 -247.92554166316933 -17.299999999999997 -24.97518055438978 -378.1983729411293
10.639289379119873 47.3 -17.299999999999997 -248.44883491992897 -17.299999999999997 -25.149611639976328 0.0
10.64975357055664 44.3 -14.299999999999997 -218.8977487325663 -14.299999999999997 -25.299249577522104 286.692002734108
10.659916400909424 44.3 -14.299999999999997 -219.33373415470066 -14.299999999999997 -25.444578051566904 0.0
10.670546054840088 47.1 -17.1 -247.8790354013438 -17.1 -25.62634513378126 -263.41403193970973
10.682665824890137 47.1 -17.1 -248.5007796049113 -17.1 -25.833593201637097 0.0
10.693501949310303 34.0 -4.0 -117.63081309795328 -4.0 -25.87693769931776 1208.9193047304732
10.703608751296997 34.0 -4.0 -117.75209472179361 -4.0 -25.91736490726454 0.0
10.714787721633911 34.8 -4.799999999999997 -125.91307189464516 -4.799999999999997 -25.971023964881727 -71.5629414775633
10.72600793838501 34.8 -4.799999999999997 -126.07464301586097 -4.799999999999997 -26.024881005287 0.0
10.736590385437012 34.8 -4.799999999999997 -126.2270302534098 -4.799999999999997 -26.07567675113661 0.0
10.746761560440063 34.8 -4.799999999999997 -126.37349517345373 -4.799999999999997 -26.124498391151256 0.0
10.756921768188477 34.8 -4.799999999999997 -126.51980216503088 -4.799999999999997 -26.17326738834364 0.0
10.76730465888977 34.8 -4.799999999999997 -126.66931579112952 -4.799999999999997 -26.22310526370985 0.0
10.79755687713623 34.0 -4.0 -119.03234241008707 -4.0 -26.34411413669569 26.444341815946377
10.815015316009521 34.0 -4.0 -119.24184367656656 -4.0 -26.413947892188855 0.0
10.825953006744385 33.4 -3.3999999999999986 -113.35340812206216 -3.3999999999999986 -26.45113604068739 54.85618624117198
10.837538719177246 33.4 -3.3999999999999986 -113.47158238887734 -3.3999999999999986 -26.49052746295912 0.0
10.847784042358398 33.4 -3.3999999999999986 -113.57608468532509 -3.3999999999999986 -26.525361561775036 0.0
10.859865665435791 33.4 -3.3999999999999986 -113.69931724071449 -3.3999999999999986 -26.56643908023817 0.0
