0 0
0.0004398822784423828 88.7 -58.7 -234.8 -58.7 -0.013967180252075197 -246699.04288577155
0.03491854667663574 88.7 -58.7 -234.8 -58.7 -2.0378647804260255 0.0
0.04622149467468262 88.3 -58.3 -233.2 -58.3 -2.6968266487121584 35.38899763753003
0.056853532791137695 88.3 -58.3 -233.2 -58.3 -3.3166744709014893 0.0
0.06752777099609375 87.9 -57.900000000000006 -231.60000000000002 -57.900000000000006 -3.934712862968445 37.47340019208783
0.07897496223449707 87.9 -57.900000000000006 -231.60000000000002 -57.900000000000006 -4.597505235671997 0.0
0.08934855461120605 87.9 -57.900000000000006 -231.60000000000002 -57.900000000000006 -5.198136234283448 0.0
0.10130548477172852 87.9 -57.900000000000006 -231.60000000000002 -57.900000000000006 -5.890442490577698 0.0
0.1118323802947998 87.9 -57.900000000000006 -231.60000000000002 -57.900000000000006 -6.499949741363525 0.0
0.12350273132324219 87.9 -57.900000000000006 -231.60000000000002 -57.900000000000006 -7.1756630659103395 0.0
0.13475990295410156 87.9 -57.900000000000006 -231.60000000000002 -57.900000000000006 -7.827453303337098 0.0
0.14505696296691895 87.9 -57.900000000000006 -231.60000000000002 -57.900000000000006 -8.423653078079225 0.0
0.15573978424072266 87.9 -57.900000000000006 -231.60000000000002 -57.900000000000006 -9.042188429832459 0.0
0.16599607467651367 87.9 -57.900000000000006 -231.60000000000002 -57.900000000000006 -9.63602764606476 0.0
0.17737555503845215 87.9 -57.900000000000006 -231.60000000000002 -57.900000000000006 -10.294899559020998 0.0
0.18767666816711426 87.9 -57.900000000000006 -231.60000000000002 -57.900000000000006 -10.891334009170533 0.0
0.20001721382141113 87.1 -57.099999999999994 -228.39999999999998 -57.099999999999994 -11.595979166030885 64.82695517774435
0.2107548713684082 87.1 -57.099999999999994 -228.39999999999998 -57.099999999999994 -12.209099411964418 0.0
0.2218647003173828 88.6 -58.599999999999994 -234.39999999999998 -58.599999999999994 -12.86013538837433 -135.01558006781406
0.23390865325927734 88.6 -58.599999999999994 -234.39999999999998 -58.599999999999994 -13.56591103076935 0.0
0.24413228034973145 88.6 -58.599999999999994 -234.39999999999998 -58.599999999999994 -14.16501557826996 0.0
0.2551391124725342 90.1 -60.099999999999994 -240.39999999999998 -60.099999999999994 -14.826526188850405 -136.27899319845773
0.2660384178161621 90.1 -60.099999999999994 -240.39999999999998 -60.099999999999994 -15.481574440002444 0.0
0.28298139572143555 89.5 -59.5 -238.0 -59.5 -16.489681625366213 35.41290104694326
0.2979099750518799 96.3 -66.3 -265.2 -66.3 -17.479446434974673 -455.50215124171507
0.31368136405944824 96.3 -66.3 -265.2 -66.3 -18.525089526176455 0.0
0.3278775215148926 91.7 -61.7 -246.8 -61.7 -19.40099244117737 324.03134541423805
0.345989465713501 91.7 -61.7 -246.8 -61.7 -20.51849939823151 0.0
0.35674619674682617 91.7 -61.7 -246.8 -61.7 -21.182189702987674 0.0
0.3671913146972656 91.7 -61.7 -246.8 -61.7 -21.82665348052979 0.0
0.37742066383361816 91.7 -61.7 -246.8 -61.7 -22.45780432224274 0.0
0.3959059715270996 91.7 -61.7 -246.8 -61.7 -23.598347806930544 0.0
0.40773582458496094 95.1 -65.1 -260.4 -65.1 -24.368471240997316 -287.40847273166924
0.41814422607421875 95.1 -65.1 -260.4 -65.1 -25.046058177947998 0.0
0.4321107864379883 86.9 -56.900000000000006 -227.60000000000002 -56.900000000000006 -25.840755462646484 587.1166404916346
0.44362902641296387 86.9 -56.900000000000006 -227.60000000000002 -56.900000000000006 -26.496143317222597 0.0
0.4552035331726074 86.9 -56.900000000000006 -227.60000000000002 -56.900000000000006 -27.154732751846314 0.0
0.465897798538208 86.9 -56.900000000000006 -227.60000000000002 -56.900000000000006 -27.763236451148988 0.0
0.47713279724121094 86.9 -56.900000000000006 -227.60000000000002 -56.900000000000006 -28.402507877349855 0.0
0.4881899356842041 86.9 -56.900000000000006 -227.60000000000002 -56.900000000000006 -29.031659054756165 0.0
0.4996345043182373 86.9 -56.900000000000006 -227.60000000000002 -56.900000000000006 -29.682855010032654 0.0
0.512317419052124 93.9 -63.900000000000006 -255.60000000000002 -63.900000000000006 -30.493293261528017 -551.923603278442
0.5235722064971924 93.9 -63.900000000000006 -255.60000000000002 -63.900000000000006 -31.212474179267886 0.0
0.5348033905029297 93.9 -63.900000000000006 -255.60000000000002 -63.900000000000006 -31.9301468372345 0.0
0.5450592041015625 93.9 -63.900000000000006 -255.60000000000002 -63.900000000000006 -32.585493326187134 0.0
0.5555927753448486 93.9 -63.900000000000006 -255.60000000000002 -63.900000000000006 -33.25858852863312 0.0
0.566185712814331 93.9 -63.900000000000006 -255.60000000000002 -63.900000000000006 -33.935477232933046 0.0
0.5768346786499023 93.9 -63.900000000000006 -255.60000000000002 -63.900000000000006 -34.61594614982605 0.0
0.5883703231811523 91.7 -61.7 -246.8 -61.7 -35.32769541740418 190.71322751322776
0.5996601581573486 91.7 -61.7 -246.8 -61.7 -36.02427823543549 0.0
0.6113171577453613 86.4 -56.400000000000006 -225.60000000000002 -56.400000000000006 -36.6817330121994 454.6624506575581
0.6219239234924316 86.4 -56.400000000000006 -225.60000000000002 -56.400000000000006 -37.279954600334165 0.0
0.6322474479675293 84.3 -54.3 -217.2 -54.3 -37.84052197933197 203.41890069284148
0.645235538482666 84.3 -54.3 -217.2 -54.3 -38.545775294303894 0.0
0.6556751728057861 84.3 -54.3 -217.2 -54.3 -39.112647438049315 0.0
0.6669011116027832 84.0 -54.0 -216.0 -54.0 -39.71884813308716 26.72382287352635
0.6820015907287598 84.0 -54.0 -216.0 -54.0 -40.53427400588989 0.0
0.695763111114502 75.8 -45.8 -183.2 -45.8 -41.16455163955688 595.8643936243939
0.7060379981994629 75.8 -45.8 -183.2 -45.8 -41.6351414680481 0.0
0.7177066802978516 86.3 -56.3 -225.2 -56.3 -42.29208827018738 -899.8445506926566
0.7293591499328613 86.3 -56.3 -225.2 -56.3 -42.948122310638425 0.0
0.7404525279998779 86.3 -56.3 -225.2 -56.3 -43.57267949581146 0.0
0.7559432983398438 86.3 -56.3 -225.2 -56.3 -44.444809865951534 0.0
0.7664237022399902 86.3 -56.3 -225.2 -56.3 -45.03485660552978 0.0
0.7769930362701416 86.3 -56.3 -225.2 -56.3 -45.62991011142731 0.0
0.7896864414215088 82.3 -52.3 -209.2 -52.3 -46.29377520084381 315.12426746806915
0.8010399341583252 82.3 -52.3 -209.2 -52.3 -46.88756287097931 0.0
0.8117759227752686 82.3 -52.3 -209.2 -52.3 -47.44905507564545 0.0
0.8236410617828369 81.8 -51.8 -207.2 -51.8 -48.06366927623749 42.140256399951774
0.8339624404907227 81.8 -51.8 -207.2 -51.8 -48.598316693305975 0.0
0.8460190296173096 86.3 -56.3 -225.2 -56.3 -49.277102661132815 -373.2398900512172
0.8564088344573975 86.3 -56.3 -225.2 -56.3 -49.862048673629765 0.0
0.8673243522644043 86.9 -56.900000000000006 -227.60000000000002 -56.900000000000006 -50.48314163684845 -54.96761680099679
0.877863883972168 86.9 -56.900000000000006 -227.60000000000002 -56.900000000000006 -51.082840991020205 0.0
0.8893251419067383 86.9 -56.900000000000006 -227.60000000000002 -56.900000000000006 -51.73498656749726 0.0
0.8999781608581543 81.8 -51.8 -207.2 -51.8 -52.28681294918061 478.73753189203785
0.9107160568237305 81.8 -51.8 -207.2 -51.8 -52.843035960197454 0.0
0.9217658042907715 94.1 -64.1 -256.4 -64.1 -53.55132477283478 -1113.147611444353
0.932004451751709 94.1 -64.1 -256.4 -64.1 -54.20762207508088 0.0
0.9440617561340332 85.7 -55.7 -222.8 -55.7 -54.87921392917634 696.6731313770459
0.9550879001617432 85.7 -55.7 -222.8 -55.7 -55.493370151519784 0.0
0.9657552242279053 85.7 -55.7 -222.8 -55.7 -56.087540102005015 0.0
0.9768798351287842 84.7 -54.7 -218.8 -54.7 -56.69605631828309 89.89078439777111
0.9871931076049805 84.7 -54.7 -218.8 -54.7 -57.26019232273103 0.0
1.0000100135803223 77.2 -47.2 -188.8 -47.2 -57.86515028476716 585.164626660218
1.010406732559204 77.2 -47.2 -188.8 -47.2 -58.355875420570385 0.0
1.0212600231170654 77.2 -47.2 -188.8 -47.2 -58.86815073490144 0.0
1.0315682888031006 77.2 -47.2 -188.8 -47.2 -59.3547008752823 0.0
1.043454885482788 77.2 -47.2 -188.8 -47.2 -59.915748238563545 0.0
1.0536177158355713 77.2 -47.2 -188.8 -47.2 -60.39543383121491 0.0
1.063892126083374 77.2 -47.2 -188.8 -47.2 -60.8803859949112 0.0
1.0748775005340576 88.7 -58.7 -234.8 -58.7 -61.525227475166325 -1046.8464276412883
1.0852043628692627 88.7 -58.7 -234.8 -58.7 -62.131414294242866 0.0
1.097963809967041 88.1 -58.099999999999994 -232.39999999999998 -58.099999999999994 -62.872738170623784 47.02398116486417
1.111182451248169 88.1 -58.099999999999994 -232.39999999999998 -58.099999999999994 -63.64074122905732 0.0
1.122192144393921 88.1 -58.099999999999994 -232.39999999999998 -58.099999999999994 -64.2804044008255 0.0
1.1329553127288818 88.1 -58.099999999999994 -232.39999999999998 -58.099999999999994 -64.90574448108673 0.0
1.1480863094329834 88.1 -58.099999999999994 -232.39999999999998 -58.099999999999994 -65.78485538959502 0.0
1.1589112281799316 88.1 -58.099999999999994 -232.39999999999998 -58.099999999999994 -66.41378316879272 0.0
1.1694636344909668 88.1 -58.099999999999994 -232.39999999999998 -58.099999999999994 -67.02687797546386 0.0
1.1799657344818115 88.1 -58.099999999999994 -232.39999999999998 -58.099999999999994 -67.63704998493193 0.0
1.1903631687164307 88.1 -58.099999999999994 -232.39999999999998 -58.099999999999994 -68.2411409139633 0.0
1.2020900249481201 88.1 -58.099999999999994 -232.39999999999998 -58.099999999999994 -68.92247126102447 0.0
1.2124481201171875 88.1 -58.099999999999994 -232.39999999999998 -58.099999999999994 -69.52427659034728 0.0
1.2240824699401855 88.1 -58.099999999999994 -232.39999999999998 -58.099999999999994 -70.20023231506347 0.0
1.2342989444732666 88.1 -58.099999999999994 -232.39999999999998 -58.099999999999994 -70.79380948543549 0.0
1.2459964752197266 88.1 -58.099999999999994 -232.39999999999998 -58.099999999999994 -71.47343602180482 0.0
1.2563939094543457 88.1 -58.099999999999994 -232.39999999999998 -58.099999999999994 -72.07752695083619 0.0
1.2669928073883057 88.1 -58.099999999999994 -232.39999999999998 -58.099999999999994 -72.69332292079926 0.0
1.2772955894470215 88.1 -58.099999999999994 -232.39999999999998 -58.099999999999994 -73.29191455841065 0.0
1.2875757217407227 88.1 -58.099999999999994 -232.39999999999998 -58.099999999999994 -73.8891902446747 0.0
1.3013100624084473 88.1 -58.099999999999994 -232.39999999999998 -58.099999999999994 -74.6871554374695 0.0
1.3117926120758057 88.1 -58.099999999999994 -232.39999999999998 -58.099999999999994 -75.29619157314302 0.0
1.3229448795318604 88.1 -58.099999999999994 -232.39999999999998 -58.099999999999994 -75.9441383123398 0.0
1.3334784507751465 88.1 -58.099999999999994 -232.39999999999998 -58.099999999999994 -76.55613880157473 0.0
1.3436644077301025 88.1 -58.099999999999994 -232.39999999999998 -58.099999999999994 -77.14794290065768 0.0
1.3551292419433594 88.1 -58.099999999999994 -232.39999999999998 -58.099999999999994 -77.8140497684479 0.0
1.3657846450805664 88.1 -58.099999999999994 -232.39999999999998 -58.099999999999994 -78.43312869071963 0.0
1.3759584426879883 81.7 -51.7 -206.8 -51.7 -78.95911402702333 629.0669666291706
1.387232780456543 81.7 -51.7 -206.8 -51.7 -79.54199728965762 0.0
1.3992996215820312 81.7 -51.7 -206.8 -51.7 -80.16585297584535 0.0
1.4098548889160156 76.5 -46.5 -186.0 -46.5 -80.65667290687563 492.64503071919074
1.420393466949463 76.5 -46.5 -186.0 -46.5 -81.14671678543093 0.0
1.4319896697998047 79.4 -49.400000000000006 -197.60000000000002 -49.400000000000006 -81.71956920623781 -250.0818619186649
1.442373514175415 79.4 -49.400000000000006 -197.60000000000002 -49.400000000000006 -82.23253111839296 0.0
1.454345703125 79.4 -49.400000000000006 -197.60000000000002 -49.400000000000006 -82.82395725250245 0.0
1.4648215770721436 79.4 -49.400000000000006 -197.60000000000002 -49.400000000000006 -83.34146542549135 0.0
1.476271390914917 79.4 -49.400000000000006 -197.60000000000002 -49.400000000000006 -83.90708622932436 0.0
1.4868710041046143 79.4 -49.400000000000006 -197.60000000000002 -49.400000000000006 -84.4307071208954 0.0
1.4976325035095215 79.4 -49.400000000000006 -197.60000000000002 -49.400000000000006 -84.96232519149783 0.0
1.5096585750579834 76.5 -46.5 -186.0 -46.5 -85.5215375185013 241.14275291925267
1.519911527633667 76.5 -46.5 -186.0 -46.5 -85.99829981327059 0.0
1.5308926105499268 76.5 -46.5 -186.0 -46.5 -86.50892016887667 0.0
1.5413141250610352 76.5 -46.5 -186.0 -46.5 -86.99352059364321 0.0
1.5572731494903564 76.5 -46.5 -186.0 -46.5 -87.73561522960665 0.0
1.5676305294036865 76.5 -46.5 -186.0 -46.5 -88.2172333955765 0.0
1.5779476165771484 76.5 -46.5 -186.0 -46.5 -88.69697794914248 0.0
1.5882039070129395 76.5 -46.5 -186.0 -46.5 -89.17389545440676 0.0
1.6011769771575928 74.8 -44.8 -179.2 -44.8 -89.75508899688722 131.04068513039186
1.6119575500488281 74.8 -44.8 -179.2 -44.8 -90.23805866241457 0.0
1.6221942901611328 74.8 -44.8 -179.2 -44.8 -90.69666461944583 0.0
1.6341636180877686 74.4 -44.400000000000006 -177.60000000000002 -44.400000000000006 -91.22810277938845 33.41875186741757
1.6444265842437744 74.4 -44.400000000000006 -177.60000000000002 -44.400000000000006 -91.6837784767151 0.0
1.65683913230896 73.4 -43.400000000000006 -173.60000000000002 -43.400000000000006 -92.22248306274416 80.56363566516845
1.6672132015228271 73.4 -43.400000000000006 -173.60000000000002 -43.400000000000006 -92.672717666626 0.0
1.6779661178588867 72.8 -42.8 -171.2 -42.8 -93.13294248580935 55.79881599077705
1.6882045269012451 72.8 -42.8 -171.2 -42.8 -93.57114639282229 0.0
1.6993598937988281 74.2 -44.2 -176.8 -44.2 -94.06421360969546 -125.50013037252397
1.7111809253692627 74.2 -44.2 -176.8 -44.2 -94.58670320510866 0.0
1.7274367809295654 71.4 -41.400000000000006 -165.60000000000002 -41.400000000000006 -95.2596956253052 172.24562494499997
1.738342523574829 71.4 -41.400000000000006 -165.60000000000002 -41.400000000000006 -95.71119337081912 0.0
1.749828577041626 72.8 -42.8 -171.2 -42.8 -96.20279645919803 -121.8869478578538
1.7617771625518799 72.8 -42.8 -171.2 -42.8 -96.7141959190369 0.0
1.7719967365264893 72.8 -42.8 -171.2 -42.8 -97.15159368515017 0.0
1.7844278812408447 69.3 -39.3 -157.2 -39.3 -97.64013767242434 281.55090141925587
1.7955658435821533 69.3 -39.3 -157.2 -39.3 -98.07785959243778 0.0
1.8073410987854004 68.7 -38.7 -154.8 -38.7 -98.53356196880344 50.95430966409476
1.8176567554473877 68.7 -38.7 -154.8 -38.7 -98.93277788162234 0.0
1.8283367156982422 68.5 -38.5 -154.0 -38.5 -99.34395635128024 18.726661457752247
1.8409535884857178 68.5 -38.5 -154.0 -38.5 -99.82970595359805 0.0
1.8519446849822998 66.8 -36.8 -147.2 -36.8 -100.23417830467227 154.67064642082457
1.863738775253296 66.8 -36.8 -147.2 -36.8 -100.66820082664492 0.0
1.8741488456726074 66.8 -36.8 -147.2 -36.8 -101.05129141807558 0.0
1.8851630687713623 66.6 -36.599999999999994 -146.39999999999998 -36.599999999999994 -101.45441198349 18.158339286101086
1.8969106674194336 66.6 -36.599999999999994 -146.39999999999998 -36.599999999999994 -101.88437409400942 0.0
1.9084289073944092 66.1 -36.099999999999994 -144.39999999999998 -36.099999999999994 -102.30018255710604 43.40940986524808
1.9192438125610352 66.1 -36.099999999999994 -144.39999999999998 -36.099999999999994 -102.69060063362124 0.0
1.9301252365112305 65.1 -35.099999999999994 -140.39999999999998 -35.099999999999994 -103.0725386142731 91.8997370727432
1.9412586688995361 65.1 -35.099999999999994 -140.39999999999998 -35.099999999999994 -103.46332209110263 0.0
1.9578094482421875 64.9 -34.900000000000006 -139.60000000000002 -34.900000000000006 -104.04094429016116 12.084023106065375
1.9684135913848877 64.9 -34.900000000000006 -139.60000000000002 -34.900000000000006 -104.4110288858414 0.0
1.979736566543579 63.4 -33.4 -133.6 -33.4 -104.7892162561417 132.4740166764935
1.9899680614471436 63.4 -33.4 -133.6 -33.4 -105.13094818592076 0.0
2.001944065093994 63.0 -33.0 -132.0 -33.0 -105.52615630626683 33.400123429754416
2.0137784481048584 63.0 -33.0 -132.0 -33.0 -105.91669094562535 0.0
2.0248734951019287 62.6 -32.6 -130.4 -32.6 -106.27838947772985 36.05212308750202
2.035202980041504 62.6 -32.6 -130.4 -32.6 -106.61513068676 0.0
2.0459485054016113 62.6 -32.6 -130.4 -32.6 -106.9654348134995 0.0
2.0579347610473633 62.2 -32.2 -128.8 -32.2 -107.35139224529271 33.371555873811396
2.068203926086426 62.2 -32.2 -128.8 -32.2 -107.68205935955052 0.0
2.0796959400177 60.5 -30.5 -122.0 -30.5 -108.03256578445439 147.92881475488085
2.0901238918304443 60.5 -30.5 -122.0 -30.5 -108.35061831474309 0.0
2.101742744445801 60.3 -30.299999999999997 -121.19999999999999 -30.299999999999997 -108.70266954898838 17.21340364845201
2.1137824058532715 60.3 -30.299999999999997 -121.19999999999999 -30.299999999999997 -109.06747128963474 0.0
2.1272974014282227 59.0 -29.0 -116.0 -29.0 -109.45940616130832 96.18945065801059
2.137702703475952 59.0 -29.0 -116.0 -29.0 -109.76115992069248 0.0
2.1491317749023438 59.1 -29.1 -116.4 -29.1 -110.09374589920047 -8.749617205916223
2.160362958908081 59.1 -29.1 -116.4 -29.1 -110.42057335376742 0.0
2.171501874923706 57.8 -27.799999999999997 -111.19999999999999 -27.799999999999997 -110.7302352190018 116.70794520547983
2.1819703578948975 57.8 -27.799999999999997 -111.19999999999999 -27.799999999999997 -111.02125904560091 0.0
2.193725109100342 57.3 -27.299999999999997 -109.19999999999999 -27.299999999999997 -111.34216375350954 42.535991724641505
2.2041661739349365 57.3 -27.299999999999997 -109.19999999999999 -27.299999999999997 -111.62720482349397 0.0
2.2156033515930176 56.3 -26.299999999999997 -105.19999999999999 -26.299999999999997 -111.9280025959015 87.4341581372079
2.226808786392212 56.3 -26.299999999999997 -105.19999999999999 -26.299999999999997 -112.22270553112031 0.0
2.237058162689209 56.3 -26.299999999999997 -105.19999999999999 -26.299999999999997 -112.49226412773133 0.0
2.2481796741485596 55.9 -25.9 -103.6 -25.9 -112.78031127452851 35.966334383775894
2.2590110301971436 55.9 -25.9 -103.6 -25.9 -113.06084339618684 0.0
2.2711410522460938 55.1 -25.1 -100.4 -25.1 -113.36530694961549 65.95206478369377
2.281479597091675 55.1 -25.1 -100.4 -25.1 -113.62480442523957 0.0
2.2922494411468506 54.4 -24.4 -97.6 -24.4 -113.88758862018587 64.99629859204843
2.303739070892334 54.4 -24.4 -97.6 -24.4 -114.16793558597566 0.0
2.3151485919952393 54.2 -24.200000000000003 -96.80000000000001 -24.200000000000003 -114.44404599666596 17.529219517291445
2.3259828090667725 54.2 -24.200000000000003 -96.80000000000001 -24.200000000000003 -114.70623404979706 0.0
2.336446762084961 53.4 -23.4 -93.6 -23.4 -114.95109055042268 76.45294265077851
2.3550102710723877 53.4 -23.4 -93.6 -23.4 -115.38547666072846 0.0
2.3720526695251465 52.3 -22.299999999999997 -89.19999999999999 -22.299999999999997 -115.76552214622498 64.54490563926086
2.3978400230407715 51.8 -21.799999999999997 -87.19999999999999 -21.799999999999997 -116.3276864528656 19.389349112426036
2.429626226425171 51.5 -21.5 -86.0 -21.5 -117.0110898256302 9.438057020274286
2.4409990310668945 51.1 -21.1 -84.4 -21.1 -117.25105600357057 35.171623236410014
2.4519846439361572 51.1 -21.1 -84.4 -21.1 -117.48285243511201 0.0
2.4639298915863037 50.0 -20.0 -80.0 -20.0 -117.72175738811494 92.08683086503545
2.476151943206787 50.0 -20.0 -80.0 -20.0 -117.9661984205246 0.0
2.487163782119751 49.6 -19.6 -78.4 -19.6 -118.1820304632187 36.324541537661986
2.498379707336426 49.6 -19.6 -78.4 -19.6 -118.40186259746552 0.0
2.509690284729004 49.1 -19.1 -76.4 -19.1 -118.61789462566377 44.206408094435076
2.5203511714935303 49.1 -19.1 -76.4 -19.1 -118.82151756286622 0.0
2.532362937927246 49.0 -19.0 -76.0 -19.0 -119.04974112510682 8.325170203052856
2.543015718460083 49.0 -19.0 -76.0 -19.0 -119.25214395523072 0.0
2.554412364959717 49.2 -19.200000000000003 -76.80000000000001 -19.200000000000003 -119.47095956802369 -17.54902198698797
2.565476894378662 49.2 -19.200000000000003 -76.80000000000001 -19.200000000000003 -119.68339853286744 0.0
2.576869487762451 48.1 -18.1 -72.4 -18.1 -119.88960447311402 96.55395948434635
2.5879015922546387 48.1 -18.1 -72.4 -18.1 -120.08928556442261 0.0
2.598964214324951 48.1 -18.1 -72.4 -18.1 -120.28951902389527 0.0
2.6098310947418213 49.0 -19.0 -76.0 -19.0 -120.4959897518158 -82.82045678931074
2.6203532218933105 49.0 -19.0 -76.0 -19.0 -120.6959101676941 0.0
2.6323225498199463 48.3 -18.299999999999997 -73.19999999999999 -18.299999999999997 -120.91494886875152 58.48281576798223
2.6436045169830322 48.3 -18.299999999999997 -73.19999999999999 -18.299999999999997 -121.121408867836 0.0
2.6552271842956543 47.1 -17.1 -68.4 -17.1 -121.32015647888183 103.24652403126181
2.665860891342163 47.1 -17.1 -68.4 -17.1 -121.50199286937713 0.0
2.6776645183563232 46.4 -16.4 -65.6 -16.4 -121.69557235240936 59.30380544558479
2.6880621910095215 46.4 -16.4 -65.6 -16.4 -121.8660941839218 0.0
2.7001845836639404 45.2 -15.200000000000003 -60.80000000000001 -15.200000000000003 -122.05035455226897 98.9903589340148
2.71096134185791 45.2 -15.200000000000003 -60.80000000000001 -15.200000000000003 -122.21416127681731 0.0
2.722007989883423 44.7 -14.700000000000003 -58.80000000000001 -14.700000000000003 -122.37654700279235 45.26259901150368
2.7340247631073 44.7 -14.700000000000003 -58.80000000000001 -14.700000000000003 -122.55319356918334 0.0
2.745539903640747 43.9 -13.899999999999999 -55.599999999999994 -13.899999999999999 -122.71325402259825 69.47375046585817
2.7607624530792236 43.9 -13.899999999999999 -55.599999999999994 -13.899999999999999 -122.92484745979307 0.0
2.7719578742980957 43.3 -13.299999999999997 -53.19999999999999 -13.299999999999997 -123.07374656200408 53.59333858636638
2.7910807132720947 42.8 -12.799999999999997 -51.19999999999999 -12.799999999999997 -123.31851890087127 26.146745296545188
2.802405834197998 42.8 -12.799999999999997 -51.19999999999999 -12.799999999999997 -123.46348044872283 0.0
2.814080238342285 42.7 -12.700000000000003 -50.80000000000001 -12.700000000000003 -123.61174538135528 8.565747661642286
2.8243942260742188 42.7 -12.700000000000003 -50.80000000000001 -12.700000000000003 -123.74273302555083 0.0
2.8374321460723877 42.0 -12.0 -48.0 -12.0 -123.89918806552886 53.689545579226696
2.8480007648468018 42.0 -12.0 -48.0 -12.0 -124.02601149082183 0.0
2.8597588539123535 41.1 -11.100000000000001 -44.400000000000006 -11.100000000000001 -124.15652627944945 76.54305006387237
2.8703339099884033 41.1 -11.100000000000001 -44.400000000000006 -11.100000000000001 -124.2739094018936 0.0
2.882937431335449 41.2 -11.200000000000003 -44.80000000000001 -11.200000000000003 -124.41506884098052 -7.9342905245636075
2.8939759731292725 41.2 -11.200000000000003 -44.80000000000001 -11.200000000000003 -124.53870050907135 0.0
2.9068634510040283 40.8 -10.799999999999997 -43.19999999999999 -10.799999999999997 -124.67788527011871 31.037880637881077
2.9175119400024414 40.8 -10.799999999999997 -43.19999999999999 -10.799999999999997 -124.79288895130156 0.0
2.9296977519989014 40.3 -10.299999999999997 -41.19999999999999 -10.299999999999997 -124.9184028148651 41.03132398113909
2.9402825832366943 40.3 -10.299999999999997 -41.19999999999999 -10.299999999999997 -125.02742657661437 0.0
2.951549768447876 40.4 -10.399999999999999 -41.599999999999994 -10.399999999999999 -125.14460530281066 -8.87533116086178
2.9624505043029785 40.4 -10.399999999999999 -41.599999999999994 -10.399999999999999 -125.25797295570372 0.0
2.973947525024414 39.9 -9.899999999999999 -39.599999999999994 -9.899999999999999 -125.37179346084594 43.489527601509685
2.9856317043304443 39.9 -9.899999999999999 -39.599999999999994 -9.899999999999999 -125.48746683597564 0.0
2.9974987506866455 39.7 -9.700000000000003 -38.80000000000001 -9.700000000000003 -125.60257718563079 16.853393337886892
3.0079615116119385 39.7 -9.700000000000003 -38.80000000000001 -9.700000000000003 -125.70406596660614 0.0
3.0183141231536865 39.2 -9.200000000000003 -36.80000000000001 -9.200000000000003 -125.79930999279021 48.29699230804661
3.030895471572876 39.2 -9.200000000000003 -36.80000000000001 -9.200000000000003 -125.91505839824676 0.0
3.0415737628936768 39.3 -9.299999999999997 -37.19999999999999 -9.299999999999997 -126.0143665075302 -9.364794141287312
3.0529825687408447 39.3 -9.299999999999997 -37.19999999999999 -9.299999999999997 -126.12046840190887 0.0
3.0640509128570557 38.9 -8.899999999999999 -35.599999999999994 -8.899999999999999 -126.21897666454315 36.13910046527645
3.07524037361145 38.9 -8.899999999999999 -35.599999999999994 -8.899999999999999 -126.31856286525726 0.0
3.086864948272705 38.9 -8.899999999999999 -35.599999999999994 -8.899999999999999 -126.42202157974243 0.0
3.098233461380005 38.4 -8.399999999999999 -33.599999999999994 -8.399999999999999 -126.51751708984375 43.981125348656754
3.109056234359741 38.4 -8.399999999999999 -33.599999999999994 -8.399999999999999 -126.60842838287354 0.0
3.1198818683624268 38.5 -8.5 -34.0 -8.5 -126.70044627189637 -9.237334273003698
3.1303510665893555 38.5 -8.5 -34.0 -8.5 -126.78943445682526 0.0
3.142258644104004 38.3 -8.299999999999997 -33.19999999999999 -8.299999999999997 -126.88826735019684 16.796027550857197
3.16097354888916 38.0 -8.0 -32.0 -8.0 -127.03798658847809 16.030004076640697
3.1722023487091064 38.0 -8.0 -32.0 -8.0 -127.12781698703766 0.0
3.1849288940429688 38.3 -8.299999999999997 -33.19999999999999 -8.299999999999997 -127.23344731330872 -23.572775810711853
3.19616436958313 38.3 -8.299999999999997 -33.19999999999999 -8.299999999999997 -127.32670176029205 0.0
3.20735764503479 37.6 -7.600000000000001 -30.400000000000006 -7.600000000000001 -127.41177065372467 62.53754792536385
3.2179315090179443 37.6 -7.600000000000001 -30.400000000000006 -7.600000000000001 -127.49213201999665 0.0
3.229363441467285 37.6 -7.600000000000001 -30.400000000000006 -7.600000000000001 -127.57901470661163 0.0
3.2407500743865967 37.6 -7.600000000000001 -30.400000000000006 -7.600000000000001 -127.66555311679839 0.0
3.2517805099487305 37.4 -7.399999999999999 -29.599999999999994 -7.399999999999999 -127.74717833995818 18.131650275586555
3.2622663974761963 37.4 -7.399999999999999 -29.599999999999994 -7.399999999999999 -127.82477390766142 0.0
3.274286985397339 37.6 -7.600000000000001 -30.400000000000006 -7.600000000000001 -127.91613037586211 -16.638121305883057
3.2862343788146973 37.6 -7.600000000000001 -30.400000000000006 -7.600000000000001 -128.00693056583404 0.0
3.2981228828430176 37.4 -7.399999999999999 -29.599999999999994 -7.399999999999999 -128.09490549564362 16.822974490614712
3.3089582920074463 37.4 -7.399999999999999 -29.599999999999994 -7.399999999999999 -128.17508752346038 0.0
3.319936752319336 36.5 -6.5 -26.0 -6.5 -128.24644751548766 81.97870871066506
3.3303394317626953 36.5 -6.5 -26.0 -6.5 -128.3140649318695 0.0
3.3419182300567627 37.0 -7.0 -28.0 -7.0 -128.39511651992797 -43.18237413775353
3.353567600250244 37.0 -7.0 -28.0 -7.0 -128.47666211128234 0.0
3.363640308380127 37.0 -7.0 -28.0 -7.0 -128.54717106819152 0.0
3.3747706413269043 37.0 -7.0 -28.0 -7.0 -128.62508339881896 0.0
3.3848490715026855 37.0 -7.0 -28.0 -7.0 -128.69563241004943 0.0
3.3973872661590576 36.5 -6.5 -26.0 -6.5 -128.77713067531585 39.87814942288311
3.409047842025757 36.5 -6.5 -26.0 -6.5 -128.8529244184494 0.0
3.4199411869049072 36.6 -6.600000000000001 -26.400000000000006 -6.600000000000001 -128.92482049465178 -9.179916830816502
3.4308876991271973 36.6 -6.600000000000001 -26.400000000000006 -6.600000000000001 -128.9970674753189 0.0
3.44350528717041 36.6 -6.600000000000001 -26.400000000000006 -6.600000000000001 -129.0803435564041 0.0
3.4537830352783203 36.6 -6.600000000000001 -26.400000000000006 -6.600000000000001 -129.1481766939163 0.0
3.465487003326416 36.4 -6.399999999999999 -25.599999999999994 -6.399999999999999 -129.2230820894241 17.0882216337342
3.4773404598236084 36.4 -6.399999999999999 -25.599999999999994 -6.399999999999999 -129.29894421100613 0.0
3.4894931316375732 36.6 -6.600000000000001 -26.400000000000006 -6.600000000000001 -129.3791518449783 -16.457286353292236
3.5007410049438477 36.6 -6.600000000000001 -26.400000000000006 -6.600000000000001 -129.45338780879973 0.0
3.5118250846862793 36.2 -6.200000000000003 -24.80000000000001 -6.200000000000003 -129.5221091032028 36.08779522477939
3.5224287509918213 36.2 -6.200000000000003 -24.80000000000001 -6.200000000000003 -129.58785183429717 0.0
3.534306049346924 35.7 -5.700000000000003 -22.80000000000001 -5.700000000000003 -129.65555243492125 42.09711544251962
3.545943021774292 35.7 -5.700000000000003 -22.80000000000001 -5.700000000000003 -129.72188317775723 0.0
3.561065196990967 35.7 -5.700000000000003 -22.80000000000001 -5.700000000000003 -129.80807957649228 0.0
3.5717380046844482 35.7 -5.700000000000003 -22.80000000000001 -5.700000000000003 -129.86891458034512 0.0
3.583744764328003 35.7 -5.700000000000003 -22.80000000000001 -5.700000000000003 -129.93735311031338 0.0
3.595959186553955 35.5 -5.5 -22.0 -5.5 -130.00453243255612 16.374086002615837
3.6070501804351807 35.5 -5.5 -22.0 -5.5 -130.06553289890286 0.0
3.61726713180542 35.5 -5.5 -22.0 -5.5 -130.12172613143917 0.0
3.628124713897705 35.5 -5.5 -22.0 -5.5 -130.18144283294674 0.0
3.6387791633605957 35.5 -5.5 -22.0 -5.5 -130.24004230499264 0.0
3.6503775119781494 35.3 -5.299999999999997 -21.19999999999999 -5.299999999999997 -130.30151355266568 17.243834152157625
3.6611945629119873 35.3 -5.299999999999997 -21.19999999999999 -5.299999999999997 -130.35884392261502 0.0
3.672253131866455 34.8 -4.799999999999997 -19.19999999999999 -4.799999999999997 -130.41192505359646 45.213806782657436
3.683911085128784 34.8 -4.799999999999997 -19.19999999999999 -4.799999999999997 -130.46788322925565 0.0
3.696873664855957 34.8 -4.799999999999997 -19.19999999999999 -4.799999999999997 -130.5301036119461 0.0
3.707244634628296 34.8 -4.799999999999997 -19.19999999999999 -4.799999999999997 -130.57988426685333 0.0
3.718183755874634 35.3 -5.299999999999997 -21.19999999999999 -5.299999999999997 -130.63786160945892 -45.70751057059413
3.7289958000183105 35.3 -5.299999999999997 -21.19999999999999 -5.299999999999997 -130.69516544342042 0.0
3.7399446964263916 35.3 -5.299999999999997 -21.19999999999999 -5.299999999999997 -130.75319459438325 0.0
3.7513623237609863 35.3 -5.299999999999997 -21.19999999999999 -5.299999999999997 -130.8137080192566 0.0
3.7635178565979004 34.8 -4.799999999999997 -19.19999999999999 -4.799999999999997 -130.8720545768738 41.133532088498356
3.7737998962402344 34.8 -4.799999999999997 -19.19999999999999 -4.799999999999997 -130.921408367157 0.0
3.7854537963867188 34.8 -4.799999999999997 -19.19999999999999 -4.799999999999997 -130.97734708786012 0.0
3.7973856925964355 34.8 -4.799999999999997 -19.19999999999999 -4.799999999999997 -131.03462018966675 0.0
3.8082358837127686 34.9 -4.899999999999999 -19.599999999999994 -4.899999999999999 -131.0877861261368 -9.216427519831374
3.8193371295928955 34.9 -4.899999999999999 -19.599999999999994 -4.899999999999999 -131.1421822309494 0.0
3.83638596534729 34.9 -4.899999999999999 -19.599999999999994 -4.899999999999999 -131.22572152614595 0.0
3.8484115600585938 34.0 -4.0 -16.0 -4.0 -131.27382390499116 74.84037352048998
3.859592914581299 34.0 -4.0 -16.0 -4.0 -131.31854932308198 0.0
3.8696768283843994 34.0 -4.0 -16.0 -4.0 -131.35888497829438 0.0
3.88045597076416 34.0 -4.0 -16.0 -4.0 -131.40200154781343 0.0
3.8947336673736572 34.5 -4.5 -18.0 -4.5 -131.46625118255616 -35.01965433748017
3.9057998657226562 34.5 -4.5 -18.0 -4.5 -131.51604907512666 0.0
3.9160351753234863 34.5 -4.5 -18.0 -4.5 -131.5621079683304 0.0
3.9273338317871094 34.5 -4.5 -18.0 -4.5 -131.6129519224167 0.0
3.937746047973633 34.5 -4.5 -18.0 -4.5 -131.65980689525605 0.0
3.955261707305908 34.0 -4.0 -16.0 -4.0 -131.72986953258516 28.54588517137179
3.9667840003967285 33.8 -3.799999999999997 -15.199999999999989 -3.799999999999997 -131.77365424633027 17.35765601721594
3.9773809909820557 33.8 -3.799999999999997 -15.199999999999989 -3.799999999999997 -131.81392281055452 0.0
3.9880666732788086 33.8 -3.799999999999997 -15.199999999999989 -3.799999999999997 -131.8545284032822 0.0
4.000846862792969 33.8 -3.799999999999997 -15.199999999999989 -3.799999999999997 -131.903093123436 0.0
4.011184453964233 34.0 -4.0 -16.0 -4.0 -131.94444348812107 -19.346866855785695
4.022240161895752 34.0 -4.0 -16.0 -4.0 -131.98866631984714 0.0
4.032384157180786 34.0 -4.0 -16.0 -4.0 -132.02924230098728 0.0
4.0439441204071045 34.0 -4.0 -16.0 -4.0 -132.07548215389255 0.0
4.05515718460083 34.0 -4.0 -16.0 -4.0 -132.12033441066745 0.0
4.066403388977051 34.0 -4.0 -16.0 -4.0 -132.16531922817234 0.0
4.077059745788574 34.0 -4.0 -16.0 -4.0 -132.20794465541843 0.0
4.088191032409668 33.4 -3.3999999999999986 -13.599999999999994 -3.3999999999999986 -132.24579102993016 53.90212474297477
4.100954055786133 33.4 -3.3999999999999986 -13.599999999999994 -3.3999999999999986 -132.28918530941013 0.0
4.112084627151489 33.4 -3.3999999999999986 -13.599999999999994 -3.3999999999999986 -132.32702925205234 0.0
4.123505353927612 33.4 -3.3999999999999986 -13.599999999999994 -3.3999999999999986 -132.36585972309115 0.0
4.134732246398926 33.4 -3.3999999999999986 -13.599999999999994 -3.3999999999999986 -132.40403115749362 0.0
4.145071983337402 33.4 -3.3999999999999986 -13.599999999999994 -3.3999999999999986 -132.43918626308445 0.0
4.157163143157959 33.8 -3.799999999999997 -15.199999999999989 -3.799999999999997 -132.48513267040258 -33.08202074377872
4.16978907585144 33.8 -3.799999999999997 -15.199999999999989 -3.799999999999997 -132.5331112146378 0.0
4.181133508682251 33.6 -3.6000000000000014 -14.400000000000006 -3.6000000000000014 -132.57395117282874 17.629792778781518
4.193591833114624 33.6 -3.6000000000000014 -14.400000000000006 -3.6000000000000014 -132.61880114078528 0.0
4.205849647521973 33.6 -3.6000000000000014 -14.400000000000006 -3.6000000000000014 -132.66292927265172 0.0
4.21619176864624 33.6 -3.6000000000000014 -14.400000000000006 -3.6000000000000014 -132.70016090869908 0.0
4.227478742599487 32.9 -2.8999999999999986 -11.599999999999994 -2.8999999999999986 -132.7328931331635 62.01839420375598
4.23809552192688 32.9 -2.8999999999999986 -11.599999999999994 -2.8999999999999986 -132.76368179321292 0.0
4.249852895736694 33.0 -3.0 -12.0 -3.0 -132.79895391464237 -8.505300725960295
4.260219573974609 33.0 -3.0 -12.0 -3.0 -132.8300539493561 0.0
4.2711992263793945 33.0 -3.0 -12.0 -3.0 -132.86299290657047 0.0
4.2814600467681885 33.0 -3.0 -12.0 -3.0 -132.89377536773685 0.0
4.293694734573364 33.0 -3.0 -12.0 -3.0 -132.93047943115238 0.0
4.305002927780151 33.0 -3.0 -12.0 -3.0 -132.96440401077274 0.0
4.316004276275635 33.0 -3.0 -12.0 -3.0 -132.9974080562592 0.0
4.3262152671813965 33.0 -3.0 -12.0 -3.0 -133.02804102897647 0.0
4.337344408035278 32.8 -2.799999999999997 -11.199999999999989 -2.799999999999997 -133.05920262336736 17.970839135371623
4.3478193283081055 32.8 -2.799999999999997 -11.199999999999989 -2.799999999999997 -133.08853240013127 0.0
4.364436149597168 32.8 -2.799999999999997 -11.199999999999989 -2.799999999999997 -133.13505949974063 0.0
4.375203847885132 32.8 -2.799999999999997 -11.199999999999989 -2.799999999999997 -133.16520905494693 0.0
4.386940002441406 32.8 -2.799999999999997 -11.199999999999989 -2.799999999999997 -133.1980702877045 0.0
4.398378849029541 32.8 -2.799999999999997 -11.199999999999989 -2.799999999999997 -133.23009905815127 0.0
4.410895109176636 32.8 -2.799999999999997 -11.199999999999989 -2.799999999999997 -133.26514458656314 0.0
4.421543121337891 32.8 -2.799999999999997 -11.199999999999989 -2.799999999999997 -133.29495902061464 0.0
4.43623423576355 32.8 -2.799999999999997 -11.199999999999989 -2.799999999999997 -133.3360941410065 0.0
4.449848413467407 32.6 -2.6000000000000014 -10.400000000000006 -2.6000000000000014 -133.37149100303654 14.690567755945187
4.467076778411865 32.6 -2.6000000000000014 -10.400000000000006 -2.6000000000000014 -133.41628475189214 0.0
4.483678340911865 32.6 -2.6000000000000014 -10.400000000000006 -2.6000000000000014 -133.45944881439215 0.0
4.4980597496032715 32.6 -2.6000000000000014 -10.400000000000006 -2.6000000000000014 -133.4968404769898 0.0
4.509690284729004 32.6 -2.6000000000000014 -10.400000000000006 -2.6000000000000014 -133.52707986831672 0.0
4.52091908454895 32.6 -2.6000000000000014 -10.400000000000006 -2.6000000000000014 -133.5562747478486 0.0
4.531203269958496 32.6 -2.6000000000000014 -10.400000000000006 -2.6000000000000014 -133.5830136299134 0.0
4.541974782943726 32.6 -2.6000000000000014 -10.400000000000006 -2.6000000000000014 -133.611019563675 0.0
4.552999973297119 32.6 -2.6000000000000014 -10.400000000000006 -2.6000000000000014 -133.6396850585938 0.0
4.56438946723938 32.6 -2.6000000000000014 -10.400000000000006 -2.6000000000000014 -133.6692977428437 0.0
4.575762510299683 32.6 -2.6000000000000014 -10.400000000000006 -2.6000000000000014 -133.6988676548005 0.0
4.586030721664429 32.6 -2.6000000000000014 -10.400000000000006 -2.6000000000000014 -133.72556500434882 0.0
4.597826719284058 32.1 -2.1000000000000014 -8.400000000000006 -2.1000000000000014 -133.75033659935005 42.38725846875253
4.609800338745117 32.1 -2.1000000000000014 -8.400000000000006 -2.1000000000000014 -133.77548120021828 0.0
4.621043682098389 32.1 -2.1000000000000014 -8.400000000000006 -2.1000000000000014 -133.79909222126014 0.0
4.631470441818237 32.1 -2.1000000000000014 -8.400000000000006 -2.1000000000000014 -133.8209884166718 0.0
4.642416954040527 32.1 -2.1000000000000014 -8.400000000000006 -2.1000000000000014 -133.8439760923386 0.0
4.653502464294434 32.1 -2.1000000000000014 -8.400000000000006 -2.1000000000000014 -133.86725566387182 0.0
4.665787935256958 32.1 -2.1000000000000014 -8.400000000000006 -2.1000000000000014 -133.8930551528931 0.0
4.676032304763794 32.1 -2.1000000000000014 -8.400000000000006 -2.1000000000000014 -133.91456832885746 0.0
4.6872923374176025 32.1 -2.1000000000000014 -8.400000000000006 -2.1000000000000014 -133.93821439743044 0.0
4.698333978652954 32.1 -2.1000000000000014 -8.400000000000006 -2.1000000000000014 -133.9614018440247 0.0
4.711154937744141 32.1 -2.1000000000000014 -8.400000000000006 -2.1000000000000014 -133.98832585811618 0.0
4.721819162368774 32.1 -2.1000000000000014 -8.400000000000006 -2.1000000000000014 -134.0107207298279 0.0
4.733820199966431 32.1 -2.1000000000000014 -8.400000000000006 -2.1000000000000014 -134.035922908783 0.0
4.744073390960693 32.1 -2.1000000000000014 -8.400000000000006 -2.1000000000000014 -134.05745460987094 0.0
4.759631633758545 32.1 -2.1000000000000014 -8.400000000000006 -2.1000000000000014 -134.09012691974644 0.0
4.770136117935181 32.1 -2.1000000000000014 -8.400000000000006 -2.1000000000000014 -134.11218633651737 0.0
4.781705379486084 32.1 -2.1000000000000014 -8.400000000000006 -2.1000000000000014 -134.13648178577427 0.0
4.793549060821533 32.1 -2.1000000000000014 -8.400000000000006 -2.1000000000000014 -134.1613535165787 0.0
4.804785966873169 32.1 -2.1000000000000014 -8.400000000000006 -2.1000000000000014 -134.18495101928715 0.0
4.816162586212158 32.1 -2.1000000000000014 -8.400000000000006 -2.1000000000000014 -134.20884191989904 0.0
4.8273680210113525 32.1 -2.1000000000000014 -8.400000000000006 -2.1000000000000014 -134.23237333297735 0.0
4.837854862213135 32.1 -2.1000000000000014 -8.400000000000006 -2.1000000000000014 -134.2543956995011 0.0
4.848388910293579 32.1 -2.1000000000000014 -8.400000000000006 -2.1000000000000014 -134.27651720047 0.0
4.860275030136108 32.1 -2.1000000000000014 -8.400000000000006 -2.1000000000000014 -134.30147805213932 0.0
4.871522903442383 32.6 -2.6000000000000014 -10.400000000000006 -2.6000000000000014 -134.33072252273564 -44.45284778599741
4.882055997848511 32.6 -2.6000000000000014 -10.400000000000006 -2.6000000000000014 -134.35810856819157 0.0
4.898346662521362 32.6 -2.6000000000000014 -10.400000000000006 -2.6000000000000014 -134.40046429634097 0.0
4.910863161087036 32.6 -2.6000000000000014 -10.400000000000006 -2.6000000000000014 -134.4330071926117 0.0
4.921996355056763 32.6 -2.6000000000000014 -10.400000000000006 -2.6000000000000014 -134.461953496933 0.0
4.9323413372039795 32.6 -2.6000000000000014 -10.400000000000006 -2.6000000000000014 -134.48885045051577 0.0
4.944023609161377 32.6 -2.6000000000000014 -10.400000000000006 -2.6000000000000014 -134.519224357605 0.0
4.955986261367798 32.6 -2.6000000000000014 -10.400000000000006 -2.6000000000000014 -134.5503272533417 0.0
4.967968225479126 32.6 -2.6000000000000014 -10.400000000000006 -2.6000000000000014 -134.58148036003115 0.0
4.978351354598999 32.6 -2.6000000000000014 -10.400000000000006 -2.6000000000000014 -134.60847649574282 0.0
4.989911794662476 32.6 -2.6000000000000014 -10.400000000000006 -2.6000000000000014 -134.63853363990785 0.0
5.001285552978516 32.6 -2.6000000000000014 -10.400000000000006 -2.6000000000000014 -134.66810541152955 0.0
5.015791893005371 32.6 -2.6000000000000014 -10.400000000000006 -2.6000000000000014 -134.70582189559937 0.0
5.026221036911011 32.6 -2.6000000000000014 -10.400000000000006 -2.6000000000000014 -134.73293766975402 0.0
5.0374815464019775 32.6 -2.6000000000000014 -10.400000000000006 -2.6000000000000014 -134.76221499443054 0.0
5.047835350036621 32.6 -2.6000000000000014 -10.400000000000006 -2.6000000000000014 -134.78913488388062 0.0
5.059025526046753 32.1 -2.1000000000000014 -8.400000000000006 -2.1000000000000014 -134.8126342535019 44.68204964312347
5.070323467254639 32.1 -2.1000000000000014 -8.400000000000006 -2.1000000000000014 -134.83635993003847 0.0
5.081810474395752 32.1 -2.1000000000000014 -8.400000000000006 -2.1000000000000014 -134.8604826450348 0.0
5.092297554016113 32.1 -2.1000000000000014 -8.400000000000006 -2.1000000000000014 -134.88250551223757 0.0
5.121057033538818 32.1 -2.1000000000000014 -8.400000000000006 -2.1000000000000014 -134.94290041923526 0.0
5.131362199783325 32.1 -2.1000000000000014 -8.400000000000006 -2.1000000000000014 -134.9645412683487 0.0
5.142035961151123 32.1 -2.1000000000000014 -8.400000000000006 -2.1000000000000014 -134.98695616722108 0.0
5.153505325317383 32.1 -2.1000000000000014 -8.400000000000006 -2.1000000000000014 -135.01104183197023 0.0
5.1694183349609375 32.1 -2.1000000000000014 -8.400000000000006 -2.1000000000000014 -135.0444591522217 0.0
5.179904222488403 32.1 -2.1000000000000014 -8.400000000000006 -2.1000000000000014 -135.06647951602937 0.0
5.191209554672241 32.1 -2.1000000000000014 -8.400000000000006 -2.1000000000000014 -135.09022071361542 0.0
5.203031778335571 32.1 -2.1000000000000014 -8.400000000000006 -2.1000000000000014 -135.11504738330842 0.0
5.215761184692383 32.1 -2.1000000000000014 -8.400000000000006 -2.1000000000000014 -135.14177913665773 0.0
5.2261576652526855 32.1 -2.1000000000000014 -8.400000000000006 -2.1000000000000014 -135.16361174583437 0.0
5.237237215042114 32.1 -2.1000000000000014 -8.400000000000006 -2.1000000000000014 -135.18687880039218 0.0
5.247664213180542 32.1 -2.1000000000000014 -8.400000000000006 -2.1000000000000014 -135.20877549648287 0.0
5.258967876434326 32.1 -2.1000000000000014 -8.400000000000006 -2.1000000000000014 -135.23251318931582 0.0
5.270159006118774 32.1 -2.1000000000000014 -8.400000000000006 -2.1000000000000014 -135.25601456165316 0.0
5.28071665763855 32.1 -2.1000000000000014 -8.400000000000006 -2.1000000000000014 -135.2781856298447 0.0
5.29184889793396 32.1 -2.1000000000000014 -8.400000000000006 -2.1000000000000014 -135.30156333446507 0.0
5.303438901901245 32.1 -2.1000000000000014 -8.400000000000006 -2.1000000000000014 -135.32590234279638 0.0
5.314279079437256 32.1 -2.1000000000000014 -8.400000000000006 -2.1000000000000014 -135.34866671562202 0.0
5.326404571533203 32.1 -2.1000000000000014 -8.400000000000006 -2.1000000000000014 -135.3741302490235 0.0
5.3375632762908936 32.1 -2.1000000000000014 -8.400000000000006 -2.1000000000000014 -135.39756352901463 0.0
5.347836494445801 32.1 -2.1000000000000014 -8.400000000000006 -2.1000000000000014 -135.41913728713993 0.0
5.359000205993652 32.1 -2.1000000000000014 -8.400000000000006 -2.1000000000000014 -135.44258108139041 0.0
5.370332717895508 32.1 -2.1000000000000014 -8.400000000000006 -2.1000000000000014 -135.46637935638432 0.0
5.3818230628967285 32.1 -2.1000000000000014 -8.400000000000006 -2.1000000000000014 -135.49050908088688 0.0
5.395937919616699 32.1 -2.1000000000000014 -8.400000000000006 -2.1000000000000014 -135.52015027999883 0.0
5.407625198364258 32.1 -2.1000000000000014 -8.400000000000006 -2.1000000000000014 -135.5446935653687 0.0
5.4202704429626465 32.1 -2.1000000000000014 -8.400000000000006 -2.1000000000000014 -135.5712485790253 0.0
5.430845737457275 32.1 -2.1000000000000014 -8.400000000000006 -2.1000000000000014 -135.59345669746403 0.0
5.441467046737671 32.1 -2.1000000000000014 -8.400000000000006 -2.1000000000000014 -135.61576144695286 0.0
5.4539759159088135 32.1 -2.1000000000000014 -8.400000000000006 -2.1000000000000014 -135.64203007221226 0.0
5.464247465133667 32.1 -2.1000000000000014 -8.400000000000006 -2.1000000000000014 -135.66360032558447 0.0
5.477377653121948 32.1 -2.1000000000000014 -8.400000000000006 -2.1000000000000014 -135.69117372035987 0.0
5.487672328948975 32.1 -2.1000000000000014 -8.400000000000006 -2.1000000000000014 -135.71279253959662 0.0
5.499872922897339 32.1 -2.1000000000000014 -8.400000000000006 -2.1000000000000014 -135.73841378688817 0.0
5.511688947677612 32.1 -2.1000000000000014 -8.400000000000006 -2.1000000000000014 -135.76322743892675 0.0
5.524770975112915 32.1 -2.1000000000000014 -8.400000000000006 -2.1000000000000014 -135.79069969654088 0.0
5.535763740539551 32.1 -2.1000000000000014 -8.400000000000006 -2.1000000000000014 -135.81378450393683 0.0
5.546021223068237 32.1 -2.1000000000000014 -8.400000000000006 -2.1000000000000014 -135.83532521724706 0.0
5.561164617538452 32.1 -2.1000000000000014 -8.400000000000006 -2.1000000000000014 -135.86712634563452 0.0
5.573040962219238 32.1 -2.1000000000000014 -8.400000000000006 -2.1000000000000014 -135.89206666946416 0.0
5.5843400955200195 32.1 -2.1000000000000014 -8.400000000000006 -2.1000000000000014 -135.9157948493958 0.0
5.595820426940918 32.1 -2.1000000000000014 -8.400000000000006 -2.1000000000000014 -135.9399035453797 0.0
5.606832027435303 32.1 -2.1000000000000014 -8.400000000000006 -2.1000000000000014 -135.96302790641792 0.0
5.617324352264404 32.1 -2.1000000000000014 -8.400000000000006 -2.1000000000000014 -135.98506178855902 0.0
5.629976987838745 32.1 -2.1000000000000014 -8.400000000000006 -2.1000000000000014 -136.01163232326513 0.0
5.6408257484436035 32.1 -2.1000000000000014 -8.400000000000006 -2.1000000000000014 -136.03441472053532 0.0
5.65174674987793 32.1 -2.1000000000000014 -8.400000000000006 -2.1000000000000014 -136.05734882354741 0.0
5.662095308303833 32.1 -2.1000000000000014 -8.400000000000006 -2.1000000000000014 -136.0790807962418 0.0
5.6749207973480225 32.1 -2.1000000000000014 -8.400000000000006 -2.1000000000000014 -136.1060143232346 0.0
5.685669660568237 32.1 -2.1000000000000014 -8.400000000000006 -2.1000000000000014 -136.12858693599705 0.0
5.696413040161133 32.1 -2.1000000000000014 -8.400000000000006 -2.1000000000000014 -136.15114803314214 0.0
5.7075111865997314 32.1 -2.1000000000000014 -8.400000000000006 -2.1000000000000014 -136.1744541406632 0.0
5.717807054519653 32.1 -2.1000000000000014 -8.400000000000006 -2.1000000000000014 -136.19607546329502 0.0
5.730349063873291 32.1 -2.1000000000000014 -8.400000000000006 -2.1000000000000014 -136.22241368293766 0.0
5.741156578063965 32.1 -2.1000000000000014 -8.400000000000006 -2.1000000000000014 -136.24510946273807 0.0
5.751955986022949 32.1 -2.1000000000000014 -8.400000000000006 -2.1000000000000014 -136.26778821945194 0.0
5.762338161468506 32.1 -2.1000000000000014 -8.400000000000006 -2.1000000000000014 -136.28959078788762 0.0
5.775135040283203 32.1 -2.1000000000000014 -8.400000000000006 -2.1000000000000014 -136.31646423339848 0.0
5.7856714725494385 32.1 -2.1000000000000014 -8.400000000000006 -2.1000000000000014 -136.33859074115756 0.0
5.797961950302124 32.1 -2.1000000000000014 -8.400000000000006 -2.1000000000000014 -136.3644007444382 0.0
5.808218240737915 32.1 -2.1000000000000014 -8.400000000000006 -2.1000000000000014 -136.38593895435335 0.0
5.819563865661621 32.1 -2.1000000000000014 -8.400000000000006 -2.1000000000000014 -136.40976476669314 0.0
5.831539630889893 32.1 -2.1000000000000014 -8.400000000000006 -2.1000000000000014 -136.4349138736725 0.0
5.842425584793091 32.1 -2.1000000000000014 -8.400000000000006 -2.1000000000000014 -136.45777437686922 0.0
5.853527307510376 32.1 -2.1000000000000014 -8.400000000000006 -2.1000000000000014 -136.48108799457552 0.0
5.864368915557861 32.1 -2.1000000000000014 -8.400000000000006 -2.1000000000000014 -136.50385537147523 0.0
5.87594747543335 32.1 -2.1000000000000014 -8.400000000000006 -2.1000000000000014 -136.52817034721375 0.0
5.887049436569214 32.1 -2.1000000000000014 -8.400000000000006 -2.1000000000000014 -136.55148446559906 0.0
5.89803671836853 32.1 -2.1000000000000014 -8.400000000000006 -2.1000000000000014 -136.57455775737762 0.0
5.914129018783569 32.1 -2.1000000000000014 -8.400000000000006 -2.1000000000000014 -136.6083515882492 0.0
5.926827430725098 32.1 -2.1000000000000014 -8.400000000000006 -2.1000000000000014 -136.63501825332642 0.0
5.938096523284912 32.1 -2.1000000000000014 -8.400000000000006 -2.1000000000000014 -136.65868334770204 0.0
5.948413610458374 32.1 -2.1000000000000014 -8.400000000000006 -2.1000000000000014 -136.6803492307663 0.0
5.964136600494385 32.1 -2.1000000000000014 -8.400000000000006 -2.1000000000000014 -136.71336750984193 0.0
5.9778337478637695 32.1 -2.1000000000000014 -8.400000000000006 -2.1000000000000014 -136.74213151931764 0.0
5.9882519245147705 32.1 -2.1000000000000014 -8.400000000000006 -2.1000000000000014 -136.76400969028475 0.0
6.000198602676392 32.1 -2.1000000000000014 -8.400000000000006 -2.1000000000000014 -136.78909771442414 0.0
6.0107316970825195 32.1 -2.1000000000000014 -8.400000000000006 -2.1000000000000014 -136.811217212677 0.0
6.024343490600586 32.1 -2.1000000000000014 -8.400000000000006 -2.1000000000000014 -136.83980197906496 0.0
6.037702560424805 32.1 -2.1000000000000014 -8.400000000000006 -2.1000000000000014 -136.86785602569583 0.0
6.048356056213379 32.6 -2.6000000000000014 -10.400000000000006 -2.6000000000000014 -136.89555511474612 -46.932951391997136
6.0592100620269775 32.6 -2.6000000000000014 -10.400000000000006 -2.6000000000000014 -136.92377552986147 0.0
6.0701916217803955 32.6 -2.6000000000000014 -10.400000000000006 -2.6000000000000014 -136.95232758522036 0.0
6.081790447235107 32.6 -2.6000000000000014 -10.400000000000006 -2.6000000000000014 -136.9824845314026 0.0
6.094326019287109 32.1 -2.1000000000000014 -8.400000000000006 -2.1000000000000014 -137.0088092327118 39.8864924493134
6.1054582595825195 32.1 -2.1000000000000014 -8.400000000000006 -2.1000000000000014 -137.03218693733217 0.0
6.116309642791748 32.1 -2.1000000000000014 -8.400000000000006 -2.1000000000000014 -137.05497484207154 0.0
6.126951456069946 32.1 -2.1000000000000014 -8.400000000000006 -2.1000000000000014 -137.07732264995576 0.0
6.1392881870269775 32.1 -2.1000000000000014 -8.400000000000006 -2.1000000000000014 -137.10322978496552 0.0
6.14963436126709 32.1 -2.1000000000000014 -8.400000000000006 -2.1000000000000014 -137.12495675086976 0.0
6.160886764526367 32.6 -2.6000000000000014 -10.400000000000006 -2.6000000000000014 -137.15421299934388 -44.43495211458598
6.171313285827637 32.6 -2.6000000000000014 -10.400000000000006 -2.6000000000000014 -137.1813219547272 0.0
6.183938026428223 32.1 -2.1000000000000014 -8.400000000000006 -2.1000000000000014 -137.20783390998844 39.60477413506572
6.194982528686523 32.1 -2.1000000000000014 -8.400000000000006 -2.1000000000000014 -137.23102736473086 0.0
6.2059361934661865 32.6 -2.6000000000000014 -10.400000000000006 -2.6000000000000014 -137.25950689315798 -45.64682323748993
6.21700644493103 32.6 -2.6000000000000014 -10.400000000000006 -2.6000000000000014 -137.28828954696658 0.0
6.227303743362427 32.2 -2.200000000000003 -8.800000000000011 -2.200000000000003 -137.31094360351565 38.84514007872179
6.239988803863525 32.2 -2.200000000000003 -8.800000000000011 -2.200000000000003 -137.33885073661807 0.0
6.2504494190216064 32.6 -2.6000000000000014 -10.400000000000006 -2.6000000000000014 -137.36604833602908 -38.23866894586881
6.261756658554077 32.6 -2.6000000000000014 -10.400000000000006 -2.6000000000000014 -137.3954471588135 0.0
6.272132873535156 32.6 -2.6000000000000014 -10.400000000000006 -2.6000000000000014 -137.42242531776432 0.0
6.285023927688599 32.6 -2.6000000000000014 -10.400000000000006 -2.6000000000000014 -137.45594205856327 0.0
6.296329498291016 32.2 -2.200000000000003 -8.800000000000011 -2.200000000000003 -137.48081431388857 35.38078829161294
6.307581663131714 32.2 -2.200000000000003 -8.800000000000011 -2.200000000000003 -137.5055690765381 0.0
6.317863464355469 32.2 -2.200000000000003 -8.800000000000011 -2.200000000000003 -137.52818903923037 0.0
6.329053163528442 32.2 -2.200000000000003 -8.800000000000011 -2.200000000000003 -137.55280637741092 0.0
6.341027021408081 32.2 -2.200000000000003 -8.800000000000011 -2.200000000000003 -137.57914886474612 0.0
6.351866722106934 32.6 -2.6000000000000014 -10.400000000000006 -2.6000000000000014 -137.60733208656313 -36.90138788078729
6.367695569992065 32.6 -2.6000000000000014 -10.400000000000006 -2.6000000000000014 -137.64848709106448 0.0
6.378155946731567 32.6 -2.6000000000000014 -10.400000000000006 -2.6000000000000014 -137.67568407058718 0.0
6.39080023765564 32.2 -2.200000000000003 -8.800000000000011 -2.200000000000003 -137.70350151062013 31.63483048610314
6.402245759963989 32.2 -2.200000000000003 -8.800000000000011 -2.200000000000003 -137.7286816596985 0.0
6.4138007164001465 32.6 -2.6000000000000014 -10.400000000000006 -2.6000000000000014 -137.75872454643252 -34.617179407819954
6.4243669509887695 32.6 -2.6000000000000014 -10.400000000000006 -2.6000000000000014 -137.78619675636293 0.0
6.436671733856201 32.1 -2.1000000000000014 -8.400000000000006 -2.1000000000000014 -137.81203680038453 40.63460569657043
6.4475016593933105 32.1 -2.1000000000000014 -8.400000000000006 -2.1000000000000014 -137.83477964401246 0.0
6.457976818084717 32.1 -2.1000000000000014 -8.400000000000006 -2.1000000000000014 -137.85677747726442 0.0
6.468951225280762 32.1 -2.1000000000000014 -8.400000000000006 -2.1000000000000014 -137.8798237323761 0.0
6.480200290679932 32.1 -2.1000000000000014 -8.400000000000006 -2.1000000000000014 -137.90344676971438 0.0
6.492367267608643 32.1 -2.1000000000000014 -8.400000000000006 -2.1000000000000014 -137.92899742126468 0.0
6.503661870956421 32.1 -2.1000000000000014 -8.400000000000006 -2.1000000000000014 -137.952716088295 0.0
6.5178093910217285 32.1 -2.1000000000000014 -8.400000000000006 -2.1000000000000014 -137.98242588043215 0.0
6.532097578048706 32.1 -2.1000000000000014 -8.400000000000006 -2.1000000000000014 -138.0124310731888 0.0
6.548311233520508 32.1 -2.1000000000000014 -8.400000000000006 -2.1000000000000014 -138.04647974967958 0.0
6.562369346618652 32.1 -2.1000000000000014 -8.400000000000006 -2.1000000000000014 -138.07600178718567 0.0
6.577881813049316 32.1 -2.1000000000000014 -8.400000000000006 -2.1000000000000014 -138.10857796669006 0.0
6.593768358230591 32.1 -2.1000000000000014 -8.400000000000006 -2.1000000000000014 -138.14193971157073 0.0
6.604900598526001 32.1 -2.1000000000000014 -8.400000000000006 -2.1000000000000014 -138.1653174161911 0.0
6.61523962020874 32.1 -2.1000000000000014 -8.400000000000006 -2.1000000000000014 -138.18702936172485 0.0
6.6263267993927 32.1 -2.1000000000000014 -8.400000000000006 -2.1000000000000014 -138.21031243801116 0.0
6.6377270221710205 32.1 -2.1000000000000014 -8.400000000000006 -2.1000000000000014 -138.23425290584564 0.0
6.6492085456848145 32.1 -2.1000000000000014 -8.400000000000006 -2.1000000000000014 -138.25836410522462 0.0
6.659514904022217 32.1 -2.1000000000000014 -8.400000000000006 -2.1000000000000014 -138.28000745773315 0.0
6.670302867889404 32.1 -2.1000000000000014 -8.400000000000006 -2.1000000000000014 -138.30266218185423 0.0
6.681013345718384 32.1 -2.1000000000000014 -8.400000000000006 -2.1000000000000014 -138.32515418529508 0.0
6.694379806518555 32.1 -2.1000000000000014 -8.400000000000006 -2.1000000000000014 -138.35322375297542 0.0
6.705191135406494 32.1 -2.1000000000000014 -8.400000000000006 -2.1000000000000014 -138.3759275436401 0.0
6.716326475143433 32.1 -2.1000000000000014 -8.400000000000006 -2.1000000000000014 -138.39931175708767 0.0
6.726933002471924 32.1 -2.1000000000000014 -8.400000000000006 -2.1000000000000014 -138.42158546447752 0.0
6.7376837730407715 32.1 -2.1000000000000014 -8.400000000000006 -2.1000000000000014 -138.4441620826721 0.0
6.749494791030884 32.1 -2.1000000000000014 -8.400000000000006 -2.1000000000000014 -138.46896522045134 0.0
6.764782905578613 32.1 -2.1000000000000014 -8.400000000000006 -2.1000000000000014 -138.50107026100156 0.0
6.775235414505005 32.1 -2.1000000000000014 -8.400000000000006 -2.1000000000000014 -138.523020529747 0.0
6.786939859390259 32.1 -2.1000000000000014 -8.400000000000006 -2.1000000000000014 -138.54759986400603 0.0
6.798263788223267 32.1 -2.1000000000000014 -8.400000000000006 -2.1000000000000014 -138.57138011455535 0.0
6.809680223464966 32.1 -2.1000000000000014 -8.400000000000006 -2.1000000000000014 -138.59535462856292 0.0
6.820196628570557 32.1 -2.1000000000000014 -8.400000000000006 -2.1000000000000014 -138.61743907928465 0.0
6.8314878940582275 32.1 -2.1000000000000014 -8.400000000000006 -2.1000000000000014 -138.64115073680875 0.0
6.843418836593628 32.1 -2.1000000000000014 -8.400000000000006 -2.1000000000000014 -138.6662057161331 0.0
6.8543925285339355 32.6 -2.6000000000000014 -10.400000000000006 -2.6000000000000014 -138.69473731517792 -45.56351706606991
6.865069150924683 32.6 -2.6000000000000014 -10.400000000000006 -2.6000000000000014 -138.72249653339387 0.0
6.876439094543457 32.2 -2.200000000000003 -8.800000000000011 -2.200000000000003 -138.74751040935516 35.18047348445121
6.887161731719971 32.2 -2.200000000000003 -8.800000000000011 -2.200000000000003 -138.77110021114348 0.0
6.900015354156494 32.2 -2.200000000000003 -8.800000000000011 -2.200000000000003 -138.79937818050382 0.0
6.913623571395874 32.2 -2.200000000000003 -8.800000000000011 -2.200000000000003 -138.82931625843045 0.0
6.9282190799713135 32.2 -2.200000000000003 -8.800000000000011 -2.200000000000003 -138.86142637729643 0.0
6.939908981323242 32.2 -2.200000000000003 -8.800000000000011 -2.200000000000003 -138.88714416027068 0.0
6.95291543006897 30.8 -0.8000000000000007 -3.200000000000003 -0.8000000000000007 -138.89754931926726 107.63891261708814
6.964003324508667 30.8 -0.8000000000000007 -3.200000000000003 -0.8000000000000007 -138.906419634819 0.0
6.975023508071899 30.8 -0.8000000000000007 -3.200000000000003 -0.8000000000000007 -138.9152357816696 0.0
6.986749649047852 30.8 -0.8000000000000007 -3.200000000000003 -0.8000000000000007 -138.92461669445035 0.0
6.999599456787109 32.2 -2.200000000000003 -8.800000000000011 -2.200000000000003 -138.95288627147673 -108.95104645984877
7.010011196136475 32.2 -2.200000000000003 -8.800000000000011 -2.200000000000003 -138.97579209804533 0.0
7.02103328704834 32.2 -2.200000000000003 -8.800000000000011 -2.200000000000003 -139.00004069805144 0.0
7.031314134597778 32.2 -2.200000000000003 -8.800000000000011 -2.200000000000003 -139.0226585626602 0.0
7.044954299926758 32.6 -2.6000000000000014 -10.400000000000006 -2.6000000000000014 -139.05812299251556 -29.325157749383756
7.056285381317139 32.6 -2.6000000000000014 -10.400000000000006 -2.6000000000000014 -139.08758380413056 0.0
7.067435264587402 32.6 -2.6000000000000014 -10.400000000000006 -2.6000000000000014 -139.11657350063325 0.0
7.077727794647217 32.6 -2.6000000000000014 -10.400000000000006 -2.6000000000000014 -139.14333407878877 0.0
7.089133977890015 32.2 -2.200000000000003 -8.800000000000011 -2.200000000000003 -139.16842768192294 35.06869839677252
7.10106086730957 32.2 -2.200000000000003 -8.800000000000011 -2.200000000000003 -139.19466683864596 0.0
7.112131595611572 32.2 -2.200000000000003 -8.800000000000011 -2.200000000000003 -139.21902244091035 0.0
7.1234681606292725 32.2 -2.200000000000003 -8.800000000000011 -2.200000000000003 -139.24396288394928 0.0
7.134321928024292 32.2 -2.200000000000003 -8.800000000000011 -2.200000000000003 -139.2678411722183 0.0
7.14583945274353 32.2 -2.200000000000003 -8.800000000000011 -2.200000000000003 -139.29317972660064 0.0
7.157015800476074 32.6 -2.6000000000000014 -10.400000000000006 -2.6000000000000014 -139.32223823070527 -35.78986709900365
7.171717405319214 32.6 -2.6000000000000014 -10.400000000000006 -2.6000000000000014 -139.36046240329742 0.0
7.183675289154053 32.6 -2.6000000000000014 -10.400000000000006 -2.6000000000000014 -139.391552901268 0.0
7.194983959197998 32.6 -2.6000000000000014 -10.400000000000006 -2.6000000000000014 -139.42095544338227 0.0
7.20737624168396 32.6 -2.6000000000000014 -10.400000000000006 -2.6000000000000014 -139.45317537784578 0.0
7.217752456665039 32.6 -2.6000000000000014 -10.400000000000006 -2.6000000000000014 -139.4801535367966 0.0
7.228426694869995 32.2 -2.200000000000003 -8.800000000000011 -2.200000000000003 -139.5036368608475 37.4734001920885
7.239439487457275 32.2 -2.200000000000003 -8.800000000000011 -2.200000000000003 -139.52786500453954 0.0
7.2512593269348145 32.0 -2.0 -8.0 -2.0 -139.5515046834946 16.920703566241972
7.261907339096069 32.0 -2.0 -8.0 -2.0 -139.57280070781712 0.0
7.272969722747803 30.3 -0.3000000000000007 -1.2000000000000028 -0.3000000000000007 -139.57611942291265 153.6739326278583
7.283791542053223 30.3 -0.3000000000000007 -1.2000000000000028 -0.3000000000000007 -139.57936596870428 0.0
7.295792102813721 30.3 -0.3000000000000007 -1.2000000000000028 -0.3000000000000007 -139.58296613693244 0.0
7.3075525760650635 30.3 -0.3000000000000007 -1.2000000000000028 -0.3000000000000007 -139.58649427890785 0.0
7.318055629730225 32.0 -2.0 -8.0 -2.0 -139.60750038623817 -161.85768960116218
7.328402519226074 32.0 -2.0 -8.0 -2.0 -139.62819416522987 0.0
7.3395912647247314 32.0 -2.0 -8.0 -2.0 -139.65057165622719 0.0
7.353889226913452 32.0 -2.0 -8.0 -2.0 -139.67916758060463 0.0
7.365213871002197 32.1 -2.1000000000000014 -8.400000000000006 -2.1000000000000014 -139.702949333191 -8.830299585254552
7.376206636428833 32.1 -2.1000000000000014 -8.400000000000006 -2.1000000000000014 -139.72603414058693 0.0
7.402186393737793 32.1 -2.1000000000000014 -8.400000000000006 -2.1000000000000014 -139.78059163093576 0.0
7.424933433532715 32.0 -2.0 -8.0 -2.0 -139.8260857105256 4.396176421264527
7.436308145523071 30.3 -0.3000000000000007 -1.2000000000000028 -0.3000000000000007 -139.82949812412272 149.45433356389773
7.447675704956055 30.3 -0.3000000000000007 -1.2000000000000028 -0.3000000000000007 -139.83290839195263 0.0
7.459511756896973 30.3 -0.3000000000000007 -1.2000000000000028 -0.3000000000000007 -139.83645920753492 0.0
7.470252513885498 30.3 -0.3000000000000007 -1.2000000000000028 -0.3000000000000007 -139.83968143463147 0.0
7.4838995933532715 30.3 -0.3000000000000007 -1.2000000000000028 -0.3000000000000007 -139.8437755584718 0.0
7.495132207870483 30.3 -0.3000000000000007 -1.2000000000000028 -0.3000000000000007 -139.84714534282696 0.0
7.507251262664795 30.3 -0.3000000000000007 -1.2000000000000028 -0.3000000000000007 -139.85078105926524 0.0
7.517863035202026 30.3 -0.3000000000000007 -1.2000000000000028 -0.3000000000000007 -139.85396459102643 0.0
7.529886722564697 30.3 -0.3000000000000007 -1.2000000000000028 -0.3000000000000007 -139.85757169723522 0.0
7.5407395362854 30.3 -0.3000000000000007 -1.2000000000000028 -0.3000000000000007 -139.86082754135143 0.0
7.551849126815796 30.3 -0.3000000000000007 -1.2000000000000028 -0.3000000000000007 -139.86416041851055 0.0
7.567981004714966 30.3 -0.3000000000000007 -1.2000000000000028 -0.3000000000000007 -139.8689999818803 0.0
7.579796075820923 30.3 -0.3000000000000007 -1.2000000000000028 -0.3000000000000007 -139.87254450321208 0.0
7.591542720794678 30.3 -0.3000000000000007 -1.2000000000000028 -0.3000000000000007 -139.87606849670422 0.0
7.602923154830933 30.3 -0.3000000000000007 -1.2000000000000028 -0.3000000000000007 -139.8794826269151 0.0
7.613796234130859 30.3 -0.3000000000000007 -1.2000000000000028 -0.3000000000000007 -139.88274455070507 0.0
7.624102354049683 30.3 -0.3000000000000007 -1.2000000000000028 -0.3000000000000007 -139.88583638668072 0.0
7.63637113571167 30.3 -0.3000000000000007 -1.2000000000000028 -0.3000000000000007 -139.88951702117933 0.0
7.647046804428101 30.3 -0.3000000000000007 -1.2000000000000028 -0.3000000000000007 -139.89271972179426 0.0
7.657533884048462 30.3 -0.3000000000000007 -1.2000000000000028 -0.3000000000000007 -139.89586584568036 0.0
7.668277263641357 30.3 -0.3000000000000007 -1.2000000000000028 -0.3000000000000007 -139.89908885955822 0.0
7.680352687835693 30.3 -0.3000000000000007 -1.2000000000000028 -0.3000000000000007 -139.90271148681651 0.0
7.692206621170044 30.3 -0.3000000000000007 -1.2000000000000028 -0.3000000000000007 -139.90626766681683 0.0
7.703052997589111 30.3 -0.3000000000000007 -1.2000000000000028 -0.3000000000000007 -139.90952157974255 0.0
7.714298725128174 30.3 -0.3000000000000007 -1.2000000000000028 -0.3000000000000007 -139.91289529800426 0.0
7.725042343139648 30.3 -0.3000000000000007 -1.2000000000000028 -0.3000000000000007 -139.9161183834077 0.0
7.7372283935546875 30.3 -0.3000000000000007 -1.2000000000000028 -0.3000000000000007 -139.91977419853222 0.0
7.7475745677948 30.3 -0.3000000000000007 -1.2000000000000028 -0.3000000000000007 -139.92287805080426 0.0
7.758894681930542 30.3 -0.3000000000000007 -1.2000000000000028 -0.3000000000000007 -139.92627408504498 0.0
7.769320726394653 30.3 -0.3000000000000007 -1.2000000000000028 -0.3000000000000007 -139.9294018983842 0.0
7.782222747802734 30.3 -0.3000000000000007 -1.2000000000000028 -0.3000000000000007 -139.93327250480664 0.0
7.794075012207031 30.3 -0.3000000000000007 -1.2000000000000028 -0.3000000000000007 -139.93682818412793 0.0
7.805257797241211 32.0 -2.0 -8.0 -2.0 -139.9591937541963 -152.01937574620496
7.815685033798218 32.0 -2.0 -8.0 -2.0 -139.9800482273103 0.0
7.826309680938721 32.0 -2.0 -8.0 -2.0 -140.0012975215913 0.0
7.837626695632935 32.0 -2.0 -8.0 -2.0 -140.02393155097974 0.0
7.8483803272247314 32.0 -2.0 -8.0 -2.0 -140.04543881416333 0.0
7.858901739120483 32.0 -2.0 -8.0 -2.0 -140.06648163795484 0.0
7.871906518936157 30.3 -0.3000000000000007 -1.2000000000000028 -0.3000000000000007 -140.07038307189953 130.72116745499207
7.884400367736816 30.3 -0.3000000000000007 -1.2000000000000028 -0.3000000000000007 -140.07413122653972 0.0
7.89672064781189 30.3 -0.3000000000000007 -1.2000000000000028 -0.3000000000000007 -140.07782731056224 0.0
7.907047748565674 30.3 -0.3000000000000007 -1.2000000000000028 -0.3000000000000007 -140.08092544078838 0.0
7.917605876922607 30.3 -0.3000000000000007 -1.2000000000000028 -0.3000000000000007 -140.08409287929547 0.0
7.9279563426971436 30.3 -0.3000000000000007 -1.2000000000000028 -0.3000000000000007 -140.08719801902782 0.0
7.940162181854248 30.3 -0.3000000000000007 -1.2000000000000028 -0.3000000000000007 -140.09085977077495 0.0
7.950756311416626 30.3 -0.3000000000000007 -1.2000000000000028 -0.3000000000000007 -140.09403800964367 0.0
7.961927890777588 30.3 -0.3000000000000007 -1.2000000000000028 -0.3000000000000007 -140.09738948345196 0.0
7.977315425872803 30.3 -0.3000000000000007 -1.2000000000000028 -0.3000000000000007 -140.10200574398053 0.0
7.99690842628479 32.0 -2.0 -8.0 -2.0 -140.1411917448045 -86.76567979654166
8.007669925689697 32.0 -2.0 -8.0 -2.0 -140.16271474361432 0.0
8.018057823181152 32.0 -2.0 -8.0 -2.0 -140.18349053859723 0.0
8.029168605804443 32.0 -2.0 -8.0 -2.0 -140.2057121038438 0.0
8.0412917137146 32.0 -2.0 -8.0 -2.0 -140.22995831966412 0.0
8.052098989486694 32.0 -2.0 -8.0 -2.0 -140.2515728712083 0.0
8.062283277511597 32.0 -2.0 -8.0 -2.0 -140.27194144725811 0.0
8.07291030883789 32.0 -2.0 -8.0 -2.0 -140.2931955099107 0.0
8.08565616607666 32.0 -2.0 -8.0 -2.0 -140.31868722438824 0.0
8.097689628601074 32.0 -2.0 -8.0 -2.0 -140.34275414943707 0.0
8.108318090438843 32.0 -2.0 -8.0 -2.0 -140.3640110731126 0.0
8.118370532989502 32.0 -2.0 -8.0 -2.0 -140.38411595821393 0.0
8.12945818901062 32.0 -2.0 -8.0 -2.0 -140.40629127025616 0.0
8.140782356262207 32.0 -2.0 -8.0 -2.0 -140.42893960475934 0.0
8.151471614837646 32.0 -2.0 -8.0 -2.0 -140.45031812191021 0.0
8.161691904067993 32.0 -2.0 -8.0 -2.0 -140.4707587003709 0.0
8.172333240509033 32.0 -2.0 -8.0 -2.0 -140.492041373253 0.0
8.183683156967163 32.0 -2.0 -8.0 -2.0 -140.51474120616925 0.0
8.196203231811523 32.0 -2.0 -8.0 -2.0 -140.53978135585797 0.0
8.20630693435669 32.0 -2.0 -8.0 -2.0 -140.5599887609483 0.0
8.21703290939331 32.0 -2.0 -8.0 -2.0 -140.58144071102154 0.0
8.227160930633545 32.0 -2.0 -8.0 -2.0 -140.601696753502 0.0
8.238919734954834 32.0 -2.0 -8.0 -2.0 -140.6252143621446 0.0
8.249048471450806 32.0 -2.0 -8.0 -2.0 -140.64547183513653 0.0
8.259951114654541 32.0 -2.0 -8.0 -2.0 -140.667277121544 0.0
8.270212411880493 32.0 -2.0 -8.0 -2.0 -140.6877997159959 0.0
8.280368089675903 32.0 -2.0 -8.0 -2.0 -140.70811107158673 0.0
8.294089078903198 32.0 -2.0 -8.0 -2.0 -140.73555305004132 0.0
8.304134845733643 32.0 -2.0 -8.0 -2.0 -140.7556445837022 0.0
8.315012454986572 32.0 -2.0 -8.0 -2.0 -140.77739980220807 0.0
8.32560133934021 32.0 -2.0 -8.0 -2.0 -140.79857757091534 0.0
8.337419271469116 32.0 -2.0 -8.0 -2.0 -140.82221343517315 0.0
8.347600221633911 32.0 -2.0 -8.0 -2.0 -140.84257533550274 0.0
8.358255386352539 32.0 -2.0 -8.0 -2.0 -140.86388566494 0.0
8.373487949371338 32.0 -2.0 -8.0 -2.0 -140.8943507909776 0.0
8.384289503097534 32.0 -2.0 -8.0 -2.0 -140.91595389843 0.0
8.397217035293579 30.3 -0.3000000000000007 -1.2000000000000028 -0.3000000000000007 -140.9198321580888 131.50228320607866
8.408273220062256 30.3 -0.3000000000000007 -1.2000000000000028 -0.3000000000000007 -140.9231490135194 0.0
8.418877840042114 30.3 -0.3000000000000007 -1.2000000000000028 -0.3000000000000007 -140.92633039951338 0.0
8.429888010025024 32.0 -2.0 -8.0 -2.0 -140.9483507394792 -154.40270246860106
8.441468954086304 32.0 -2.0 -8.0 -2.0 -140.97151262760175 0.0
8.452223777770996 32.0 -2.0 -8.0 -2.0 -140.99302227497114 0.0
8.462356567382812 32.0 -2.0 -8.0 -2.0 -141.01328785419477 0.0
8.473796367645264 32.0 -2.0 -8.0 -2.0 -141.03616745471967 0.0
8.484838247299194 32.0 -2.0 -8.0 -2.0 -141.05825121402754 0.0
8.497663974761963 32.0 -2.0 -8.0 -2.0 -141.08390266895307 0.0
8.507790327072144 32.0 -2.0 -8.0 -2.0 -141.10415537357343 0.0
8.518221616744995 32.0 -2.0 -8.0 -2.0 -141.12501795291914 0.0
8.528274536132812 32.0 -2.0 -8.0 -2.0 -141.14512379169477 0.0
8.540220737457275 32.0 -2.0 -8.0 -2.0 -141.1690161943437 0.0
8.550307273864746 32.0 -2.0 -8.0 -2.0 -141.18918926715864 0.0
8.56147289276123 32.0 -2.0 -8.0 -2.0 -141.2115205049516 0.0
8.57153058052063 32.0 -2.0 -8.0 -2.0 -141.2316358804704 0.0
8.581693887710571 32.1 -2.1000000000000014 -8.400000000000006 -2.1000000000000014 -141.25297882556927 -9.839316880923477
8.598328828811646 32.1 -2.1000000000000014 -8.400000000000006 -2.1000000000000014 -141.28791220188154 0.0
8.61393404006958 32.1 -2.1000000000000014 -8.400000000000006 -2.1000000000000014 -141.3206831455232 0.0
8.627745389938354 32.0 -2.0 -8.0 -2.0 -141.34830584526074 7.240421895769061
8.642314434051514 32.0 -2.0 -8.0 -2.0 -141.37744393348706 0.0
8.656685829162598 32.0 -2.0 -8.0 -2.0 -141.40618672370923 0.0
8.666814804077148 32.0 -2.0 -8.0 -2.0 -141.42644467353833 0.0
8.677561044692993 32.0 -2.0 -8.0 -2.0 -141.44793715477002 0.0
8.687684535980225 32.0 -2.0 -8.0 -2.0 -141.46818413734448 0.0
8.700968742370605 32.0 -2.0 -8.0 -2.0 -141.49475255012524 0.0
8.711069583892822 32.0 -2.0 -8.0 -2.0 -141.51495423316968 0.0
8.721770286560059 32.0 -2.0 -8.0 -2.0 -141.53635563850415 0.0
8.731837272644043 32.0 -2.0 -8.0 -2.0 -141.55648961067212 0.0
8.744252920150757 32.1 -2.1000000000000014 -8.400000000000006 -2.1000000000000014 -141.58256247043622 -8.054352376380335
8.754844427108765 32.1 -2.1000000000000014 -8.400000000000006 -2.1000000000000014 -141.60480463504803 0.0
8.768370151519775 32.1 -2.1000000000000014 -8.400000000000006 -2.1000000000000014 -141.63320865631115 0.0
8.780008316040039 32.1 -2.1000000000000014 -8.400000000000006 -2.1000000000000014 -141.6576488018037 0.0
8.791693925857544 32.1 -2.1000000000000014 -8.400000000000006 -2.1000000000000014 -141.68218858242045 0.0
8.804410219192505 32.1 -2.1000000000000014 -8.400000000000006 -2.1000000000000014 -141.70889279842388 0.0
8.815261125564575 32.1 -2.1000000000000014 -8.400000000000006 -2.1000000000000014 -141.73167970180523 0.0
8.825821876525879 32.1 -2.1000000000000014 -8.400000000000006 -2.1000000000000014 -141.75385727882397 0.0
8.836872339248657 32.1 -2.1000000000000014 -8.400000000000006 -2.1000000000000014 -141.7770632505418 0.0
8.847976922988892 32.1 -2.1000000000000014 -8.400000000000006 -2.1000000000000014 -141.8003828763963 0.0
8.858755588531494 32.1 -2.1000000000000014 -8.400000000000006 -2.1000000000000014 -141.82301807403576 0.0
8.869753360748291 32.1 -2.1000000000000014 -8.400000000000006 -2.1000000000000014 -141.84611339569102 0.0
8.880154609680176 32.1 -2.1000000000000014 -8.400000000000006 -2.1000000000000014 -141.86795601844798 0.0
8.89167857170105 32.0 -2.0 -8.0 -2.0 -141.89100394248973 8.677571118237426
8.90427279472351 32.0 -2.0 -8.0 -2.0 -141.91619238853465 0.0
8.915133953094482 32.0 -2.0 -8.0 -2.0 -141.9379147052766 0.0
8.925612688064575 32.0 -2.0 -8.0 -2.0 -141.95887217521678 0.0
8.936166763305664 32.0 -2.0 -8.0 -2.0 -141.97998032569896 0.0
8.947190284729004 32.0 -2.0 -8.0 -2.0 -142.00202736854564 0.0
8.95785140991211 32.0 -2.0 -8.0 -2.0 -142.02334961891185 0.0
8.967967987060547 32.0 -2.0 -8.0 -2.0 -142.04358277320873 0.0
8.978929281234741 32.0 -2.0 -8.0 -2.0 -142.06550536155711 0.0
8.989126443862915 32.0 -2.0 -8.0 -2.0 -142.08589968681346 0.0
9.001332998275757 32.0 -2.0 -8.0 -2.0 -142.11031279563915 0.0
9.011985540390015 32.0 -2.0 -8.0 -2.0 -142.13161787986766 0.0
9.023625373840332 32.0 -2.0 -8.0 -2.0 -142.1548975467683 0.0
9.03829026222229 32.0 -2.0 -8.0 -2.0 -142.1842273235322 0.0
9.051190376281738 32.0 -2.0 -8.0 -2.0 -142.2100275516511 0.0
9.06125521659851 32.0 -2.0 -8.0 -2.0 -142.23015723228465 0.0
9.072077751159668 32.0 -2.0 -8.0 -2.0 -142.25180230140697 0.0
9.08223295211792 32.0 -2.0 -8.0 -2.0 -142.27211270332347 0.0
9.096040487289429 32.0 -2.0 -8.0 -2.0 -142.2997277736665 0.0
9.107635259628296 32.0 -2.0 -8.0 -2.0 -142.32291731834422 0.0
9.118050336837769 32.0 -2.0 -8.0 -2.0 -142.34374747276317 0.0
9.128143787384033 32.0 -2.0 -8.0 -2.0 -142.3639343738557 0.0
