0 0
0.0003323554992675781 92.3 -62.3 -2492.0
0.034967660903930664 92.3 -62.3 -2492.0
0.04470396041870117 92.3 -62.3 -2492.0
0.05437064170837402 92.3 -62.3 -2492.0
0.06546926498413086 92.3 -62.3 -2492.0
0.07625198364257812 92.3 -62.3 -2492.0
0.08654212951660156 92.3 -62.3 -2492.0
0.09641361236572266 92.3 -62.3 -2492.0
0.10688209533691406 92.3 -62.3 -2492.0
0.11713337898254395 92.1 -62.099999999999994 -2484.0
0.12784504890441895 92.1 -62.099999999999994 -2484.0
0.13724970817565918 92.3 -62.3 -2492.0
0.1474475860595703 92.3 -62.3 -2492.0
0.15710687637329102 92.3 -62.3 -2492.0
0.1679365634918213 91.7 -61.7 -2468.0
0.17867183685302734 91.7 -61.7 -2468.0
0.18823742866516113 91.7 -61.7 -2468.0
0.19783425331115723 91.7 -61.7 -2468.0
0.2079932689666748 91.7 -61.7 -2468.0
0.2174396514892578 91.7 -61.7 -2468.0
0.22829914093017578 91.7 -61.7 -2468.0
0.23808932304382324 91.7 -61.7 -2468.0
0.24853157997131348 91.5 -61.5 -2460.0
0.2580716609954834 91.5 -61.5 -2460.0
0.2818887233734131 91.5 -61.5 -2460.0
0.29145169258117676 90.1 -60.099999999999994 -2404.0
0.30174708366394043 90.1 -60.099999999999994 -2404.0
0.31205081939697266 90.1 -60.099999999999994 -2404.0
0.32268285751342773 78.8 -48.8 -1952.0
0.33475351333618164 78.8 -48.8 -1952.0
0.3451981544494629 89.5 -59.5 -2380.0
0.3547370433807373 89.5 -59.5 -2380.0
0.36946797370910645 88.5 -58.5 -2340.0
0.38589000701904297 88.5 -58.5 -2340.0
0.3993260860443115 89.1 -59.099999999999994 -2364.0
0.4143655300140381 89.1 -59.099999999999994 -2364.0
0.4283573627471924 76.4 -46.400000000000006 -1856.0000000000002
0.4431495666503906 76.4 -46.400000000000006 -1856.0000000000002
0.45209717750549316 76.4 -46.400000000000006 -1856.0000000000002
0.4617891311645508 76.4 -46.400000000000006 -1856.0000000000002
0.47177672386169434 76.4 -46.400000000000006 -1856.0000000000002
0.4832117557525635 76.4 -46.400000000000006 -1856.0000000000002
0.4926426410675049 76.4 -46.400000000000006 -1856.0000000000002
0.5018880367279053 76.4 -46.400000000000006 -1856.0000000000002
0.5121965408325195 76.4 -46.400000000000006 -1856.0000000000002
0.521888017654419 76.4 -46.400000000000006 -1856.0000000000002
0.5332114696502686 76.4 -46.400000000000006 -1856.0000000000002
0.5422625541687012 76.4 -46.400000000000006 -1856.0000000000002
0.5519154071807861 76.4 -46.400000000000006 -1856.0000000000002
0.5614013671875 76.4 -46.400000000000006 -1856.0000000000002
0.5714385509490967 76.4 -46.400000000000006 -1856.0000000000002
0.580974817276001 76.4 -46.400000000000006 -1856.0000000000002
0.5917322635650635 76.4 -46.400000000000006 -1856.0000000000002
0.6014368534088135 76.4 -46.400000000000006 -1856.0000000000002
0.6120822429656982 76.4 -46.400000000000006 -1856.0000000000002
0.6220271587371826 76.4 -46.400000000000006 -1856.0000000000002
0.6314675807952881 76.4 -46.400000000000006 -1856.0000000000002
0.6420750617980957 76.4 -46.400000000000006 -1856.0000000000002
0.6531481742858887 81.8 -51.8 -2072.0
0.666715145111084 81.8 -51.8 -2072.0
0.676947832107544 81.8 -51.8 -2072.0
0.6874630451202393 81.8 -51.8 -2072.0
0.6973223686218262 81.8 -51.8 -2072.0
0.7079257965087891 81.8 -51.8 -2072.0
0.7177424430847168 81.8 -51.8 -2072.0
0.7271897792816162 81.8 -51.8 -2072.0
0.7381370067596436 78.6 -48.599999999999994 -1943.9999999999998
0.7480204105377197 78.6 -48.599999999999994 -1943.9999999999998
0.7582986354827881 77.3 -47.3 -1892.0
0.767859935760498 77.3 -47.3 -1892.0
0.7774579524993896 77.3 -47.3 -1892.0
0.7887578010559082 77.3 -47.3 -1892.0
0.7989168167114258 77.3 -47.3 -1892.0
0.8094043731689453 77.3 -47.3 -1892.0
0.8190336227416992 77.3 -47.3 -1892.0
0.8287308216094971 77.3 -47.3 -1892.0
0.8401970863342285 75.4 -45.400000000000006 -1816.0000000000002
0.8497560024261475 75.4 -45.400000000000006 -1816.0000000000002
0.8593003749847412 75.4 -45.400000000000006 -1816.0000000000002
0.8745613098144531 75.4 -45.400000000000006 -1816.0000000000002
0.8944833278656006 75.4 -45.400000000000006 -1816.0000000000002
0.9058611392974854 75.4 -45.400000000000006 -1816.0000000000002
0.9154434204101562 75.4 -45.400000000000006 -1816.0000000000002
0.9249656200408936 75.4 -45.400000000000006 -1816.0000000000002
0.9369087219238281 73.6 -43.599999999999994 -1743.9999999999998
0.947476863861084 73.6 -43.599999999999994 -1743.9999999999998
0.9579534530639648 72.1 -42.099999999999994 -1683.9999999999998
0.9686069488525391 72.1 -42.099999999999994 -1683.9999999999998
0.9787576198577881 72.6 -42.599999999999994 -1703.9999999999998
0.9914240837097168 72.6 -42.599999999999994 -1703.9999999999998
1.001021146774292 72.6 -42.599999999999994 -1703.9999999999998
1.0120656490325928 71.0 -41.0 -1640.0
1.0218214988708496 71.0 -41.0 -1640.0
1.0320360660552979 70.4 -40.400000000000006 -1616.0000000000002
1.0432076454162598 70.4 -40.400000000000006 -1616.0000000000002
1.0522031784057617 70.4 -40.400000000000006 -1616.0000000000002
1.0660302639007568 69.7 -39.7 -1588.0
1.0767161846160889 69.7 -39.7 -1588.0
1.087264060974121 69.3 -39.3 -1572.0
1.0980000495910645 69.3 -39.3 -1572.0
1.1090753078460693 68.2 -38.2 -1528.0
1.1187489032745361 68.2 -38.2 -1528.0
1.1282591819763184 68.2 -38.2 -1528.0
1.139014482498169 67.9 -37.900000000000006 -1516.0000000000002
1.1494739055633545 67.9 -37.900000000000006 -1516.0000000000002
1.160059928894043 67.2 -37.2 -1488.0
1.1693284511566162 67.2 -37.2 -1488.0
1.1789860725402832 67.2 -37.2 -1488.0
1.189854621887207 66.6 -36.599999999999994 -1463.9999999999998
1.2003886699676514 66.6 -36.599999999999994 -1463.9999999999998
1.2118728160858154 64.9 -34.900000000000006 -1396.0000000000002
1.2212705612182617 64.9 -34.900000000000006 -1396.0000000000002
1.2317838668823242 64.4 -34.400000000000006 -1376.0000000000002
1.2412340641021729 64.4 -34.400000000000006 -1376.0000000000002
1.2519433498382568 34.7 -4.700000000000003 -188.0000000000001
1.262742042541504 34.7 -4.700000000000003 -188.0000000000001
1.2721502780914307 34.7 -4.700000000000003 -188.0000000000001
1.2831294536590576 63.2 -33.2 -1328.0
1.2927205562591553 63.2 -33.2 -1328.0
1.3043267726898193 62.2 -32.2 -1288.0
1.3140454292297363 62.2 -32.2 -1288.0
1.3238718509674072 62.2 -32.2 -1288.0
1.3342390060424805 61.7 -31.700000000000003 -1268.0
1.3439230918884277 61.7 -31.700000000000003 -1268.0
1.35595703125 61.4 -31.4 -1256.0
1.3653314113616943 61.4 -31.4 -1256.0
1.376075029373169 60.5 -30.5 -1220.0
1.3854005336761475 60.5 -30.5 -1220.0
1.3966076374053955 60.5 -30.5 -1220.0
1.4073469638824463 59.9 -29.9 -1196.0
1.416944980621338 59.9 -29.9 -1196.0
1.4269773960113525 59.0 -29.0 -1160.0
1.4367845058441162 59.0 -29.0 -1160.0
1.4478559494018555 59.1 -29.1 -1164.0
1.4572458267211914 59.1 -29.1 -1164.0
1.4706776142120361 58.1 -28.1 -1124.0
1.481022596359253 58.1 -28.1 -1124.0
1.4909071922302246 58.1 -28.1 -1124.0
1.5052125453948975 57.2 -27.200000000000003 -1088.0
1.5153186321258545 57.2 -27.200000000000003 -1088.0
1.5261192321777344 57.4 -27.4 -1096.0
1.5354514122009277 57.4 -27.4 -1096.0
1.5454702377319336 56.3 -26.299999999999997 -1052.0
1.5565204620361328 56.3 -26.299999999999997 -1052.0
1.5661659240722656 55.1 -25.1 -1004.0
1.5763463973999023 55.1 -25.1 -1004.0
1.5860729217529297 55.1 -25.1 -1004.0
1.5963788032531738 55.3 -25.299999999999997 -1011.9999999999999
1.6074042320251465 55.3 -25.299999999999997 -1011.9999999999999
1.6177682876586914 54.6 -24.6 -984.0
1.6271605491638184 54.6 -24.6 -984.0
1.6368534564971924 54.6 -24.6 -984.0
1.6468839645385742 54.4 -24.4 -976.0
1.657435655593872 54.4 -24.4 -976.0
1.6677825450897217 54.2 -24.200000000000003 -968.0000000000001
1.6774399280548096 54.2 -24.200000000000003 -968.0000000000001
1.6871771812438965 52.7 -22.700000000000003 -908.0000000000001
1.6980416774749756 52.7 -22.700000000000003 -908.0000000000001
1.709460735321045 52.7 -22.700000000000003 -908.0000000000001
1.7199101448059082 53.2 -23.200000000000003 -928.0000000000001
1.729292392730713 53.2 -23.200000000000003 -928.0000000000001
1.7400097846984863 52.5 -22.5 -900.0
1.7492797374725342 52.5 -22.5 -900.0
1.7605838775634766 51.7 -21.700000000000003 -868.0000000000001
1.770256757736206 51.7 -21.700000000000003 -868.0000000000001
1.7798876762390137 51.7 -21.700000000000003 -868.0000000000001
1.790450096130371 50.6 -20.6 -824.0
1.8059184551239014 50.6 -20.6 -824.0
1.8161544799804688 49.6 -19.6 -784.0
1.825429916381836 49.6 -19.6 -784.0
1.8354246616363525 47.9 -17.9 -716.0
1.844879388809204 47.9 -17.9 -716.0
1.856008529663086 46.9 -16.9 -676.0
1.8701913356781006 46.9 -16.9 -676.0
1.8803274631500244 46.2 -16.200000000000003 -648.0000000000001
1.896942138671875 46.2 -16.200000000000003 -648.0000000000001
1.9081296920776367 45.6 -15.600000000000001 -624.0
1.9180004596710205 45.6 -15.600000000000001 -624.0
1.9281134605407715 45.4 -15.399999999999999 -616.0
1.9390325546264648 45.4 -15.399999999999999 -616.0
1.9493072032928467 44.1 -14.100000000000001 -564.0
1.9600679874420166 44.1 -14.100000000000001 -564.0
1.970395803451538 43.5 -13.5 -540.0
1.9806509017944336 43.5 -13.5 -540.0
1.990283489227295 43.5 -13.5 -540.0
2.0013067722320557 42.9 -12.899999999999999 -516.0
2.014096975326538 42.9 -12.899999999999999 -516.0
2.0242879390716553 42.0 -12.0 -480.0
2.0338897705078125 42.0 -12.0 -480.0
2.0440638065338135 41.2 -11.200000000000003 -448.0000000000001
2.0539166927337646 41.2 -11.200000000000003 -448.0000000000001
2.0651872158050537 41.1 -11.100000000000001 -444.00000000000006
2.0747439861297607 41.1 -11.100000000000001 -444.00000000000006
2.0844931602478027 41.1 -11.100000000000001 -444.00000000000006
2.0948259830474854 39.9 -9.899999999999999 -395.99999999999994
2.1062614917755127 39.9 -9.899999999999999 -395.99999999999994
2.1174252033233643 40.1 -10.100000000000001 -404.00000000000006
2.1270744800567627 40.1 -10.100000000000001 -404.00000000000006
2.137227773666382 39.1 -9.100000000000001 -364.00000000000006
2.1468729972839355 39.1 -9.100000000000001 -364.00000000000006
2.158601760864258 38.9 -8.899999999999999 -355.99999999999994
2.168140411376953 38.9 -8.899999999999999 -355.99999999999994
2.177995443344116 38.0 -8.0 -320.0
2.1878726482391357 38.0 -8.0 -320.0
2.197190046310425 38.0 -8.0 -320.0
2.209214687347412 37.6 -7.600000000000001 -304.00000000000006
2.21913480758667 37.6 -7.600000000000001 -304.00000000000006
2.2292470932006836 37.2 -7.200000000000003 -288.0000000000001
2.2389602661132812 37.2 -7.200000000000003 -288.0000000000001
2.249241590499878 37.0 -7.0 -280.0
2.2587509155273438 37.0 -7.0 -280.0
2.274399757385254 35.7 -5.700000000000003 -228.0000000000001
2.2844250202178955 35.7 -5.700000000000003 -228.0000000000001
2.294281005859375 34.0 -4.0 -160.0
2.305452585220337 34.0 -4.0 -160.0
2.316464900970459 34.0 -4.0 -160.0
2.326533317565918 34.0 -4.0 -160.0
2.336293935775757 34.0 -4.0 -160.0
2.3464460372924805 33.4 -3.3999999999999986 -135.99999999999994
2.356172800064087 33.4 -3.3999999999999986 -135.99999999999994
2.3672688007354736 32.8 -2.799999999999997 -111.99999999999989
2.3769114017486572 32.8 -2.799999999999997 -111.99999999999989
2.3866562843322754 32.6 -2.6000000000000014 -104.00000000000006
2.397092342376709 32.6 -2.6000000000000014 -104.00000000000006
2.407191753387451 32.6 -2.6000000000000014 -104.00000000000006
2.419137716293335 32.1 -2.1000000000000014 -84.00000000000006
2.42901873588562 32.1 -2.1000000000000014 -84.00000000000006
2.4414045810699463 32.2 -2.200000000000003 -88.00000000000011
2.455768346786499 32.0 -2.0 -80.0
2.4703528881073 32.0 -2.0 -80.0
2.4844117164611816 30.8 -0.8000000000000007 -32.00000000000003
2.4977822303771973 30.8 -0.8000000000000007 -32.00000000000003
2.510500192642212 32.0 -2.0 -80.0
2.5217933654785156 32.0 -2.0 -80.0
2.53187894821167 28.6 1.3999999999999986 55.99999999999994
2.541490316390991 28.6 1.3999999999999986 55.99999999999994
2.5520026683807373 28.2 1.8000000000000007 72.00000000000003
2.561755657196045 28.2 1.8000000000000007 72.00000000000003
2.5740461349487305 27.3 2.6999999999999993 107.99999999999997
2.583954095840454 27.3 2.6999999999999993 107.99999999999997
2.5941107273101807 27.1 2.8999999999999986 115.99999999999994
2.604449510574341 27.1 2.8999999999999986 115.99999999999994
2.614837169647217 26.7 3.3000000000000007 132.00000000000003
2.6262009143829346 26.7 3.3000000000000007 132.00000000000003
2.636465072631836 27.1 2.8999999999999986 115.99999999999994
2.6463308334350586 27.1 2.8999999999999986 115.99999999999994
2.6560282707214355 27.1 2.8999999999999986 115.99999999999994
2.6720879077911377 27.3 2.6999999999999993 107.99999999999997
2.6891536712646484 28.1 1.8999999999999986 75.99999999999994
2.699301242828369 28.1 1.8999999999999986 75.99999999999994
2.7094838619232178 29.8 0.1999999999999993 7.999999999999972
2.720719337463379 29.8 0.1999999999999993 7.999999999999972
2.731203079223633 30.4 -0.3999999999999986 -15.999999999999943
2.742732524871826 30.4 -0.3999999999999986 -15.999999999999943
2.753155469894409 30.4 -0.3999999999999986 -15.999999999999943
2.7622430324554443 30.4 -0.3999999999999986 -15.999999999999943
2.774211883544922 30.4 -0.3999999999999986 -15.999999999999943
2.783961057662964 30.4 -0.3999999999999986 -15.999999999999943
2.7933435440063477 30.4 -0.3999999999999986 -15.999999999999943
2.8052220344543457 32.0 -2.0 -80.0
2.8147454261779785 32.0 -2.0 -80.0
2.8277926445007324 30.3 -0.3000000000000007 -12.000000000000028
2.8373210430145264 30.3 -0.3000000000000007 -12.000000000000028
2.8477678298950195 30.3 -0.3000000000000007 -12.000000000000028
2.8572287559509277 30.3 -0.3000000000000007 -12.000000000000028
2.867436170578003 30.3 -0.3000000000000007 -12.000000000000028
2.879426956176758 30.3 -0.3000000000000007 -12.000000000000028
2.8901870250701904 30.3 -0.3000000000000007 -12.000000000000028
2.906514883041382 30.3 -0.3000000000000007 -12.000000000000028
2.9167749881744385 30.4 -0.3999999999999986 -15.999999999999943
2.927858352661133 30.4 -0.3999999999999986 -15.999999999999943
2.939349412918091 30.4 -0.3999999999999986 -15.999999999999943
2.949040412902832 30.4 -0.3999999999999986 -15.999999999999943
2.9597527980804443 30.2 -0.1999999999999993 -7.999999999999972
2.9703567028045654 30.2 -0.1999999999999993 -7.999999999999972
2.9817123413085938 30.3 -0.3000000000000007 -12.000000000000028
2.9912006855010986 30.3 -0.3000000000000007 -12.000000000000028
3.001051187515259 30.3 -0.3000000000000007 -12.000000000000028
3.011909008026123 30.3 -0.3000000000000007 -12.000000000000028
3.021372079849243 30.3 -0.3000000000000007 -12.000000000000028
3.0340123176574707 30.3 -0.3000000000000007 -12.000000000000028
3.043403387069702 30.3 -0.3000000000000007 -12.000000000000028
3.053419828414917 30.4 -0.3999999999999986 -15.999999999999943
3.063281536102295 30.4 -0.3999999999999986 -15.999999999999943
3.085498094558716 30.4 -0.3999999999999986 -15.999999999999943
3.0949807167053223 30.4 -0.3999999999999986 -15.999999999999943
3.1064746379852295 30.4 -0.3999999999999986 -15.999999999999943
3.116356372833252 30.4 -0.3999999999999986 -15.999999999999943
3.127408027648926 30.4 -0.3999999999999986 -15.999999999999943
3.139225721359253 30.4 -0.3999999999999986 -15.999999999999943
3.1494550704956055 30.8 -0.8000000000000007 -32.00000000000003
3.1592659950256348 30.8 -0.8000000000000007 -32.00000000000003
3.16947078704834 30.3 -0.3000000000000007 -12.000000000000028
3.1804943084716797 30.3 -0.3000000000000007 -12.000000000000028
3.1907637119293213 32.0 -2.0 -80.0
3.201260566711426 32.0 -2.0 -80.0
3.211972236633301 30.4 -0.3999999999999986 -15.999999999999943
3.2218847274780273 30.4 -0.3999999999999986 -15.999999999999943
3.2339060306549072 30.4 -0.3999999999999986 -15.999999999999943
3.2444159984588623 30.4 -0.3999999999999986 -15.999999999999943
3.254176616668701 30.4 -0.3999999999999986 -15.999999999999943
3.2644166946411133 30.3 -0.3000000000000007 -12.000000000000028
3.274218797683716 30.3 -0.3000000000000007 -12.000000000000028
3.286004066467285 29.7 0.3000000000000007 12.000000000000028
3.295865058898926 29.7 0.3000000000000007 12.000000000000028
3.30610990524292 29.8 0.1999999999999993 7.999999999999972
3.315756320953369 29.8 0.1999999999999993 7.999999999999972
3.325218439102173 29.8 0.1999999999999993 7.999999999999972
3.337043285369873 29.8 0.1999999999999993 7.999999999999972
3.3469460010528564 29.8 0.1999999999999993 7.999999999999972
3.3572311401367188 29.8 0.1999999999999993 7.999999999999972
3.366950511932373 29.8 0.1999999999999993 7.999999999999972
3.3769443035125732 29.8 0.1999999999999993 7.999999999999972
3.3903276920318604 29.8 0.1999999999999993 7.999999999999972
3.400569200515747 29.8 0.1999999999999993 7.999999999999972
3.411038875579834 29.8 0.1999999999999993 7.999999999999972
3.421875476837158 29.8 0.1999999999999993 7.999999999999972
3.432687520980835 29.8 0.1999999999999993 7.999999999999972
3.4439475536346436 29.8 0.1999999999999993 7.999999999999972
3.4533417224884033 29.8 0.1999999999999993 7.999999999999972
3.4622416496276855 29.8 0.1999999999999993 7.999999999999972
3.477177619934082 29.8 0.1999999999999993 7.999999999999972
3.488800525665283 29.8 0.1999999999999993 7.999999999999972
3.4988677501678467 29.8 0.1999999999999993 7.999999999999972
3.509209156036377 29.8 0.1999999999999993 7.999999999999972
3.519346237182617 29.8 0.1999999999999993 7.999999999999972
3.529068946838379 29.8 0.1999999999999993 7.999999999999972
3.5412402153015137 29.8 0.1999999999999993 7.999999999999972
3.5509214401245117 29.8 0.1999999999999993 7.999999999999972
3.561084747314453 29.8 0.1999999999999993 7.999999999999972
3.570913076400757 29.8 0.1999999999999993 7.999999999999972
3.582737445831299 29.8 0.1999999999999993 7.999999999999972
3.592085599899292 29.8 0.1999999999999993 7.999999999999972
3.602024793624878 30.4 -0.3999999999999986 -15.999999999999943
3.613267421722412 30.4 -0.3999999999999986 -15.999999999999943
3.622209310531616 30.4 -0.3999999999999986 -15.999999999999943
3.6343986988067627 30.4 -0.3999999999999986 -15.999999999999943
3.6445837020874023 30.4 -0.3999999999999986 -15.999999999999943
3.6547369956970215 30.4 -0.3999999999999986 -15.999999999999943
3.664710521697998 30.4 -0.3999999999999986 -15.999999999999943
3.6747865676879883 30.4 -0.3999999999999986 -15.999999999999943
3.6854913234710693 30.4 -0.3999999999999986 -15.999999999999943
3.694981098175049 30.4 -0.3999999999999986 -15.999999999999943
3.7071332931518555 30.4 -0.3999999999999986 -15.999999999999943
3.7173078060150146 30.4 -0.3999999999999986 -15.999999999999943
3.7278213500976562 30.4 -0.3999999999999986 -15.999999999999943
3.738739252090454 30.4 -0.3999999999999986 -15.999999999999943
3.749356508255005 30.2 -0.1999999999999993 -7.999999999999972
3.759063959121704 30.2 -0.1999999999999993 -7.999999999999972
3.769300699234009 30.2 -0.1999999999999993 -7.999999999999972
3.7791571617126465 30.2 -0.1999999999999993 -7.999999999999972
3.790626049041748 29.8 0.1999999999999993 7.999999999999972
3.80041766166687 29.8 0.1999999999999993 7.999999999999972
3.810603380203247 29.6 0.3999999999999986 15.999999999999943
3.8207638263702393 29.6 0.3999999999999986 15.999999999999943
3.8305206298828125 29.6 0.3999999999999986 15.999999999999943
3.8421177864074707 29.6 0.3999999999999986 15.999999999999943
3.8522355556488037 29.6 0.3999999999999986 15.999999999999943
3.8627119064331055 29.6 0.3999999999999986 15.999999999999943
3.8845632076263428 29.6 0.3999999999999986 15.999999999999943
3.9118916988372803 29.6 0.3999999999999986 15.999999999999943
3.9233157634735107 29.6 0.3999999999999986 15.999999999999943
3.9340500831604004 29.6 0.3999999999999986 15.999999999999943
3.9434924125671387 29.6 0.3999999999999986 15.999999999999943
3.955430269241333 29.8 0.1999999999999993 7.999999999999972
3.966475248336792 29.8 0.1999999999999993 7.999999999999972
3.9772098064422607 29.8 0.1999999999999993 7.999999999999972
3.986945867538452 29.8 0.1999999999999993 7.999999999999972
3.997394561767578 29.8 0.1999999999999993 7.999999999999972
4.00871467590332 29.8 0.1999999999999993 7.999999999999972
4.018633127212524 29.7 0.3000000000000007 12.000000000000028
4.030243158340454 29.7 0.3000000000000007 12.000000000000028
4.03997802734375 29.7 0.3000000000000007 12.000000000000028
4.050027847290039 29.7 0.3000000000000007 12.000000000000028
4.060927867889404 29.7 0.3000000000000007 12.000000000000028
4.071091651916504 29.7 0.3000000000000007 12.000000000000028
4.081040620803833 29.7 0.3000000000000007 12.000000000000028
4.091500997543335 29.7 0.3000000000000007 12.000000000000028
4.101043462753296 29.7 0.3000000000000007 12.000000000000028
4.113840818405151 29.7 0.3000000000000007 12.000000000000028
4.123263359069824 29.7 0.3000000000000007 12.000000000000028
4.132699251174927 29.7 0.3000000000000007 12.000000000000028
4.143779993057251 29.7 0.3000000000000007 12.000000000000028
4.153470516204834 29.7 0.3000000000000007 12.000000000000028
4.164669036865234 30.3 -0.3000000000000007 -12.000000000000028
4.174428701400757 30.3 -0.3000000000000007 -12.000000000000028
4.184758901596069 30.3 -0.3000000000000007 -12.000000000000028
4.194527864456177 30.3 -0.3000000000000007 -12.000000000000028
4.205296277999878 30.3 -0.3000000000000007 -12.000000000000028
4.216190576553345 30.3 -0.3000000000000007 -12.000000000000028
4.225931167602539 30.3 -0.3000000000000007 -12.000000000000028
4.236318588256836 30.3 -0.3000000000000007 -12.000000000000028
4.246072769165039 30.3 -0.3000000000000007 -12.000000000000028
4.256821155548096 30.3 -0.3000000000000007 -12.000000000000028
4.2673468589782715 30.3 -0.3000000000000007 -12.000000000000028
4.281836986541748 30.3 -0.3000000000000007 -12.000000000000028
4.291463851928711 30.3 -0.3000000000000007 -12.000000000000028
4.302177906036377 30.3 -0.3000000000000007 -12.000000000000028
4.3180694580078125 30.3 -0.3000000000000007 -12.000000000000028
4.328784704208374 30.3 -0.3000000000000007 -12.000000000000028
4.338757514953613 30.3 -0.3000000000000007 -12.000000000000028
4.348995208740234 30.3 -0.3000000000000007 -12.000000000000028
4.360222578048706 30.3 -0.3000000000000007 -12.000000000000028
4.370274066925049 29.7 0.3000000000000007 12.000000000000028
4.380115985870361 29.7 0.3000000000000007 12.000000000000028
4.3904869556427 29.7 0.3000000000000007 12.000000000000028
4.400191783905029 29.7 0.3000000000000007 12.000000000000028
4.411240339279175 29.7 0.3000000000000007 12.000000000000028
4.421453952789307 29.7 0.3000000000000007 12.000000000000028
4.431028604507446 29.7 0.3000000000000007 12.000000000000028
4.441882371902466 29.7 0.3000000000000007 12.000000000000028
4.451431751251221 29.7 0.3000000000000007 12.000000000000028
4.464045524597168 29.7 0.3000000000000007 12.000000000000028
4.473474979400635 29.7 0.3000000000000007 12.000000000000028
4.484005451202393 29.7 0.3000000000000007 12.000000000000028
4.493371248245239 29.7 0.3000000000000007 12.000000000000028
4.5033118724823 29.7 0.3000000000000007 12.000000000000028
4.5145673751831055 29.7 0.3000000000000007 12.000000000000028
4.5285255908966064 29.7 0.3000000000000007 12.000000000000028
4.541382074356079 29.7 0.3000000000000007 12.000000000000028
4.556098699569702 29.7 0.3000000000000007 12.000000000000028
4.5694873332977295 29.7 0.3000000000000007 12.000000000000028
4.584214687347412 30.3 -0.3000000000000007 -12.000000000000028
4.597218990325928 30.3 -0.3000000000000007 -12.000000000000028
4.608229875564575 30.3 -0.3000000000000007 -12.000000000000028
4.619992017745972 30.3 -0.3000000000000007 -12.000000000000028
4.62936806678772 30.3 -0.3000000000000007 -12.000000000000028
4.639070272445679 30.3 -0.3000000000000007 -12.000000000000028
4.649306774139404 30.3 -0.3000000000000007 -12.000000000000028
4.659048318862915 30.3 -0.3000000000000007 -12.000000000000028
4.670703887939453 30.3 -0.3000000000000007 -12.000000000000028
4.6848249435424805 30.3 -0.3000000000000007 -12.000000000000028
4.6959381103515625 30.3 -0.3000000000000007 -12.000000000000028
4.706323862075806 30.3 -0.3000000000000007 -12.000000000000028
4.717260837554932 30.3 -0.3000000000000007 -12.000000000000028
4.726964235305786 30.3 -0.3000000000000007 -12.000000000000028
4.737367868423462 30.3 -0.3000000000000007 -12.000000000000028
4.747010946273804 30.3 -0.3000000000000007 -12.000000000000028
4.7567298412323 30.3 -0.3000000000000007 -12.000000000000028
4.768283843994141 30.3 -0.3000000000000007 -12.000000000000028
4.778186321258545 30.3 -0.3000000000000007 -12.000000000000028
4.788878917694092 30.3 -0.3000000000000007 -12.000000000000028
4.798877716064453 30.3 -0.3000000000000007 -12.000000000000028
4.809437990188599 29.7 0.3000000000000007 12.000000000000028
4.820346355438232 29.7 0.3000000000000007 12.000000000000028
4.830688714981079 29.7 0.3000000000000007 12.000000000000028
4.843433856964111 29.7 0.3000000000000007 12.000000000000028
4.853962182998657 29.7 0.3000000000000007 12.000000000000028
4.863839626312256 29.7 0.3000000000000007 12.000000000000028
4.874902248382568 29.7 0.3000000000000007 12.000000000000028
4.884645223617554 29.7 0.3000000000000007 12.000000000000028
4.89447546005249 29.7 0.3000000000000007 12.000000000000028
4.906017541885376 29.7 0.3000000000000007 12.000000000000028
4.915912389755249 29.7 0.3000000000000007 12.000000000000028
4.931292533874512 29.7 0.3000000000000007 12.000000000000028
4.941915988922119 29.7 0.3000000000000007 12.000000000000028
4.951841831207275 29.7 0.3000000000000007 12.000000000000028
4.9613072872161865 29.7 0.3000000000000007 12.000000000000028
4.974420785903931 29.7 0.3000000000000007 12.000000000000028
4.985381841659546 29.7 0.3000000000000007 12.000000000000028
4.995911359786987 29.7 0.3000000000000007 12.000000000000028
5.00618314743042 29.7 0.3000000000000007 12.000000000000028
5.016363859176636 30.3 -0.3000000000000007 -12.000000000000028
5.026863098144531 30.3 -0.3000000000000007 -12.000000000000028
5.03831934928894 30.3 -0.3000000000000007 -12.000000000000028
5.048048496246338 30.3 -0.3000000000000007 -12.000000000000028
5.058246612548828 30.3 -0.3000000000000007 -12.000000000000028
5.06795334815979 30.3 -0.3000000000000007 -12.000000000000028
5.084442853927612 30.3 -0.3000000000000007 -12.000000000000028
5.094314098358154 30.3 -0.3000000000000007 -12.000000000000028
5.105388641357422 30.3 -0.3000000000000007 -12.000000000000028
5.1149585247039795 30.3 -0.3000000000000007 -12.000000000000028
5.12480354309082 30.3 -0.3000000000000007 -12.000000000000028
5.136376142501831 30.3 -0.3000000000000007 -12.000000000000028
5.146157741546631 30.3 -0.3000000000000007 -12.000000000000028
5.156662702560425 30.3 -0.3000000000000007 -12.000000000000028
5.166555643081665 30.3 -0.3000000000000007 -12.000000000000028
5.178013324737549 30.3 -0.3000000000000007 -12.000000000000028
5.187798738479614 30.3 -0.3000000000000007 -12.000000000000028
5.198183536529541 30.3 -0.3000000000000007 -12.000000000000028
5.208324193954468 30.3 -0.3000000000000007 -12.000000000000028
5.2182207107543945 29.7 0.3000000000000007 12.000000000000028
5.229941368103027 29.7 0.3000000000000007 12.000000000000028
5.2393639087677 29.7 0.3000000000000007 12.000000000000028
5.249300956726074 29.7 0.3000000000000007 12.000000000000028
5.259054183959961 29.7 0.3000000000000007 12.000000000000028
5.2692975997924805 29.7 0.3000000000000007 12.000000000000028
5.280603885650635 29.7 0.3000000000000007 12.000000000000028
5.2908101081848145 29.7 0.3000000000000007 12.000000000000028
5.30078911781311 29.7 0.3000000000000007 12.000000000000028
5.31104302406311 29.7 0.3000000000000007 12.000000000000028
5.321422815322876 29.7 0.3000000000000007 12.000000000000028
5.332083702087402 29.7 0.3000000000000007 12.000000000000028
5.343169689178467 29.7 0.3000000000000007 12.000000000000028
5.352156400680542 29.7 0.3000000000000007 12.000000000000028
5.363171100616455 29.7 0.3000000000000007 12.000000000000028
5.37213921546936 29.7 0.3000000000000007 12.000000000000028
5.384235382080078 29.7 0.3000000000000007 12.000000000000028
5.39396333694458 29.7 0.3000000000000007 12.000000000000028
5.4045305252075195 30.2 -0.1999999999999993 -7.999999999999972
5.414316415786743 30.2 -0.1999999999999993 -7.999999999999972
5.4240639209747314 30.2 -0.1999999999999993 -7.999999999999972
5.435448169708252 30.3 -0.3000000000000007 -12.000000000000028
5.444977521896362 30.3 -0.3000000000000007 -12.000000000000028
5.456115961074829 30.2 -0.1999999999999993 -7.999999999999972
5.465781927108765 30.2 -0.1999999999999993 -7.999999999999972
5.4792890548706055 30.3 -0.3000000000000007 -12.000000000000028
5.490655422210693 30.3 -0.3000000000000007 -12.000000000000028
5.501293420791626 30.3 -0.3000000000000007 -12.000000000000028
5.511943101882935 30.3 -0.3000000000000007 -12.000000000000028
5.522178888320923 30.3 -0.3000000000000007 -12.000000000000028
5.531871795654297 30.3 -0.3000000000000007 -12.000000000000028
5.543280363082886 30.3 -0.3000000000000007 -12.000000000000028
5.554218292236328 30.3 -0.3000000000000007 -12.000000000000028
5.564129829406738 30.3 -0.3000000000000007 -12.000000000000028
5.574250221252441 30.3 -0.3000000000000007 -12.000000000000028
5.584139347076416 30.3 -0.3000000000000007 -12.000000000000028
5.596011400222778 30.3 -0.3000000000000007 -12.000000000000028
5.606377363204956 30.3 -0.3000000000000007 -12.000000000000028
5.61665940284729 30.3 -0.3000000000000007 -12.000000000000028
5.626415491104126 30.3 -0.3000000000000007 -12.000000000000028
5.637783765792847 29.7 0.3000000000000007 12.000000000000028
5.6473071575164795 29.7 0.3000000000000007 12.000000000000028
5.656975507736206 29.7 0.3000000000000007 12.000000000000028
5.667266845703125 29.7 0.3000000000000007 12.000000000000028
5.676944971084595 29.7 0.3000000000000007 12.000000000000028
5.688321113586426 29.7 0.3000000000000007 12.000000000000028
5.698901414871216 29.7 0.3000000000000007 12.000000000000028
5.709736347198486 29.7 0.3000000000000007 12.000000000000028
5.719215154647827 29.7 0.3000000000000007 12.000000000000028
5.729922771453857 29.7 0.3000000000000007 12.000000000000028
5.740345001220703 29.7 0.3000000000000007 12.000000000000028
5.750015020370483 29.7 0.3000000000000007 12.000000000000028
5.760499477386475 29.7 0.3000000000000007 12.000000000000028
5.770185708999634 29.7 0.3000000000000007 12.000000000000028
5.780333042144775 29.7 0.3000000000000007 12.000000000000028
5.791294097900391 29.7 0.3000000000000007 12.000000000000028
5.802005767822266 29.7 0.3000000000000007 12.000000000000028
5.812223196029663 29.7 0.3000000000000007 12.000000000000028
5.82330846786499 29.7 0.3000000000000007 12.000000000000028
5.8322203159332275 29.7 0.3000000000000007 12.000000000000028
5.844120979309082 30.3 -0.3000000000000007 -12.000000000000028
5.853826999664307 30.3 -0.3000000000000007 -12.000000000000028
5.863227128982544 30.3 -0.3000000000000007 -12.000000000000028
5.873234748840332 30.3 -0.3000000000000007 -12.000000000000028
5.891780614852905 30.3 -0.3000000000000007 -12.000000000000028
5.901437282562256 30.3 -0.3000000000000007 -12.000000000000028
5.9134016036987305 30.3 -0.3000000000000007 -12.000000000000028
5.922631502151489 30.3 -0.3000000000000007 -12.000000000000028
5.93201470375061 30.3 -0.3000000000000007 -12.000000000000028
5.94925594329834 30.3 -0.3000000000000007 -12.000000000000028
5.9605278968811035 30.3 -0.3000000000000007 -12.000000000000028
5.971034288406372 30.3 -0.3000000000000007 -12.000000000000028
5.98086404800415 30.3 -0.3000000000000007 -12.000000000000028
5.99109673500061 30.3 -0.3000000000000007 -12.000000000000028
6.004976749420166 30.3 -0.3000000000000007 -12.000000000000028
6.014740943908691 30.3 -0.3000000000000007 -12.000000000000028
6.024433612823486 30.3 -0.3000000000000007 -12.000000000000028
6.03477144241333 30.3 -0.3000000000000007 -12.000000000000028
6.045276165008545 30.3 -0.3000000000000007 -12.000000000000028
6.056276321411133 30.3 -0.3000000000000007 -12.000000000000028
6.066007614135742 30.3 -0.3000000000000007 -12.000000000000028
6.0763020515441895 29.7 0.3000000000000007 12.000000000000028
6.086122751235962 29.7 0.3000000000000007 12.000000000000028
6.097113847732544 29.7 0.3000000000000007 12.000000000000028
6.108082056045532 29.7 0.3000000000000007 12.000000000000028
6.117986440658569 29.7 0.3000000000000007 12.000000000000028
6.128055095672607 29.7 0.3000000000000007 12.000000000000028
6.137823581695557 29.7 0.3000000000000007 12.000000000000028
6.148874759674072 29.7 0.3000000000000007 12.000000000000028
6.158630847930908 29.7 0.3000000000000007 12.000000000000028
6.168772220611572 29.7 0.3000000000000007 12.000000000000028
6.178737640380859 29.7 0.3000000000000007 12.000000000000028
6.18911075592041 29.7 0.3000000000000007 12.000000000000028
6.20013952255249 29.7 0.3000000000000007 12.000000000000028
6.211231470108032 29.7 0.3000000000000007 12.000000000000028
6.22172212600708 29.7 0.3000000000000007 12.000000000000028
6.231205224990845 29.7 0.3000000000000007 12.000000000000028
6.241429328918457 29.7 0.3000000000000007 12.000000000000028
6.268478870391846 29.7 0.3000000000000007 12.000000000000028
6.278083086013794 30.3 -0.3000000000000007 -12.000000000000028
6.293136358261108 30.3 -0.3000000000000007 -12.000000000000028
6.3061299324035645 30.3 -0.3000000000000007 -12.000000000000028
6.315768718719482 30.3 -0.3000000000000007 -12.000000000000028
6.325242519378662 30.3 -0.3000000000000007 -12.000000000000028
6.335935831069946 30.3 -0.3000000000000007 -12.000000000000028
6.345319747924805 30.3 -0.3000000000000007 -12.000000000000028
6.3569722175598145 30.3 -0.3000000000000007 -12.000000000000028
6.366749048233032 30.3 -0.3000000000000007 -12.000000000000028
6.376914739608765 30.3 -0.3000000000000007 -12.000000000000028
6.386653900146484 30.3 -0.3000000000000007 -12.000000000000028
6.397077322006226 30.3 -0.3000000000000007 -12.000000000000028
6.4091339111328125 30.3 -0.3000000000000007 -12.000000000000028
6.419114589691162 30.3 -0.3000000000000007 -12.000000000000028
6.429226875305176 30.3 -0.3000000000000007 -12.000000000000028
6.43904185295105 30.3 -0.3000000000000007 -12.000000000000028
6.4503302574157715 30.3 -0.3000000000000007 -12.000000000000028
6.460009813308716 30.3 -0.3000000000000007 -12.000000000000028
6.47037148475647 30.3 -0.3000000000000007 -12.000000000000028
6.480215311050415 30.3 -0.3000000000000007 -12.000000000000028
6.490517616271973 29.7 0.3000000000000007 12.000000000000028
6.5009942054748535 29.7 0.3000000000000007 12.000000000000028
6.514705181121826 29.7 0.3000000000000007 12.000000000000028
6.524414300918579 29.7 0.3000000000000007 12.000000000000028
6.5341856479644775 29.7 0.3000000000000007 12.000000000000028
6.544489860534668 29.7 0.3000000000000007 12.000000000000028
6.5552659034729 29.7 0.3000000000000007 12.000000000000028
6.5659239292144775 29.7 0.3000000000000007 12.000000000000028
6.575315952301025 29.7 0.3000000000000007 12.000000000000028
6.585397481918335 29.7 0.3000000000000007 12.000000000000028
6.594946384429932 29.7 0.3000000000000007 12.000000000000028
6.612101316452026 29.7 0.3000000000000007 12.000000000000028
6.625368356704712 29.7 0.3000000000000007 12.000000000000028
6.638942241668701 29.7 0.3000000000000007 12.000000000000028
6.654532432556152 29.7 0.3000000000000007 12.000000000000028
6.666505813598633 29.7 0.3000000000000007 12.000000000000028
6.676660537719727 29.7 0.3000000000000007 12.000000000000028
6.690282821655273 29.7 0.3000000000000007 12.000000000000028
6.7007832527160645 30.3 -0.3000000000000007 -12.000000000000028
6.712673902511597 30.3 -0.3000000000000007 -12.000000000000028
6.723876953125 30.3 -0.3000000000000007 -12.000000000000028
6.7363975048065186 30.3 -0.3000000000000007 -12.000000000000028
6.746664762496948 30.3 -0.3000000000000007 -12.000000000000028
6.757277727127075 30.3 -0.3000000000000007 -12.000000000000028
6.76746392250061 30.3 -0.3000000000000007 -12.000000000000028
6.777337551116943 30.3 -0.3000000000000007 -12.000000000000028
6.787024974822998 30.3 -0.3000000000000007 -12.000000000000028
6.797309160232544 30.3 -0.3000000000000007 -12.000000000000028
6.808898210525513 30.3 -0.3000000000000007 -12.000000000000028
6.819880485534668 30.3 -0.3000000000000007 -12.000000000000028
6.829292058944702 30.3 -0.3000000000000007 -12.000000000000028
6.83997368812561 30.3 -0.3000000000000007 -12.000000000000028
6.8493571281433105 30.3 -0.3000000000000007 -12.000000000000028
6.86090350151062 30.3 -0.3000000000000007 -12.000000000000028
6.8706371784210205 30.3 -0.3000000000000007 -12.000000000000028
6.880309343338013 30.3 -0.3000000000000007 -12.000000000000028
6.890325546264648 30.3 -0.3000000000000007 -12.000000000000028
6.900168180465698 30.3 -0.3000000000000007 -12.000000000000028
6.912681818008423 30.3 -0.3000000000000007 -12.000000000000028
6.923175096511841 30.3 -0.3000000000000007 -12.000000000000028
6.933319091796875 29.7 0.3000000000000007 12.000000000000028
6.942251443862915 29.7 0.3000000000000007 12.000000000000028
6.959233999252319 29.7 0.3000000000000007 12.000000000000028
6.97065281867981 29.7 0.3000000000000007 12.000000000000028
6.9808454513549805 29.7 0.3000000000000007 12.000000000000028
6.990802049636841 29.7 0.3000000000000007 12.000000000000028
7.001412868499756 29.7 0.3000000000000007 12.000000000000028
7.014646530151367 29.7 0.3000000000000007 12.000000000000028
7.025442838668823 29.7 0.3000000000000007 12.000000000000028
7.034965753555298 29.7 0.3000000000000007 12.000000000000028
7.0452704429626465 29.7 0.3000000000000007 12.000000000000028
7.054830551147461 29.7 0.3000000000000007 12.000000000000028
7.066813945770264 29.7 0.3000000000000007 12.000000000000028
7.077064514160156 29.7 0.3000000000000007 12.000000000000028
7.09145975112915 29.7 0.3000000000000007 12.000000000000028
7.101262092590332 29.7 0.3000000000000007 12.000000000000028
7.1144328117370605 29.7 0.3000000000000007 12.000000000000028
7.124773263931274 29.7 0.3000000000000007 12.000000000000028
7.1345155239105225 30.3 -0.3000000000000007 -12.000000000000028
7.144861698150635 30.3 -0.3000000000000007 -12.000000000000028
7.154605865478516 30.3 -0.3000000000000007 -12.000000000000028
7.166262149810791 30.3 -0.3000000000000007 -12.000000000000028
7.176058769226074 30.3 -0.3000000000000007 -12.000000000000028
7.186151027679443 30.3 -0.3000000000000007 -12.000000000000028
7.19606876373291 30.3 -0.3000000000000007 -12.000000000000028
7.206938743591309 30.3 -0.3000000000000007 -12.000000000000028
7.217327833175659 30.3 -0.3000000000000007 -12.000000000000028
7.228140592575073 30.3 -0.3000000000000007 -12.000000000000028
7.237895965576172 30.3 -0.3000000000000007 -12.000000000000028
7.24775505065918 30.3 -0.3000000000000007 -12.000000000000028
7.258293151855469 30.3 -0.3000000000000007 -12.000000000000028
7.269027233123779 30.3 -0.3000000000000007 -12.000000000000028
7.279281854629517 30.3 -0.3000000000000007 -12.000000000000028
7.28901743888855 30.3 -0.3000000000000007 -12.000000000000028
7.299736499786377 30.3 -0.3000000000000007 -12.000000000000028
7.3101441860198975 30.3 -0.3000000000000007 -12.000000000000028
7.3214380741119385 30.3 -0.3000000000000007 -12.000000000000028
7.331806421279907 30.3 -0.3000000000000007 -12.000000000000028
7.341212272644043 29.7 0.3000000000000007 12.000000000000028
7.351386070251465 29.7 0.3000000000000007 12.000000000000028
7.360928058624268 29.7 0.3000000000000007 12.000000000000028
7.373168468475342 29.7 0.3000000000000007 12.000000000000028
7.382702827453613 29.7 0.3000000000000007 12.000000000000028
7.3933632373809814 29.7 0.3000000000000007 12.000000000000028
7.402839422225952 29.7 0.3000000000000007 12.000000000000028
7.413830757141113 29.7 0.3000000000000007 12.000000000000028
7.4243834018707275 29.7 0.3000000000000007 12.000000000000028
7.434513568878174 29.7 0.3000000000000007 12.000000000000028
7.444721698760986 29.7 0.3000000000000007 12.000000000000028
7.4544525146484375 29.7 0.3000000000000007 12.000000000000028
7.464726686477661 29.7 0.3000000000000007 12.000000000000028
7.475336074829102 29.7 0.3000000000000007 12.000000000000028
7.489304065704346 29.7 0.3000000000000007 12.000000000000028
7.499277591705322 29.7 0.3000000000000007 12.000000000000028
7.510829925537109 29.7 0.3000000000000007 12.000000000000028
7.521925210952759 29.7 0.3000000000000007 12.000000000000028
7.5332043170928955 30.4 -0.3999999999999986 -15.999999999999943
7.542225360870361 30.4 -0.3999999999999986 -15.999999999999943
7.553322076797485 30.3 -0.3000000000000007 -12.000000000000028
7.563121318817139 30.3 -0.3000000000000007 -12.000000000000028
7.574397325515747 30.3 -0.3000000000000007 -12.000000000000028
7.585289716720581 30.3 -0.3000000000000007 -12.000000000000028
7.594812631607056 30.3 -0.3000000000000007 -12.000000000000028
7.6063621044158936 30.3 -0.3000000000000007 -12.000000000000028
7.616277694702148 30.3 -0.3000000000000007 -12.000000000000028
7.6272852420806885 30.3 -0.3000000000000007 -12.000000000000028
7.637779474258423 30.3 -0.3000000000000007 -12.000000000000028
7.647798538208008 30.3 -0.3000000000000007 -12.000000000000028
7.657292604446411 30.3 -0.3000000000000007 -12.000000000000028
7.667872905731201 30.3 -0.3000000000000007 -12.000000000000028
7.678766489028931 30.3 -0.3000000000000007 -12.000000000000028
7.691785573959351 30.3 -0.3000000000000007 -12.000000000000028
7.701218605041504 30.3 -0.3000000000000007 -12.000000000000028
7.711440324783325 30.3 -0.3000000000000007 -12.000000000000028
7.72331166267395 30.3 -0.3000000000000007 -12.000000000000028
7.732240915298462 30.3 -0.3000000000000007 -12.000000000000028
7.7437615394592285 29.7 0.3000000000000007 12.000000000000028
7.753204822540283 29.7 0.3000000000000007 12.000000000000028
7.763359785079956 29.7 0.3000000000000007 12.000000000000028
7.774252653121948 29.7 0.3000000000000007 12.000000000000028
7.784421920776367 29.7 0.3000000000000007 12.000000000000028
7.794216156005859 29.7 0.3000000000000007 12.000000000000028
7.805727958679199 29.7 0.3000000000000007 12.000000000000028
7.814969539642334 29.7 0.3000000000000007 12.000000000000028
7.826046705245972 29.7 0.3000000000000007 12.000000000000028
7.836187839508057 29.7 0.3000000000000007 12.000000000000028
7.84626030921936 29.7 0.3000000000000007 12.000000000000028
7.856822729110718 29.7 0.3000000000000007 12.000000000000028
7.866597414016724 29.7 0.3000000000000007 12.000000000000028
7.88870644569397 29.7 0.3000000000000007 12.000000000000028
7.900575160980225 29.7 0.3000000000000007 12.000000000000028
7.911308526992798 29.7 0.3000000000000007 12.000000000000028
7.923838138580322 29.7 0.3000000000000007 12.000000000000028
7.9333086013793945 29.7 0.3000000000000007 12.000000000000028
7.945200443267822 30.3 -0.3000000000000007 -12.000000000000028
7.954854965209961 30.3 -0.3000000000000007 -12.000000000000028
7.965780735015869 30.3 -0.3000000000000007 -12.000000000000028
7.983198881149292 30.3 -0.3000000000000007 -12.000000000000028
7.993409872055054 30.3 -0.3000000000000007 -12.000000000000028
8.004820823669434 30.3 -0.3000000000000007 -12.000000000000028
8.014823913574219 30.3 -0.3000000000000007 -12.000000000000028
8.026032209396362 30.3 -0.3000000000000007 -12.000000000000028
8.036197423934937 30.3 -0.3000000000000007 -12.000000000000028
8.046367645263672 30.3 -0.3000000000000007 -12.000000000000028
8.056139707565308 30.3 -0.3000000000000007 -12.000000000000028
8.066372632980347 30.3 -0.3000000000000007 -12.000000000000028
8.076926708221436 30.3 -0.3000000000000007 -12.000000000000028
8.087120771408081 30.3 -0.3000000000000007 -12.000000000000028
8.097012996673584 30.3 -0.3000000000000007 -12.000000000000028
8.10818076133728 30.3 -0.3000000000000007 -12.000000000000028
8.117891311645508 30.3 -0.3000000000000007 -12.000000000000028
8.129117250442505 30.3 -0.3000000000000007 -12.000000000000028
8.138933658599854 30.3 -0.3000000000000007 -12.000000000000028
8.14914608001709 29.7 0.3000000000000007 12.000000000000028
8.160005807876587 29.7 0.3000000000000007 12.000000000000028
8.169433832168579 29.7 0.3000000000000007 12.000000000000028
8.180954217910767 29.7 0.3000000000000007 12.000000000000028
8.19070816040039 29.7 0.3000000000000007 12.000000000000028
8.201083183288574 29.7 0.3000000000000007 12.000000000000028
8.211877346038818 29.7 0.3000000000000007 12.000000000000028
8.22275185585022 29.7 0.3000000000000007 12.000000000000028
8.234027624130249 29.7 0.3000000000000007 12.000000000000028
8.244139909744263 29.7 0.3000000000000007 12.000000000000028
8.25427508354187 29.7 0.3000000000000007 12.000000000000028
8.263987064361572 29.7 0.3000000000000007 12.000000000000028
8.274308443069458 29.7 0.3000000000000007 12.000000000000028
8.28899621963501 29.7 0.3000000000000007 12.000000000000028
8.299324989318848 29.7 0.3000000000000007 12.000000000000028
8.310014486312866 29.7 0.3000000000000007 12.000000000000028
8.320110082626343 29.7 0.3000000000000007 12.000000000000028
8.330552101135254 29.7 0.3000000000000007 12.000000000000028
8.340686559677124 29.7 0.3000000000000007 12.000000000000028
8.350396633148193 29.7 0.3000000000000007 12.000000000000028
8.36093807220459 30.3 -0.3000000000000007 -12.000000000000028
8.370689868927002 30.3 -0.3000000000000007 -12.000000000000028
8.381070375442505 30.3 -0.3000000000000007 -12.000000000000028
8.391394853591919 30.3 -0.3000000000000007 -12.000000000000028
8.401066303253174 30.3 -0.3000000000000007 -12.000000000000028
8.412715911865234 30.2 -0.1999999999999993 -7.999999999999972
8.422173261642456 30.2 -0.1999999999999993 -7.999999999999972
8.434246063232422 30.3 -0.3000000000000007 -12.000000000000028
8.444010496139526 30.3 -0.3000000000000007 -12.000000000000028
8.454566717147827 30.3 -0.3000000000000007 -12.000000000000028
8.464426755905151 30.3 -0.3000000000000007 -12.000000000000028
8.474809408187866 30.3 -0.3000000000000007 -12.000000000000028
8.485492944717407 30.3 -0.3000000000000007 -12.000000000000028
8.494967937469482 30.3 -0.3000000000000007 -12.000000000000028
8.507211208343506 30.3 -0.3000000000000007 -12.000000000000028
8.51742696762085 30.3 -0.3000000000000007 -12.000000000000028
8.527973175048828 30.3 -0.3000000000000007 -12.000000000000028
8.53871202468872 30.3 -0.3000000000000007 -12.000000000000028
8.549070119857788 30.3 -0.3000000000000007 -12.000000000000028
8.5593101978302 30.3 -0.3000000000000007 -12.000000000000028
8.570005655288696 30.3 -0.3000000000000007 -12.000000000000028
8.579873085021973 30.3 -0.3000000000000007 -12.000000000000028
8.590822458267212 29.7 0.3000000000000007 12.000000000000028
8.600619316101074 29.7 0.3000000000000007 12.000000000000028
8.610917329788208 29.7 0.3000000000000007 12.000000000000028
8.620958089828491 29.7 0.3000000000000007 12.000000000000028
8.630712032318115 29.7 0.3000000000000007 12.000000000000028
8.642181158065796 29.7 0.3000000000000007 12.000000000000028
8.651872158050537 29.7 0.3000000000000007 12.000000000000028
8.663218975067139 29.7 0.3000000000000007 12.000000000000028
8.672155857086182 29.7 0.3000000000000007 12.000000000000028
8.69181513786316 29.7 0.3000000000000007 12.000000000000028
8.707496404647827 29.7 0.3000000000000007 12.000000000000028
8.721076250076294 29.7 0.3000000000000007 12.000000000000028
8.736826658248901 29.7 0.3000000000000007 12.000000000000028
8.750251054763794 29.7 0.3000000000000007 12.000000000000028
8.761794567108154 29.7 0.3000000000000007 12.000000000000028
8.771250009536743 29.7 0.3000000000000007 12.000000000000028
8.781812906265259 30.4 -0.3999999999999986 -15.999999999999943
8.792726278305054 30.4 -0.3999999999999986 -15.999999999999943
8.804104089736938 30.3 -0.3000000000000007 -12.000000000000028
8.813982009887695 30.3 -0.3000000000000007 -12.000000000000028
8.824478149414062 30.3 -0.3000000000000007 -12.000000000000028
8.834274768829346 30.3 -0.3000000000000007 -12.000000000000028
8.845447540283203 30.3 -0.3000000000000007 -12.000000000000028
8.855219841003418 30.3 -0.3000000000000007 -12.000000000000028
8.865355491638184 30.3 -0.3000000000000007 -12.000000000000028
8.881850242614746 30.3 -0.3000000000000007 -12.000000000000028
8.904382467269897 30.3 -0.3000000000000007 -12.000000000000028
8.914570331573486 30.3 -0.3000000000000007 -12.000000000000028
8.924438953399658 30.3 -0.3000000000000007 -12.000000000000028
8.934187889099121 30.3 -0.3000000000000007 -12.000000000000028
8.944415807723999 30.3 -0.3000000000000007 -12.000000000000028
8.955001831054688 30.3 -0.3000000000000007 -12.000000000000028
8.966962814331055 30.3 -0.3000000000000007 -12.000000000000028
8.976770401000977 30.3 -0.3000000000000007 -12.000000000000028
8.99181079864502 30.4 -0.3999999999999986 -15.999999999999943
9.005728006362915 29.7 0.3000000000000007 12.000000000000028
9.015331029891968 29.7 0.3000000000000007 12.000000000000028
9.02491283416748 29.7 0.3000000000000007 12.000000000000028
9.036344528198242 29.7 0.3000000000000007 12.000000000000028
9.046488285064697 29.7 0.3000000000000007 12.000000000000028
9.057445526123047 29.7 0.3000000000000007 12.000000000000028
9.067323684692383 29.7 0.3000000000000007 12.000000000000028
9.078881740570068 29.7 0.3000000000000007 12.000000000000028
9.093194484710693 29.7 0.3000000000000007 12.000000000000028
9.106587886810303 29.7 0.3000000000000007 12.000000000000028
9.116659164428711 29.7 0.3000000000000007 12.000000000000028
9.127026081085205 29.7 0.3000000000000007 12.000000000000028
9.136786699295044 29.7 0.3000000000000007 12.000000000000028
9.146952390670776 29.7 0.3000000000000007 12.000000000000028
9.16016173362732 29.7 0.3000000000000007 12.000000000000028
9.170872926712036 29.7 0.3000000000000007 12.000000000000028
9.180805206298828 29.7 0.3000000000000007 12.000000000000028
9.190903186798096 29.7 0.3000000000000007 12.000000000000028
9.200843572616577 29.7 0.3000000000000007 12.000000000000028
9.21338176727295 29.7 0.3000000000000007 12.000000000000028
9.222675323486328 29.7 0.3000000000000007 12.000000000000028
9.232025623321533 29.7 0.3000000000000007 12.000000000000028
9.243199110031128 30.3 -0.3000000000000007 -12.000000000000028
9.252182245254517 30.3 -0.3000000000000007 -12.000000000000028
9.26417851448059 30.3 -0.3000000000000007 -12.000000000000028
9.274259328842163 30.3 -0.3000000000000007 -12.000000000000028
9.284512042999268 30.3 -0.3000000000000007 -12.000000000000028
9.294248104095459 30.3 -0.3000000000000007 -12.000000000000028
9.305866718292236 30.3 -0.3000000000000007 -12.000000000000028
9.316413164138794 30.3 -0.3000000000000007 -12.000000000000028
9.326330184936523 30.3 -0.3000000000000007 -12.000000000000028
9.336669921875 30.3 -0.3000000000000007 -12.000000000000028
9.346435785293579 30.3 -0.3000000000000007 -12.000000000000028
9.3568434715271 30.3 -0.3000000000000007 -12.000000000000028
9.36732029914856 30.3 -0.3000000000000007 -12.000000000000028
9.378294944763184 30.3 -0.3000000000000007 -12.000000000000028
9.387937307357788 30.3 -0.3000000000000007 -12.000000000000028
9.398154497146606 30.3 -0.3000000000000007 -12.000000000000028
9.409366130828857 30.3 -0.3000000000000007 -12.000000000000028
9.41936469078064 30.3 -0.3000000000000007 -12.000000000000028
9.43006944656372 30.3 -0.3000000000000007 -12.000000000000028
9.439427375793457 30.3 -0.3000000000000007 -12.000000000000028
9.449978828430176 30.3 -0.3000000000000007 -12.000000000000028
9.46060848236084 30.3 -0.3000000000000007 -12.000000000000028
9.470926761627197 29.7 0.3000000000000007 12.000000000000028
9.481473684310913 29.7 0.3000000000000007 12.000000000000028
9.496516466140747 29.7 0.3000000000000007 12.000000000000028
9.507020711898804 29.7 0.3000000000000007 12.000000000000028
9.518158197402954 29.7 0.3000000000000007 12.000000000000028
9.527917385101318 29.7 0.3000000000000007 12.000000000000028
9.538280487060547 29.7 0.3000000000000007 12.000000000000028
9.547956466674805 29.7 0.3000000000000007 12.000000000000028
9.557484865188599 29.7 0.3000000000000007 12.000000000000028
9.56903624534607 29.7 0.3000000000000007 12.000000000000028
9.578866243362427 29.7 0.3000000000000007 12.000000000000028
9.589949369430542 29.7 0.3000000000000007 12.000000000000028
9.59974455833435 29.7 0.3000000000000007 12.000000000000028
9.613951921463013 29.7 0.3000000000000007 12.000000000000028
9.623339891433716 29.7 0.3000000000000007 12.000000000000028
9.63388442993164 29.7 0.3000000000000007 12.000000000000028
9.643265008926392 29.7 0.3000000000000007 12.000000000000028
9.653412818908691 30.4 -0.3999999999999986 -15.999999999999943
9.664199590682983 30.4 -0.3999999999999986 -15.999999999999943
9.673940420150757 30.3 -0.3000000000000007 -12.000000000000028
9.684693336486816 30.3 -0.3000000000000007 -12.000000000000028
9.694400310516357 30.3 -0.3000000000000007 -12.000000000000028
9.705263137817383 30.3 -0.3000000000000007 -12.000000000000028
9.716169834136963 30.3 -0.3000000000000007 -12.000000000000028
9.726637363433838 30.3 -0.3000000000000007 -12.000000000000028
9.736366510391235 30.3 -0.3000000000000007 -12.000000000000028
9.74655532836914 30.3 -0.3000000000000007 -12.000000000000028
9.756298780441284 30.3 -0.3000000000000007 -12.000000000000028
9.767324924468994 30.3 -0.3000000000000007 -12.000000000000028
9.777166604995728 30.3 -0.3000000000000007 -12.000000000000028
9.7872896194458 30.3 -0.3000000000000007 -12.000000000000028
9.797434329986572 30.3 -0.3000000000000007 -12.000000000000028
9.807962656021118 30.3 -0.3000000000000007 -12.000000000000028
9.81906008720398 30.3 -0.3000000000000007 -12.000000000000028
9.828764915466309 30.3 -0.3000000000000007 -12.000000000000028
9.839295148849487 30.4 -0.3999999999999986 -15.999999999999943
9.849206686019897 30.4 -0.3999999999999986 -15.999999999999943
9.859493255615234 29.7 0.3000000000000007 12.000000000000028
9.870379447937012 29.7 0.3000000000000007 12.000000000000028
9.880070447921753 29.7 0.3000000000000007 12.000000000000028
9.894831418991089 29.7 0.3000000000000007 12.000000000000028
9.906570434570312 29.7 0.3000000000000007 12.000000000000028
9.917165517807007 29.7 0.3000000000000007 12.000000000000028
9.926943302154541 29.7 0.3000000000000007 12.000000000000028
9.937222957611084 29.7 0.3000000000000007 12.000000000000028
9.946971416473389 29.7 0.3000000000000007 12.000000000000028
9.957273721694946 29.7 0.3000000000000007 12.000000000000028
9.968992233276367 29.7 0.3000000000000007 12.000000000000028
9.979920148849487 29.7 0.3000000000000007 12.000000000000028
9.990067720413208 29.7 0.3000000000000007 12.000000000000028
10.005979776382446 29.7 0.3000000000000007 12.000000000000028
10.016540050506592 29.7 0.3000000000000007 12.000000000000028
10.02785873413086 29.7 0.3000000000000007 12.000000000000028
10.037410020828247 29.7 0.3000000000000007 12.000000000000028
10.047811508178711 29.7 0.3000000000000007 12.000000000000028
10.058736324310303 29.7 0.3000000000000007 12.000000000000028
10.070496797561646 29.7 0.3000000000000007 12.000000000000028
10.080348491668701 29.7 0.3000000000000007 12.000000000000028
10.090462446212769 30.3 -0.3000000000000007 -12.000000000000028
10.100591897964478 30.3 -0.3000000000000007 -12.000000000000028
10.111067056655884 30.3 -0.3000000000000007 -12.000000000000028
10.124293327331543 30.3 -0.3000000000000007 -12.000000000000028
10.13408899307251 30.3 -0.3000000000000007 -12.000000000000028
10.144492864608765 30.3 -0.3000000000000007 -12.000000000000028
10.154244184494019 30.3 -0.3000000000000007 -12.000000000000028
10.164546251296997 30.3 -0.3000000000000007 -12.000000000000028
10.175285816192627 30.3 -0.3000000000000007 -12.000000000000028
10.185483932495117 30.3 -0.3000000000000007 -12.000000000000028
10.196063995361328 30.3 -0.3000000000000007 -12.000000000000028
10.206918716430664 30.3 -0.3000000000000007 -12.000000000000028
10.216685056686401 30.3 -0.3000000000000007 -12.000000000000028
10.227286577224731 30.3 -0.3000000000000007 -12.000000000000028
10.23799467086792 30.3 -0.3000000000000007 -12.000000000000028
10.247501850128174 30.3 -0.3000000000000007 -12.000000000000028
10.258039712905884 30.3 -0.3000000000000007 -12.000000000000028
10.267786026000977 30.3 -0.3000000000000007 -12.000000000000028
10.279209852218628 30.3 -0.3000000000000007 -12.000000000000028
10.289058923721313 30.3 -0.3000000000000007 -12.000000000000028
10.304823398590088 30.4 -0.3999999999999986 -15.999999999999943
10.314753770828247 30.4 -0.3999999999999986 -15.999999999999943
10.326692581176758 29.7 0.3000000000000007 12.000000000000028
10.336632490158081 29.7 0.3000000000000007 12.000000000000028
10.346846103668213 29.7 0.3000000000000007 12.000000000000028
10.35656476020813 29.7 0.3000000000000007 12.000000000000028
10.366523027420044 29.7 0.3000000000000007 12.000000000000028
10.377939701080322 29.7 0.3000000000000007 12.000000000000028
10.387768030166626 29.7 0.3000000000000007 12.000000000000028
10.39794135093689 29.7 0.3000000000000007 12.000000000000028
10.40895962715149 29.7 0.3000000000000007 12.000000000000028
10.419044017791748 29.7 0.3000000000000007 12.000000000000028
10.429737091064453 29.7 0.3000000000000007 12.000000000000028
10.44040298461914 29.7 0.3000000000000007 12.000000000000028
10.450091123580933 29.7 0.3000000000000007 12.000000000000028
10.460317850112915 29.7 0.3000000000000007 12.000000000000028
10.46999979019165 29.7 0.3000000000000007 12.000000000000028
10.480601072311401 29.7 0.3000000000000007 12.000000000000028
10.490853071212769 29.7 0.3000000000000007 12.000000000000028
10.500822067260742 29.7 0.3000000000000007 12.000000000000028
10.512673377990723 29.7 0.3000000000000007 12.000000000000028
10.52202320098877 29.7 0.3000000000000007 12.000000000000028
10.53408169746399 30.4 -0.3999999999999986 -15.999999999999943
10.54383897781372 30.4 -0.3999999999999986 -15.999999999999943
10.556528329849243 30.3 -0.3000000000000007 -12.000000000000028
10.566360473632812 30.3 -0.3000000000000007 -12.000000000000028
10.57750153541565 30.3 -0.3000000000000007 -12.000000000000028
10.58724331855774 30.3 -0.3000000000000007 -12.000000000000028
10.596955299377441 30.3 -0.3000000000000007 -12.000000000000028
10.608285665512085 30.3 -0.3000000000000007 -12.000000000000028
10.618101596832275 30.3 -0.3000000000000007 -12.000000000000028
10.630980968475342 30.3 -0.3000000000000007 -12.000000000000028
10.640722274780273 30.3 -0.3000000000000007 -12.000000000000028
10.650996446609497 30.3 -0.3000000000000007 -12.000000000000028
10.660732746124268 30.3 -0.3000000000000007 -12.000000000000028
10.671245098114014 30.3 -0.3000000000000007 -12.000000000000028
10.682254552841187 30.3 -0.3000000000000007 -12.000000000000028
10.696971893310547 30.3 -0.3000000000000007 -12.000000000000028
10.708259105682373 30.3 -0.3000000000000007 -12.000000000000028
10.718603610992432 30.3 -0.3000000000000007 -12.000000000000028
10.72931432723999 30.3 -0.3000000000000007 -12.000000000000028
10.740184307098389 29.7 0.3000000000000007 12.000000000000028
10.749956130981445 29.7 0.3000000000000007 12.000000000000028
10.763385534286499 29.7 0.3000000000000007 12.000000000000028
10.776809692382812 29.7 0.3000000000000007 12.000000000000028
10.791487693786621 29.7 0.3000000000000007 12.000000000000028
10.808939695358276 29.7 0.3000000000000007 12.000000000000028
10.821785688400269 29.7 0.3000000000000007 12.000000000000028
10.833826303482056 29.7 0.3000000000000007 12.000000000000028
10.843236446380615 29.7 0.3000000000000007 12.000000000000028
10.85334587097168 29.7 0.3000000000000007 12.000000000000028
10.86316967010498 29.7 0.3000000000000007 12.000000000000028
10.872116804122925 29.7 0.3000000000000007 12.000000000000028
10.884260654449463 29.7 0.3000000000000007 12.000000000000028
10.894228458404541 29.7 0.3000000000000007 12.000000000000028
10.904951333999634 29.7 0.3000000000000007 12.000000000000028
10.915444612503052 29.7 0.3000000000000007 12.000000000000028
10.926156044006348 29.7 0.3000000000000007 12.000000000000028
10.936683416366577 29.7 0.3000000000000007 12.000000000000028
10.946875810623169 30.3 -0.3000000000000007 -12.000000000000028
10.95669436454773 30.3 -0.3000000000000007 -12.000000000000028
10.967989206314087 30.3 -0.3000000000000007 -12.000000000000028
10.977941751480103 30.3 -0.3000000000000007 -12.000000000000028
10.98862886428833 30.3 -0.3000000000000007 -12.000000000000028
10.999006271362305 30.3 -0.3000000000000007 -12.000000000000028
11.010002613067627 30.3 -0.3000000000000007 -12.000000000000028
11.02633285522461 30.3 -0.3000000000000007 -12.000000000000028
11.038630247116089 30.3 -0.3000000000000007 -12.000000000000028
11.048292875289917 30.3 -0.3000000000000007 -12.000000000000028
11.057969093322754 30.3 -0.3000000000000007 -12.000000000000028
11.069494724273682 30.3 -0.3000000000000007 -12.000000000000028
11.079274892807007 30.3 -0.3000000000000007 -12.000000000000028
11.09048581123352 30.3 -0.3000000000000007 -12.000000000000028
11.106199741363525 30.6 -0.6000000000000014 -24.000000000000057
11.11655592918396 30.6 -0.6000000000000014 -24.000000000000057
11.127055406570435 30.3 -0.3000000000000007 -12.000000000000028
11.13895058631897 30.3 -0.3000000000000007 -12.000000000000028
11.148922204971313 30.3 -0.3000000000000007 -12.000000000000028
11.159300565719604 29.7 0.3000000000000007 12.000000000000028
11.16907548904419 29.7 0.3000000000000007 12.000000000000028
11.179468154907227 29.7 0.3000000000000007 12.000000000000028
11.190315246582031 29.7 0.3000000000000007 12.000000000000028
11.200467824935913 30.4 -0.3999999999999986 -15.999999999999943
11.210911750793457 30.4 -0.3999999999999986 -15.999999999999943
11.222633361816406 29.7 0.3000000000000007 12.000000000000028
11.232057332992554 29.7 0.3000000000000007 12.000000000000028
11.24340534210205 29.7 0.3000000000000007 12.000000000000028
11.253984451293945 29.7 0.3000000000000007 12.000000000000028
11.263358116149902 29.7 0.3000000000000007 12.000000000000028
11.274023056030273 29.7 0.3000000000000007 12.000000000000028
11.284004926681519 29.7 0.3000000000000007 12.000000000000028
11.295284271240234 29.7 0.3000000000000007 12.000000000000028
11.306148290634155 29.7 0.3000000000000007 12.000000000000028
11.31624722480774 29.7 0.3000000000000007 12.000000000000028
11.326487064361572 29.7 0.3000000000000007 12.000000000000028
11.337041854858398 29.7 0.3000000000000007 12.000000000000028
11.34748101234436 29.7 0.3000000000000007 12.000000000000028
11.357272863388062 29.7 0.3000000000000007 12.000000000000028
11.367464065551758 29.7 0.3000000000000007 12.000000000000028
11.377238512039185 29.7 0.3000000000000007 12.000000000000028
11.387192726135254 29.7 0.3000000000000007 12.000000000000028
11.398098945617676 29.7 0.3000000000000007 12.000000000000028
11.409271717071533 29.7 0.3000000000000007 12.000000000000028
11.41904067993164 29.7 0.3000000000000007 12.000000000000028
11.42996096611023 29.7 0.3000000000000007 12.000000000000028
11.440468072891235 29.7 0.3000000000000007 12.000000000000028
11.450152158737183 30.3 -0.3000000000000007 -12.000000000000028
11.460437059402466 30.3 -0.3000000000000007 -12.000000000000028
11.470110416412354 30.3 -0.3000000000000007 -12.000000000000028
11.480382442474365 30.3 -0.3000000000000007 -12.000000000000028
11.490840673446655 30.3 -0.3000000000000007 -12.000000000000028
11.506556272506714 30.3 -0.3000000000000007 -12.000000000000028
11.516593217849731 30.3 -0.3000000000000007 -12.000000000000028
11.527438879013062 30.3 -0.3000000000000007 -12.000000000000028
11.537348747253418 30.3 -0.3000000000000007 -12.000000000000028
11.54894471168518 30.3 -0.3000000000000007 -12.000000000000028
11.558714389801025 30.3 -0.3000000000000007 -12.000000000000028
11.569129943847656 30.3 -0.3000000000000007 -12.000000000000028
11.579107522964478 30.3 -0.3000000000000007 -12.000000000000028
11.588922262191772 30.3 -0.3000000000000007 -12.000000000000028
11.600265741348267 30.3 -0.3000000000000007 -12.000000000000028
11.610410213470459 30.3 -0.3000000000000007 -12.000000000000028
11.620553970336914 30.3 -0.3000000000000007 -12.000000000000028
11.630725622177124 30.3 -0.3000000000000007 -12.000000000000028
11.64407992362976 30.3 -0.3000000000000007 -12.000000000000028
11.653733968734741 30.3 -0.3000000000000007 -12.000000000000028
11.663892269134521 29.7 0.3000000000000007 12.000000000000028
11.673490762710571 29.7 0.3000000000000007 12.000000000000028
11.683453798294067 29.7 0.3000000000000007 12.000000000000028
11.692761182785034 29.7 0.3000000000000007 12.000000000000028
11.704571008682251 29.7 0.3000000000000007 12.000000000000028
11.714743375778198 29.7 0.3000000000000007 12.000000000000028
11.724493026733398 29.7 0.3000000000000007 12.000000000000028
11.735314130783081 29.7 0.3000000000000007 12.000000000000028
11.746166467666626 29.7 0.3000000000000007 12.000000000000028
11.756535053253174 29.7 0.3000000000000007 12.000000000000028
11.766287565231323 29.7 0.3000000000000007 12.000000000000028
11.776636123657227 29.7 0.3000000000000007 12.000000000000028
11.786373853683472 29.7 0.3000000000000007 12.000000000000028
11.797069787979126 29.7 0.3000000000000007 12.000000000000028
11.808259963989258 29.7 0.3000000000000007 12.000000000000028
11.81808876991272 29.7 0.3000000000000007 12.000000000000028
11.828605651855469 29.7 0.3000000000000007 12.000000000000028
11.838781356811523 29.7 0.3000000000000007 12.000000000000028
11.850380659103394 29.7 0.3000000000000007 12.000000000000028
11.860105276107788 29.7 0.3000000000000007 12.000000000000028
11.870346784591675 30.3 -0.3000000000000007 -12.000000000000028
11.880209922790527 30.3 -0.3000000000000007 -12.000000000000028
11.889966249465942 30.3 -0.3000000000000007 -12.000000000000028
11.9063720703125 30.3 -0.3000000000000007 -12.000000000000028
11.91676640510559 30.3 -0.3000000000000007 -12.000000000000028
11.926756620407104 30.3 -0.3000000000000007 -12.000000000000028
11.937888860702515 30.3 -0.3000000000000007 -12.000000000000028
11.948482275009155 30.3 -0.3000000000000007 -12.000000000000028
11.958051681518555 30.3 -0.3000000000000007 -12.000000000000028
11.980875730514526 30.3 -0.3000000000000007 -12.000000000000028
11.99096155166626 30.3 -0.3000000000000007 -12.000000000000028
12.00200366973877 30.3 -0.3000000000000007 -12.000000000000028
12.013394832611084 30.3 -0.3000000000000007 -12.000000000000028
12.022679805755615 30.3 -0.3000000000000007 -12.000000000000028
12.038754940032959 30.3 -0.3000000000000007 -12.000000000000028
12.0486581325531 30.3 -0.3000000000000007 -12.000000000000028
12.060090780258179 30.3 -0.3000000000000007 -12.000000000000028
12.069452047348022 30.3 -0.3000000000000007 -12.000000000000028
12.080073118209839 29.7 0.3000000000000007 12.000000000000028
12.090855360031128 29.7 0.3000000000000007 12.000000000000028
12.102858066558838 29.7 0.3000000000000007 12.000000000000028
12.113492012023926 29.7 0.3000000000000007 12.000000000000028
12.124218225479126 29.7 0.3000000000000007 12.000000000000028
12.134047031402588 29.7 0.3000000000000007 12.000000000000028
12.144807815551758 29.7 0.3000000000000007 12.000000000000028
12.156935214996338 29.7 0.3000000000000007 12.000000000000028
12.166743278503418 29.7 0.3000000000000007 12.000000000000028
12.177164554595947 29.7 0.3000000000000007 12.000000000000028
12.187079191207886 29.7 0.3000000000000007 12.000000000000028
12.197797060012817 29.7 0.3000000000000007 12.000000000000028
12.209099054336548 29.7 0.3000000000000007 12.000000000000028
12.219321489334106 29.7 0.3000000000000007 12.000000000000028
12.229084730148315 29.7 0.3000000000000007 12.000000000000028
12.240062236785889 29.7 0.3000000000000007 12.000000000000028
12.250102758407593 29.7 0.3000000000000007 12.000000000000028
12.261095523834229 29.7 0.3000000000000007 12.000000000000028
12.270873546600342 29.7 0.3000000000000007 12.000000000000028
12.280611515045166 29.7 0.3000000000000007 12.000000000000028
12.290696859359741 30.2 -0.1999999999999993 -7.999999999999972
12.30739164352417 30.6 -0.6000000000000014 -24.000000000000057
12.317358255386353 30.6 -0.6000000000000014 -24.000000000000057
12.327187538146973 30.2 -0.1999999999999993 -7.999999999999972
12.337472438812256 30.2 -0.1999999999999993 -7.999999999999972
12.3478364944458 30.2 -0.1999999999999993 -7.999999999999972
12.35921859741211 30.3 -0.3000000000000007 -12.000000000000028
12.369080305099487 30.3 -0.3000000000000007 -12.000000000000028
12.379360437393188 30.3 -0.3000000000000007 -12.000000000000028
12.389132499694824 30.3 -0.3000000000000007 -12.000000000000028
12.39987564086914 30.3 -0.3000000000000007 -12.000000000000028
12.411051034927368 30.3 -0.3000000000000007 -12.000000000000028
12.421837568283081 30.3 -0.3000000000000007 -12.000000000000028
12.431375503540039 30.3 -0.3000000000000007 -12.000000000000028
12.441004753112793 30.3 -0.3000000000000007 -12.000000000000028
12.452675104141235 30.3 -0.3000000000000007 -12.000000000000028
12.463815689086914 30.3 -0.3000000000000007 -12.000000000000028
12.474130868911743 30.3 -0.3000000000000007 -12.000000000000028
12.484094858169556 30.3 -0.3000000000000007 -12.000000000000028
12.494418382644653 30.3 -0.3000000000000007 -12.000000000000028
12.5046706199646 30.3 -0.3000000000000007 -12.000000000000028
12.51621127128601 29.7 0.3000000000000007 12.000000000000028
12.526033878326416 29.7 0.3000000000000007 12.000000000000028
12.535972118377686 29.7 0.3000000000000007 12.000000000000028
12.546371936798096 29.7 0.3000000000000007 12.000000000000028
12.556489706039429 29.7 0.3000000000000007 12.000000000000028
12.567376375198364 29.7 0.3000000000000007 12.000000000000028
12.577221393585205 29.7 0.3000000000000007 12.000000000000028
12.587336540222168 30.4 -0.3999999999999986 -15.999999999999943
12.597265243530273 30.4 -0.3999999999999986 -15.999999999999943
12.609242677688599 30.4 -0.3999999999999986 -15.999999999999943
12.619034051895142 30.4 -0.3999999999999986 -15.999999999999943
12.629459142684937 29.6 0.3999999999999986 15.999999999999943
12.639279127120972 29.6 0.3999999999999986 15.999999999999943
12.649047613143921 29.6 0.3999999999999986 15.999999999999943
12.662020683288574 30.4 -0.3999999999999986 -15.999999999999943
12.671742916107178 30.4 -0.3999999999999986 -15.999999999999943
12.681960105895996 30.4 -0.3999999999999986 -15.999999999999943
12.691452264785767 30.4 -0.3999999999999986 -15.999999999999943
12.707839727401733 32.2 -2.200000000000003 -88.00000000000011
12.718775749206543 32.2 -2.200000000000003 -88.00000000000011
12.729142189025879 29.6 0.3999999999999986 15.999999999999943
12.739062309265137 29.6 0.3999999999999986 15.999999999999943
12.749753713607788 32.6 -2.6000000000000014 -104.00000000000006
12.760086059570312 32.6 -2.6000000000000014 -104.00000000000006
12.771073818206787 32.6 -2.6000000000000014 -104.00000000000006
12.780915021896362 32.6 -2.6000000000000014 -104.00000000000006
12.79071855545044 32.6 -2.6000000000000014 -104.00000000000006
12.800342559814453 32.6 -2.6000000000000014 -104.00000000000006
12.810535192489624 32.6 -2.6000000000000014 -104.00000000000006
12.82102918624878 32.6 -2.6000000000000014 -104.00000000000006
12.83077597618103 32.6 -2.6000000000000014 -104.00000000000006
12.843972206115723 32.6 -2.6000000000000014 -104.00000000000006
12.857451677322388 32.6 -2.6000000000000014 -104.00000000000006
12.87198781967163 28.8 1.1999999999999993 47.99999999999997
12.891315698623657 28.8 1.1999999999999993 47.99999999999997
12.906832456588745 28.8 1.1999999999999993 47.99999999999997
12.920106410980225 28.8 1.1999999999999993 47.99999999999997
12.929443597793579 28.8 1.1999999999999993 47.99999999999997
12.94057559967041 28.8 1.1999999999999993 47.99999999999997
12.950267791748047 28.8 1.1999999999999993 47.99999999999997
12.960496187210083 28.8 1.1999999999999993 47.99999999999997
12.972187042236328 28.8 1.1999999999999993 47.99999999999997
12.98189115524292 28.8 1.1999999999999993 47.99999999999997
12.99137806892395 28.8 1.1999999999999993 47.99999999999997
13.003302574157715 28.8 1.1999999999999993 47.99999999999997
13.014061450958252 28.8 1.1999999999999993 47.99999999999997
13.024703741073608 28.8 1.1999999999999993 47.99999999999997
13.034435033798218 28.8 1.1999999999999993 47.99999999999997
13.048686981201172 5.9 24.1 964.0
13.05820369720459 5.9 24.1 964.0
13.070068120956421 5.9 24.1 964.0
13.079490423202515 5.9 24.1 964.0
13.08989930152893 5.5 24.5 980.0
13.100698709487915 5.5 24.5 980.0
13.124942779541016 5.5 24.5 980.0
13.135895252227783 5.5 24.5 980.0
13.144994258880615 5.1 24.9 996.0
13.156435251235962 5.1 24.9 996.0
13.166873455047607 5.5 24.5 980.0
13.177815675735474 5.5 24.5 980.0
13.187230587005615 5.5 24.5 980.0
13.197858572006226 5.5 24.5 980.0
13.208179235458374 5.1 24.9 996.0
13.218369483947754 5.1 24.9 996.0
13.229127645492554 5.1 24.9 996.0
13.239301204681396 5.1 24.9 996.0
13.248989820480347 5.1 24.9 996.0
13.259397745132446 4.9 25.1 1004.0
13.27055048942566 4.9 25.1 1004.0
13.28070855140686 5.0 25.0 1000.0
13.290282726287842 5.0 25.0 1000.0
13.300457239151001 5.5 24.5 980.0
13.31068205833435 5.5 24.5 980.0
13.32189130783081 5.1 24.9 996.0
13.3312406539917 5.1 24.9 996.0
13.341851711273193 5.1 24.9 996.0
13.351215600967407 5.1 24.9 996.0
13.361827850341797 4.6 25.4 1016.0
13.37344741821289 4.6 25.4 1016.0
13.384011507034302 4.6 25.4 1016.0
13.393358945846558 4.6 25.4 1016.0
13.40402340888977 4.6 25.4 1016.0
13.413451433181763 4.6 25.4 1016.0
13.424545764923096 5.8 24.2 968.0
13.434237957000732 5.8 24.2 968.0
13.444520950317383 5.7 24.3 972.0
13.454199314117432 5.7 24.3 972.0
13.464109897613525 5.8 24.2 968.0
13.474703311920166 5.8 24.2 968.0
13.484966278076172 5.7 24.3 972.0
13.494853734970093 5.7 24.3 972.0
13.516295194625854 5.7 24.3 972.0
13.528091192245483 5.7 24.3 972.0
13.5379319190979 5.7 24.3 972.0
13.548272371292114 5.0 25.0 1000.0
13.558006525039673 5.0 25.0 1000.0
13.569231271743774 5.7 24.3 972.0
13.580338954925537 5.7 24.3 972.0
13.590537786483765 5.0 25.0 1000.0
13.600047588348389 5.0 25.0 1000.0
13.610049724578857 5.0 25.0 1000.0
13.620352506637573 5.0 25.0 1000.0
13.633199691772461 5.0 25.0 1000.0
13.641959428787231 5.0 25.0 1000.0
13.651246309280396 5.1 24.9 996.0
13.66124677658081 5.1 24.9 996.0
13.670789241790771 5.1 24.9 996.0
13.684439420700073 4.9 25.1 1004.0
13.694101095199585 4.9 25.1 1004.0
13.70736813545227 4.9 25.1 1004.0
13.717367172241211 4.6 25.4 1016.0
13.726989507675171 4.6 25.4 1016.0
13.740086317062378 4.6 25.4 1016.0
13.749497413635254 4.6 25.4 1016.0
13.760046482086182 4.6 25.4 1016.0
13.769318342208862 4.6 25.4 1016.0
13.780686140060425 5.1 24.9 996.0
13.790309429168701 5.1 24.9 996.0
13.80204963684082 5.5 24.5 980.0
13.813165664672852 5.5 24.5 980.0
13.823334217071533 5.5 24.5 980.0
13.83399486541748 5.5 24.5 980.0
13.843958377838135 5.5 24.5 980.0
13.853259801864624 5.5 24.5 980.0
13.862260818481445 5.5 24.5 980.0
13.872630596160889 5.5 24.5 980.0
13.896718740463257 5.1 24.9 996.0
13.91671872138977 5.1 24.9 996.0
13.927130699157715 5.1 24.9 996.0
13.936940908432007 5.1 24.9 996.0
13.94660758972168 5.9 24.1 964.0
13.957416534423828 5.9 24.1 964.0
13.968057632446289 6.3 23.7 948.0
13.9784996509552 6.3 23.7 948.0
13.988367319107056 6.3 23.7 948.0
13.998012781143188 6.3 23.7 948.0
14.0099356174469 6.3 23.7 948.0
14.019206762313843 6.3 23.7 948.0
14.028909921646118 6.3 23.7 948.0
14.038739442825317 6.3 23.7 948.0
14.048238039016724 6.3 23.7 948.0
14.058902025222778 6.3 23.7 948.0
14.068361520767212 6.3 23.7 948.0
14.084031581878662 6.3 23.7 948.0
14.094382762908936 6.3 23.7 948.0
14.10496735572815 6.3 23.7 948.0
14.116028785705566 6.3 23.7 948.0
14.125868797302246 6.3 23.7 948.0
14.136507272720337 6.3 23.7 948.0
14.146130323410034 6.3 23.7 948.0
14.156139135360718 8.6 21.4 856.0
14.16661548614502 8.6 21.4 856.0
14.176249980926514 8.6 21.4 856.0
14.186525106430054 8.6 21.4 856.0
14.196947813034058 8.6 21.4 856.0
14.20719599723816 8.6 21.4 856.0
14.218079328536987 8.6 21.4 856.0
14.228352308273315 118.9 -88.9 -3556.0
14.238034009933472 118.9 -88.9 -3556.0
14.247449159622192 118.9 -88.9 -3556.0
14.257787942886353 118.9 -88.9 -3556.0
14.26847505569458 118.9 -88.9 -3556.0
14.278250217437744 118.9 -88.9 -3556.0
14.287825345993042 118.9 -88.9 -3556.0
14.297842264175415 118.9 -88.9 -3556.0
14.320493459701538 6.7 23.3 932.0
14.330283164978027 6.7 23.3 932.0
14.340511560440063 7.2 22.8 912.0
14.350138187408447 7.2 22.8 912.0
14.359354496002197 7.2 22.8 912.0
14.370968341827393 7.2 22.8 912.0
14.380573987960815 7.2 22.8 912.0
14.39015793800354 7.2 22.8 912.0
14.40100908279419 7.2 22.8 912.0
14.41218638420105 255.0 -225.0 -9000.0
14.423199892044067 255.0 -225.0 -9000.0
14.434134006500244 255.0 -225.0 -9000.0
14.443435430526733 255.0 -225.0 -9000.0
14.453899383544922 255.0 -225.0 -9000.0
14.463320970535278 255.0 -225.0 -9000.0
14.473962783813477 255.0 -225.0 -9000.0
14.483135223388672 255.0 -225.0 -9000.0
14.493330240249634 255.0 -225.0 -9000.0
14.502888679504395 255.0 -225.0 -9000.0
14.513143062591553 255.0 -225.0 -9000.0
14.524353742599487 255.0 -225.0 -9000.0
14.534106492996216 255.0 -225.0 -9000.0
14.543346166610718 255.0 -225.0 -9000.0
14.552076816558838 255.0 -225.0 -9000.0
14.562175512313843 255.0 -225.0 -9000.0
14.573348045349121 255.0 -225.0 -9000.0
14.582250595092773 255.0 -225.0 -9000.0
14.591764211654663 255.0 -225.0 -9000.0
14.602126359939575 255.0 -225.0 -9000.0
14.612751483917236 255.0 -225.0 -9000.0
14.623754739761353 255.0 -225.0 -9000.0
14.63286805152893 255.0 -225.0 -9000.0
14.64269733428955 255.0 -225.0 -9000.0
14.651941776275635 255.0 -225.0 -9000.0
14.661391496658325 255.0 -225.0 -9000.0
14.672739028930664 255.0 -225.0 -9000.0
14.681956052780151 255.0 -225.0 -9000.0
14.691094160079956 255.0 -225.0 -9000.0
14.701404809951782 255.0 -225.0 -9000.0
14.725465059280396 255.0 -225.0 -9000.0
14.734836101531982 255.0 -225.0 -9000.0
14.745484113693237 255.0 -225.0 -9000.0
14.754845380783081 255.0 -225.0 -9000.0
14.764622449874878 255.0 -225.0 -9000.0
14.774950981140137 255.0 -225.0 -9000.0
14.786772012710571 255.0 -225.0 -9000.0
14.796310424804688 255.0 -225.0 -9000.0
14.807092666625977 255.0 -225.0 -9000.0
14.817241907119751 129.4 -99.4 -3976.0
14.827933549880981 129.4 -99.4 -3976.0
14.838752746582031 129.4 -99.4 -3976.0
14.849102973937988 255.0 -225.0 -9000.0
14.85870623588562 255.0 -225.0 -9000.0
14.868086099624634 255.0 -225.0 -9000.0
14.88826847076416 255.0 -225.0 -9000.0
14.897950410842896 255.0 -225.0 -9000.0
14.908877611160278 255.0 -225.0 -9000.0
14.920598030090332 255.0 -225.0 -9000.0
14.936552047729492 255.0 -225.0 -9000.0
14.949388980865479 255.0 -225.0 -9000.0
14.963937997817993 255.0 -225.0 -9000.0
14.979329347610474 255.0 -225.0 -9000.0
14.990317344665527 255.0 -225.0 -9000.0
15.001464128494263 255.0 -225.0 -9000.0
15.012194633483887 255.0 -225.0 -9000.0
15.021464824676514 255.0 -225.0 -9000.0
15.032041788101196 255.0 -225.0 -9000.0
15.04191780090332 255.0 -225.0 -9000.0
15.05141806602478 255.0 -225.0 -9000.0
15.060993432998657 255.0 -225.0 -9000.0
15.071276903152466 255.0 -225.0 -9000.0
15.081962823867798 255.0 -225.0 -9000.0
15.096556425094604 255.0 -225.0 -9000.0
15.108056545257568 255.0 -225.0 -9000.0
15.122081279754639 255.0 -225.0 -9000.0
15.133291006088257 255.0 -225.0 -9000.0
15.142175912857056 255.0 -225.0 -9000.0
15.154429197311401 255.0 -225.0 -9000.0
15.164051294326782 255.0 -225.0 -9000.0
15.173319101333618 255.0 -225.0 -9000.0
15.184576988220215 255.0 -225.0 -9000.0
15.194132804870605 255.0 -225.0 -9000.0
15.203798532485962 255.0 -225.0 -9000.0
15.215883255004883 255.0 -225.0 -9000.0
15.226088285446167 255.0 -225.0 -9000.0
15.236514568328857 255.0 -225.0 -9000.0
15.246712923049927 142.0 -112.0 -4480.0
15.256271839141846 142.0 -112.0 -4480.0
15.265870571136475 142.0 -112.0 -4480.0
15.274925947189331 142.0 -112.0 -4480.0
15.286328792572021 255.0 -225.0 -9000.0
15.296083450317383 255.0 -225.0 -9000.0
15.30642056465149 255.0 -225.0 -9000.0
15.316457748413086 255.0 -225.0 -9000.0
15.326557159423828 255.0 -225.0 -9000.0
15.33690071105957 255.0 -225.0 -9000.0
15.346527576446533 255.0 -225.0 -9000.0
15.356309175491333 255.0 -225.0 -9000.0
15.366389989852905 255.0 -225.0 -9000.0
15.37602186203003 255.0 -225.0 -9000.0
15.386418104171753 255.0 -225.0 -9000.0
15.39634895324707 255.0 -225.0 -9000.0
15.406707286834717 255.0 -225.0 -9000.0
15.416784524917603 255.0 -225.0 -9000.0
15.426315784454346 255.0 -225.0 -9000.0
15.437120199203491 255.0 -225.0 -9000.0
15.44671106338501 255.0 -225.0 -9000.0
15.456254243850708 255.0 -225.0 -9000.0
15.46633768081665 81.8 -51.8 -2072.0
15.47615909576416 81.8 -51.8 -2072.0
15.486596584320068 81.8 -51.8 -2072.0
15.496680736541748 255.0 -225.0 -9000.0
15.506958723068237 255.0 -225.0 -9000.0
15.52087664604187 255.0 -225.0 -9000.0
15.53058934211731 255.0 -225.0 -9000.0
15.541861534118652 255.0 -225.0 -9000.0
15.55100393295288 255.0 -225.0 -9000.0
15.560548067092896 255.0 -225.0 -9000.0
15.570758581161499 255.0 -225.0 -9000.0
15.580276250839233 255.0 -225.0 -9000.0
15.590561389923096 255.0 -225.0 -9000.0
15.60022258758545 255.0 -225.0 -9000.0
15.610963582992554 255.0 -225.0 -9000.0
15.620529651641846 255.0 -225.0 -9000.0
15.63040018081665 255.0 -225.0 -9000.0
15.640713453292847 255.0 -225.0 -9000.0
15.65092134475708 255.0 -225.0 -9000.0
15.66072130203247 255.0 -225.0 -9000.0
15.670303583145142 255.0 -225.0 -9000.0
15.6794912815094 255.0 -225.0 -9000.0
15.69068193435669 255.0 -225.0 -9000.0
15.700336933135986 255.0 -225.0 -9000.0
15.710721254348755 255.0 -225.0 -9000.0
15.72206711769104 255.0 -225.0 -9000.0
15.73197340965271 255.0 -225.0 -9000.0
15.74224042892456 255.0 -225.0 -9000.0
15.751734495162964 255.0 -225.0 -9000.0
15.761494159698486 255.0 -225.0 -9000.0
15.770906925201416 255.0 -225.0 -9000.0
15.7807457447052 255.0 -225.0 -9000.0
15.790938138961792 255.0 -225.0 -9000.0
15.80082106590271 255.0 -225.0 -9000.0
15.811259746551514 255.0 -225.0 -9000.0
15.820744037628174 255.0 -225.0 -9000.0
15.831777811050415 255.0 -225.0 -9000.0
15.842695713043213 255.0 -225.0 -9000.0
15.851898670196533 255.0 -225.0 -9000.0
15.861852645874023 255.0 -225.0 -9000.0
15.87204885482788 255.0 -225.0 -9000.0
15.881313800811768 255.0 -225.0 -9000.0
15.892634153366089 255.0 -225.0 -9000.0
15.90217661857605 255.0 -225.0 -9000.0
15.91741132736206 255.0 -225.0 -9000.0
15.928046941757202 255.0 -225.0 -9000.0
15.938513278961182 255.0 -225.0 -9000.0
15.948533058166504 255.0 -225.0 -9000.0
15.958139181137085 255.0 -225.0 -9000.0
15.968733072280884 255.0 -225.0 -9000.0
15.978226900100708 255.0 -225.0 -9000.0
