0 0
0.0003883838653564453 97.0 -67.0 -402.0
0.03264904022216797 97.0 -67.0 -402.0
0.0426788330078125 97.0 -67.0 -402.0
0.052993059158325195 97.0 -67.0 -402.0
0.06327319145202637 97.0 -67.0 -402.0
0.07393050193786621 97.0 -67.0 -402.0
0.08293437957763672 97.0 -67.0 -402.0
0.09200930595397949 97.2 -67.2 -403.20000000000005
0.10267043113708496 97.2 -67.2 -403.20000000000005
0.11201190948486328 97.2 -67.2 -403.20000000000005
0.12388157844543457 97.0 -67.0 -402.0
0.1330089569091797 97.0 -67.0 -402.0
0.1420598030090332 97.0 -67.0 -402.0
0.15300798416137695 95.5 -65.5 -393.0
0.16205263137817383 95.5 -65.5 -393.0
0.17149806022644043 95.5 -65.5 -393.0
0.1814713478088379 95.5 -65.5 -393.0
0.1906883716583252 95.5 -65.5 -393.0
0.20184040069580078 94.7 -64.7 -388.20000000000005
0.2112751007080078 94.7 -64.7 -388.20000000000005
0.22194886207580566 94.7 -64.7 -388.20000000000005
0.23210930824279785 94.7 -64.7 -388.20000000000005
0.24156737327575684 94.7 -64.7 -388.20000000000005
0.2529730796813965 96.0 -66.0 -396.0
0.26198554039001465 96.0 -66.0 -396.0
0.2714109420776367 96.0 -66.0 -396.0
0.2811930179595947 94.5 -64.5 -387.0
0.29029297828674316 94.5 -64.5 -387.0
0.30066561698913574 94.5 -64.5 -387.0
0.3106355667114258 93.7 -63.7 -382.20000000000005
0.3206360340118408 93.7 -63.7 -382.20000000000005
0.33123159408569336 92.9 -62.900000000000006 -377.40000000000003
0.3403780460357666 92.9 -62.900000000000006 -377.40000000000003
0.35117483139038086 92.9 -62.900000000000006 -377.40000000000003
0.3611257076263428 93.1 -63.099999999999994 -378.59999999999997
0.3705294132232666 93.1 -63.099999999999994 -378.59999999999997
0.3853027820587158 92.3 -62.3 -373.79999999999995
0.39827895164489746 92.3 -62.3 -373.79999999999995
0.40949368476867676 91.5 -61.5 -369.0
0.41959214210510254 91.5 -61.5 -369.0
0.4295196533203125 91.5 -61.5 -369.0
0.43949341773986816 91.3 -61.3 -367.79999999999995
0.45754003524780273 91.3 -61.3 -367.79999999999995
0.46833252906799316 90.1 -60.099999999999994 -360.59999999999997
0.47938990592956543 90.1 -60.099999999999994 -360.59999999999997
0.48995494842529297 89.4 -59.400000000000006 -356.40000000000003
0.49939823150634766 89.4 -59.400000000000006 -356.40000000000003
0.5118410587310791 88.6 -58.599999999999994 -351.59999999999997
0.5218548774719238 88.6 -58.599999999999994 -351.59999999999997
0.5318276882171631 88.6 -58.599999999999994 -351.59999999999997
0.5420966148376465 87.2 -57.2 -343.20000000000005
0.5529863834381104 87.2 -57.2 -343.20000000000005
0.5620908737182617 86.9 -56.900000000000006 -341.40000000000003
0.5719239711761475 86.9 -56.900000000000006 -341.40000000000003
0.5814046859741211 86.9 -56.900000000000006 -341.40000000000003
0.5913577079772949 83.9 -53.900000000000006 -323.40000000000003
0.6005454063415527 83.9 -53.900000000000006 -323.40000000000003
0.6113145351409912 83.9 -53.900000000000006 -323.40000000000003
0.6220729351043701 85.3 -55.3 -331.79999999999995
0.6319067478179932 85.3 -55.3 -331.79999999999995
0.6413729190826416 84.1 -54.099999999999994 -324.59999999999997
0.6515374183654785 84.1 -54.099999999999994 -324.59999999999997
0.6618385314941406 84.1 -54.099999999999994 -324.59999999999997
0.6722061634063721 81.8 -51.8 -310.79999999999995
0.6816904544830322 81.8 -51.8 -310.79999999999995
0.6911051273345947 81.8 -51.8 -310.79999999999995
0.7007043361663818 79.2 -49.2 -295.20000000000005
0.7112417221069336 79.2 -49.2 -295.20000000000005
0.7221150398254395 80.0 -50.0 -300.0
0.7320582866668701 80.0 -50.0 -300.0
0.7413873672485352 80.0 -50.0 -300.0
0.7512526512145996 78.8 -48.8 -292.79999999999995
0.7616374492645264 78.8 -48.8 -292.79999999999995
0.7717375755310059 78.6 -48.599999999999994 -291.59999999999997
0.785747766494751 78.6 -48.599999999999994 -291.59999999999997
0.7958986759185791 77.8 -47.8 -286.79999999999995
0.8056399822235107 77.8 -47.8 -286.79999999999995
0.8170938491821289 77.8 -47.8 -286.79999999999995
0.827094316482544 77.0 -47.0 -282.0
0.8365085124969482 77.0 -47.0 -282.0
0.8460128307342529 75.7 -45.7 -274.20000000000005
0.8558714389801025 75.7 -45.7 -274.20000000000005
0.8660671710968018 75.7 -45.7 -274.20000000000005
0.8755834102630615 75.7 -45.7 -274.20000000000005
0.8852479457855225 75.7 -45.7 -274.20000000000005
0.8943748474121094 75.7 -45.7 -274.20000000000005
0.9031178951263428 75.7 -45.7 -274.20000000000005
0.9140622615814209 75.7 -45.7 -274.20000000000005
0.9243769645690918 75.7 -45.7 -274.20000000000005
0.9332153797149658 75.7 -45.7 -274.20000000000005
0.9430966377258301 73.0 -43.0 -258.0
0.95257568359375 73.0 -43.0 -258.0
0.9630210399627686 73.0 -43.0 -258.0
0.9730150699615479 73.0 -43.0 -258.0
0.9820523262023926 73.0 -43.0 -258.0
0.9913620948791504 73.0 -43.0 -258.0
1.0006792545318604 72.1 -42.099999999999994 -252.59999999999997
1.011338472366333 72.1 -42.099999999999994 -252.59999999999997
1.0234689712524414 71.3 -41.3 -247.79999999999998
1.0331189632415771 71.3 -41.3 -247.79999999999998
1.043006420135498 70.6 -40.599999999999994 -243.59999999999997
1.0526680946350098 70.6 -40.599999999999994 -243.59999999999997
1.0634114742279053 70.6 -40.599999999999994 -243.59999999999997
1.0738494396209717 69.3 -39.3 -235.79999999999998
1.082914113998413 69.3 -39.3 -235.79999999999998
1.0921688079833984 68.9 -38.900000000000006 -233.40000000000003
1.1021397113800049 68.9 -38.900000000000006 -233.40000000000003
1.1131110191345215 68.9 -38.900000000000006 -233.40000000000003
1.1243367195129395 68.0 -38.0 -228.0
1.1329774856567383 68.0 -38.0 -228.0
1.1424953937530518 67.7 -37.7 -226.20000000000002
1.1526126861572266 67.7 -37.7 -226.20000000000002
1.1631872653961182 67.7 -37.7 -226.20000000000002
1.1731321811676025 66.1 -36.099999999999994 -216.59999999999997
1.1875560283660889 66.1 -36.099999999999994 -216.59999999999997
1.1976885795593262 66.2 -36.2 -217.20000000000002
1.2074353694915771 66.2 -36.2 -217.20000000000002
1.218224048614502 66.2 -36.2 -217.20000000000002
1.228184700012207 65.4 -35.400000000000006 -212.40000000000003
1.2377727031707764 65.4 -35.400000000000006 -212.40000000000003
1.2481110095977783 65.1 -35.099999999999994 -210.59999999999997
1.2576446533203125 65.1 -35.099999999999994 -210.59999999999997
1.268115758895874 63.9 -33.9 -203.39999999999998
1.278116226196289 63.9 -33.9 -203.39999999999998
1.2876160144805908 63.9 -33.9 -203.39999999999998
1.2976677417755127 63.2 -33.2 -199.20000000000002
1.3071646690368652 63.2 -33.2 -199.20000000000002
1.3190407752990723 62.1 -32.1 -192.60000000000002
1.3284060955047607 62.1 -32.1 -192.60000000000002
1.3379333019256592 62.1 -32.1 -192.60000000000002
1.3484559059143066 61.8 -31.799999999999997 -190.79999999999998
1.3579683303833008 61.8 -31.799999999999997 -190.79999999999998
1.368544340133667 60.9 -30.9 -185.39999999999998
1.3779983520507812 60.9 -30.9 -185.39999999999998
1.3876152038574219 60.9 -30.9 -185.39999999999998
1.397629976272583 60.3 -30.299999999999997 -181.79999999999998
1.4071171283721924 60.3 -30.299999999999997 -181.79999999999998
1.418055534362793 59.7 -29.700000000000003 -178.20000000000002
1.4275333881378174 59.7 -29.700000000000003 -178.20000000000002
1.4370701313018799 59.0 -29.0 -174.0
1.44730806350708 59.0 -29.0 -174.0
1.4614360332489014 58.0 -28.0 -168.0
1.4731929302215576 58.0 -28.0 -168.0
1.483259677886963 58.0 -28.0 -168.0
1.4932212829589844 58.0 -28.0 -168.0
1.502150297164917 58.0 -28.0 -168.0
1.5122137069702148 57.8 -27.799999999999997 -166.79999999999998
1.5256266593933105 57.8 -27.799999999999997 -166.79999999999998
1.5355772972106934 56.7 -26.700000000000003 -160.20000000000002
1.5450971126556396 56.7 -26.700000000000003 -160.20000000000002
1.5546796321868896 56.7 -26.700000000000003 -160.20000000000002
1.5650713443756104 56.3 -26.299999999999997 -157.79999999999998
1.5804591178894043 56.3 -26.299999999999997 -157.79999999999998
1.590613603591919 55.4 -25.4 -152.39999999999998
1.6002461910247803 55.4 -25.4 -152.39999999999998
1.6102988719940186 54.6 -24.6 -147.60000000000002
1.6217882633209229 54.6 -24.6 -147.60000000000002
1.6319622993469238 54.2 -24.200000000000003 -145.20000000000002
1.6414332389831543 54.2 -24.200000000000003 -145.20000000000002
1.6505303382873535 54.2 -24.200000000000003 -145.20000000000002
1.6610610485076904 54.4 -24.4 -146.39999999999998
1.6746668815612793 54.4 -24.4 -146.39999999999998
1.6845808029174805 53.5 -23.5 -141.0
1.6933062076568604 53.5 -23.5 -141.0
1.7022860050201416 52.7 -22.700000000000003 -136.20000000000002
1.7124571800231934 52.7 -22.700000000000003 -136.20000000000002
1.7233879566192627 52.7 -22.700000000000003 -136.20000000000002
1.733351230621338 52.7 -22.700000000000003 -136.20000000000002
1.742497205734253 52.7 -22.700000000000003 -136.20000000000002
1.7565934658050537 51.9 -21.9 -131.39999999999998
1.7695400714874268 51.9 -21.9 -131.39999999999998
1.7849502563476562 50.0 -20.0 -120.0
1.7977864742279053 48.3 -18.299999999999997 -109.79999999999998
1.811657190322876 48.3 -18.299999999999997 -109.79999999999998
1.8277418613433838 48.3 -18.299999999999997 -109.79999999999998
1.8374757766723633 48.3 -18.299999999999997 -109.79999999999998
1.8466722965240479 47.3 -17.299999999999997 -103.79999999999998
1.8569800853729248 47.3 -17.299999999999997 -103.79999999999998
1.867180585861206 47.3 -17.299999999999997 -103.79999999999998
1.8780138492584229 46.0 -16.0 -96.0
1.887467622756958 46.0 -16.0 -96.0
1.8973169326782227 45.4 -15.399999999999999 -92.39999999999999
1.9066243171691895 45.4 -15.399999999999999 -92.39999999999999
1.9175078868865967 44.8 -14.799999999999997 -88.79999999999998
1.9281399250030518 44.8 -14.799999999999997 -88.79999999999998
1.9377236366271973 44.8 -14.799999999999997 -88.79999999999998
1.9478189945220947 43.9 -13.899999999999999 -83.39999999999999
1.9575543403625488 43.9 -13.899999999999999 -83.39999999999999
1.9680523872375488 42.8 -12.799999999999997 -76.79999999999998
1.9820542335510254 42.8 -12.799999999999997 -76.79999999999998
1.9926502704620361 42.5 -12.5 -75.0
2.002171039581299 42.5 -12.5 -75.0
2.0122177600860596 42.0 -12.0 -72.0
2.022434949874878 42.0 -12.0 -72.0
2.0338857173919678 41.1 -11.100000000000001 -66.60000000000001
2.043081760406494 41.1 -11.100000000000001 -66.60000000000001
2.052415609359741 41.1 -11.100000000000001 -66.60000000000001
2.063077926635742 41.0 -11.0 -66.0
2.072082757949829 41.0 -11.0 -66.0
2.083200216293335 40.4 -10.399999999999999 -62.39999999999999
2.0945942401885986 40.4 -10.399999999999999 -62.39999999999999
2.104944944381714 40.1 -10.100000000000001 -60.60000000000001
2.1144914627075195 40.1 -10.100000000000001 -60.60000000000001
2.1251468658447266 39.7 -9.700000000000003 -58.20000000000002
2.1355764865875244 39.7 -9.700000000000003 -58.20000000000002
2.145179510116577 39.7 -9.700000000000003 -58.20000000000002
2.1553292274475098 38.9 -8.899999999999999 -53.39999999999999
2.1646125316619873 38.9 -8.899999999999999 -53.39999999999999
2.1756503582000732 38.9 -8.899999999999999 -53.39999999999999
2.1859118938446045 38.9 -8.899999999999999 -53.39999999999999
2.195821762084961 38.5 -8.5 -51.0
2.2053606510162354 38.5 -8.5 -51.0
2.2152903079986572 37.8 -7.799999999999997 -46.79999999999998
2.225311517715454 37.8 -7.799999999999997 -46.79999999999998
2.235903024673462 37.8 -7.799999999999997 -46.79999999999998
2.2460336685180664 37.6 -7.600000000000001 -45.60000000000001
2.2556190490722656 37.6 -7.600000000000001 -45.60000000000001
2.2656590938568115 37.6 -7.600000000000001 -45.60000000000001
2.2756006717681885 37.6 -7.600000000000001 -45.60000000000001
2.287205696105957 37.6 -7.600000000000001 -45.60000000000001
2.2963967323303223 37.6 -7.600000000000001 -45.60000000000001
2.3057644367218018 37.6 -7.600000000000001 -45.60000000000001
2.316516160964966 37.2 -7.200000000000003 -43.20000000000002
2.325925350189209 37.2 -7.200000000000003 -43.20000000000002
2.3372766971588135 37.0 -7.0 -42.0
2.3466055393218994 37.0 -7.0 -42.0
2.3566737174987793 37.0 -7.0 -42.0
2.365917444229126 37.0 -7.0 -42.0
2.3757646083831787 36.5 -6.5 -39.0
2.399136543273926 36.5 -6.5 -39.0
2.4093334674835205 36.4 -6.399999999999999 -38.39999999999999
2.4199905395507812 36.4 -6.399999999999999 -38.39999999999999
2.4299283027648926 36.2 -6.200000000000003 -37.20000000000002
2.4402005672454834 36.2 -6.200000000000003 -37.20000000000002
2.4515836238861084 35.5 -5.5 -33.0
2.460697650909424 35.5 -5.5 -33.0
2.4711532592773438 34.9 -4.899999999999999 -29.39999999999999
2.4889824390411377 34.9 -4.899999999999999 -29.39999999999999
2.498586416244507 34.9 -4.899999999999999 -29.39999999999999
2.5086982250213623 34.9 -4.899999999999999 -29.39999999999999
2.520066738128662 34.2 -4.200000000000003 -25.200000000000017
2.529588460922241 34.2 -4.200000000000003 -25.200000000000017
2.5405092239379883 34.5 -4.5 -27.0
2.5500710010528564 34.5 -4.5 -27.0
2.5594050884246826 34.5 -4.5 -27.0
2.5693085193634033 33.8 -3.799999999999997 -22.799999999999983
2.579244613647461 33.8 -3.799999999999997 -22.799999999999983
2.590247631072998 33.8 -3.799999999999997 -22.799999999999983
2.5998167991638184 33.8 -3.799999999999997 -22.799999999999983
2.609560251235962 33.6 -3.6000000000000014 -21.60000000000001
2.620091199874878 33.6 -3.6000000000000014 -21.60000000000001
2.6294991970062256 33.6 -3.6000000000000014 -21.60000000000001
2.6406562328338623 33.0 -3.0 -18.0
2.6502902507781982 33.0 -3.0 -18.0
2.6602540016174316 33.4 -3.3999999999999986 -20.39999999999999
2.6698150634765625 33.4 -3.3999999999999986 -20.39999999999999
2.680402994155884 32.9 -2.8999999999999986 -17.39999999999999
2.6912384033203125 32.9 -2.8999999999999986 -17.39999999999999
2.7004494667053223 33.0 -3.0 -18.0
2.7106380462646484 33.0 -3.0 -18.0
2.7211456298828125 33.0 -3.0 -18.0
2.7306220531463623 32.6 -2.6000000000000014 -15.600000000000009
2.7413618564605713 32.6 -2.6000000000000014 -15.600000000000009
2.751696825027466 33.0 -3.0 -18.0
2.761075735092163 33.0 -3.0 -18.0
2.771174430847168 32.8 -2.799999999999997 -16.799999999999983
2.7856929302215576 32.8 -2.799999999999997 -16.799999999999983
2.797104835510254 32.8 -2.799999999999997 -16.799999999999983
2.806138515472412 32.8 -2.799999999999997 -16.799999999999983
2.8173327445983887 32.6 -2.6000000000000014 -15.600000000000009
2.827066421508789 32.6 -2.6000000000000014 -15.600000000000009
2.8360471725463867 32.6 -2.6000000000000014 -15.600000000000009
2.8471860885620117 32.6 -2.6000000000000014 -15.600000000000009
2.8561713695526123 32.6 -2.6000000000000014 -15.600000000000009
2.8661367893218994 32.6 -2.6000000000000014 -15.600000000000009
2.8757338523864746 32.6 -2.6000000000000014 -15.600000000000009
2.887054443359375 32.1 -2.1000000000000014 -12.600000000000009
2.8975071907043457 32.1 -2.1000000000000014 -12.600000000000009
2.9070706367492676 32.1 -2.1000000000000014 -12.600000000000009
2.9176106452941895 32.1 -2.1000000000000014 -12.600000000000009
2.9271442890167236 32.1 -2.1000000000000014 -12.600000000000009
2.937312602996826 32.1 -2.1000000000000014 -12.600000000000009
2.9477174282073975 32.1 -2.1000000000000014 -12.600000000000009
2.957878589630127 32.1 -2.1000000000000014 -12.600000000000009
2.967404365539551 32.1 -2.1000000000000014 -12.600000000000009
2.97660231590271 32.1 -2.1000000000000014 -12.600000000000009
2.9874427318573 32.1 -2.1000000000000014 -12.600000000000009
2.997807502746582 32.1 -2.1000000000000014 -12.600000000000009
3.0082175731658936 32.6 -2.6000000000000014 -15.600000000000009
3.0199153423309326 32.6 -2.6000000000000014 -15.600000000000009
3.0299811363220215 32.6 -2.6000000000000014 -15.600000000000009
3.039375066757202 32.6 -2.6000000000000014 -15.600000000000009
3.0505998134613037 32.6 -2.6000000000000014 -15.600000000000009
3.0601587295532227 32.6 -2.6000000000000014 -15.600000000000009
3.0699214935302734 32.1 -2.1000000000000014 -12.600000000000009
3.0801050662994385 32.1 -2.1000000000000014 -12.600000000000009
3.090174436569214 32.1 -2.1000000000000014 -12.600000000000009
3.1006669998168945 32.1 -2.1000000000000014 -12.600000000000009
3.1102545261383057 32.1 -2.1000000000000014 -12.600000000000009
3.1212446689605713 32.1 -2.1000000000000014 -12.600000000000009
3.1306278705596924 32.1 -2.1000000000000014 -12.600000000000009
3.141209363937378 32.1 -2.1000000000000014 -12.600000000000009
3.151609182357788 32.1 -2.1000000000000014 -12.600000000000009
3.1611337661743164 32.1 -2.1000000000000014 -12.600000000000009
3.171048402786255 32.1 -2.1000000000000014 -12.600000000000009
3.184699535369873 32.6 -2.6000000000000014 -15.600000000000009
3.199350595474243 32.6 -2.6000000000000014 -15.600000000000009
3.2095282077789307 32.6 -2.6000000000000014 -15.600000000000009
3.2198147773742676 32.6 -2.6000000000000014 -15.600000000000009
3.2291524410247803 32.6 -2.6000000000000014 -15.600000000000009
3.2392091751098633 32.6 -2.6000000000000014 -15.600000000000009
3.2498722076416016 32.6 -2.6000000000000014 -15.600000000000009
3.260145902633667 32.6 -2.6000000000000014 -15.600000000000009
3.2699060440063477 32.6 -2.6000000000000014 -15.600000000000009
3.280085325241089 32.1 -2.1000000000000014 -12.600000000000009
3.289729356765747 32.1 -2.1000000000000014 -12.600000000000009
3.3006839752197266 32.1 -2.1000000000000014 -12.600000000000009
3.311319589614868 32.1 -2.1000000000000014 -12.600000000000009
3.321246385574341 32.1 -2.1000000000000014 -12.600000000000009
3.331143617630005 32.1 -2.1000000000000014 -12.600000000000009
3.340395450592041 32.1 -2.1000000000000014 -12.600000000000009
3.3517630100250244 32.1 -2.1000000000000014 -12.600000000000009
3.361278772354126 32.1 -2.1000000000000014 -12.600000000000009
3.3714382648468018 32.1 -2.1000000000000014 -12.600000000000009
3.3806660175323486 32.1 -2.1000000000000014 -12.600000000000009
3.4020965099334717 32.2 -2.200000000000003 -13.200000000000017
3.419337034225464 32.2 -2.200000000000003 -13.200000000000017
3.429163932800293 32.2 -2.200000000000003 -13.200000000000017
3.438523292541504 32.2 -2.200000000000003 -13.200000000000017
3.44858717918396 32.2 -2.200000000000003 -13.200000000000017
3.4581024646759033 32.2 -2.200000000000003 -13.200000000000017
3.469109296798706 32.2 -2.200000000000003 -13.200000000000017
3.4794094562530518 32.2 -2.200000000000003 -13.200000000000017
3.4945459365844727 32.2 -2.200000000000003 -13.200000000000017
3.5053060054779053 32.2 -2.200000000000003 -13.200000000000017
3.51745867729187 32.1 -2.1000000000000014 -12.600000000000009
3.527177333831787 32.1 -2.1000000000000014 -12.600000000000009
3.537829875946045 32.1 -2.1000000000000014 -12.600000000000009
3.5479605197906494 32.1 -2.1000000000000014 -12.600000000000009
3.558149576187134 32.1 -2.1000000000000014 -12.600000000000009
3.5683555603027344 32.1 -2.1000000000000014 -12.600000000000009
3.5779311656951904 32.2 -2.200000000000003 -13.200000000000017
3.592104911804199 32.2 -2.200000000000003 -13.200000000000017
3.6051766872406006 30.8 -0.8000000000000007 -4.800000000000004
3.616150379180908 30.8 -0.8000000000000007 -4.800000000000004
3.626089334487915 30.8 -0.8000000000000007 -4.800000000000004
3.6356563568115234 30.8 -0.8000000000000007 -4.800000000000004
3.6451427936553955 30.8 -0.8000000000000007 -4.800000000000004
3.6553523540496826 32.2 -2.200000000000003 -13.200000000000017
3.6652488708496094 32.2 -2.200000000000003 -13.200000000000017
3.6761510372161865 32.2 -2.200000000000003 -13.200000000000017
3.6857502460479736 32.2 -2.200000000000003 -13.200000000000017
3.6956000328063965 32.2 -2.200000000000003 -13.200000000000017
3.7056210041046143 32.2 -2.200000000000003 -13.200000000000017
3.715740919113159 32.2 -2.200000000000003 -13.200000000000017
3.727083683013916 32.2 -2.200000000000003 -13.200000000000017
3.736095428466797 32.2 -2.200000000000003 -13.200000000000017
3.7461800575256348 32.0 -2.0 -12.0
3.755641460418701 32.0 -2.0 -12.0
3.7655029296875 32.0 -2.0 -12.0
3.7757205963134766 32.0 -2.0 -12.0
3.785153865814209 32.0 -2.0 -12.0
3.7951500415802 32.0 -2.0 -12.0
3.804569959640503 32.0 -2.0 -12.0
3.81459641456604 32.0 -2.0 -12.0
3.8255655765533447 32.0 -2.0 -12.0
3.8390023708343506 32.0 -2.0 -12.0
3.852053642272949 32.0 -2.0 -12.0
3.86643385887146 30.8 -0.8000000000000007 -4.800000000000004
3.881181001663208 30.8 -0.8000000000000007 -4.800000000000004
3.8931729793548584 30.8 -0.8000000000000007 -4.800000000000004
3.903320074081421 30.8 -0.8000000000000007 -4.800000000000004
3.913382053375244 30.8 -0.8000000000000007 -4.800000000000004
3.9256856441497803 30.8 -0.8000000000000007 -4.800000000000004
3.9352619647979736 30.8 -0.8000000000000007 -4.800000000000004
3.9444632530212402 30.8 -0.8000000000000007 -4.800000000000004
3.95458722114563 30.8 -0.8000000000000007 -4.800000000000004
3.9632558822631836 30.8 -0.8000000000000007 -4.800000000000004
3.9749674797058105 30.8 -0.8000000000000007 -4.800000000000004
3.9880826473236084 30.8 -0.8000000000000007 -4.800000000000004
3.998056411743164 30.8 -0.8000000000000007 -4.800000000000004
4.007669448852539 30.8 -0.8000000000000007 -4.800000000000004
4.018524408340454 30.6 -0.6000000000000014 -3.6000000000000085
4.029224157333374 30.6 -0.6000000000000014 -3.6000000000000085
4.038558006286621 30.8 -0.8000000000000007 -4.800000000000004
4.049066543579102 30.8 -0.8000000000000007 -4.800000000000004
4.058289051055908 30.8 -0.8000000000000007 -4.800000000000004
4.068353176116943 30.8 -0.8000000000000007 -4.800000000000004
4.0785813331604 30.8 -0.8000000000000007 -4.800000000000004
4.088570833206177 30.8 -0.8000000000000007 -4.800000000000004
4.098061800003052 30.8 -0.8000000000000007 -4.800000000000004
4.1081507205963135 30.8 -0.8000000000000007 -4.800000000000004
4.119960069656372 30.8 -0.8000000000000007 -4.800000000000004
4.130326986312866 30.8 -0.8000000000000007 -4.800000000000004
4.140402793884277 30.8 -0.8000000000000007 -4.800000000000004
4.150168180465698 30.8 -0.8000000000000007 -4.800000000000004
4.160307168960571 30.8 -0.8000000000000007 -4.800000000000004
4.169832706451416 30.8 -0.8000000000000007 -4.800000000000004
4.181157350540161 30.8 -0.8000000000000007 -4.800000000000004
4.190323352813721 30.8 -0.8000000000000007 -4.800000000000004
4.199876070022583 30.8 -0.8000000000000007 -4.800000000000004
4.210247039794922 30.8 -0.8000000000000007 -4.800000000000004
4.221235752105713 30.8 -0.8000000000000007 -4.800000000000004
4.232028007507324 30.8 -0.8000000000000007 -4.800000000000004
4.241514682769775 30.8 -0.8000000000000007 -4.800000000000004
4.251627206802368 30.8 -0.8000000000000007 -4.800000000000004
4.261056423187256 30.8 -0.8000000000000007 -4.800000000000004
4.2704856395721436 30.8 -0.8000000000000007 -4.800000000000004
4.281465291976929 30.8 -0.8000000000000007 -4.800000000000004
4.290578126907349 30.8 -0.8000000000000007 -4.800000000000004
4.300395250320435 30.8 -0.8000000000000007 -4.800000000000004
4.310156583786011 30.8 -0.8000000000000007 -4.800000000000004
4.321472406387329 30.8 -0.8000000000000007 -4.800000000000004
4.3317999839782715 30.8 -0.8000000000000007 -4.800000000000004
4.341833591461182 30.8 -0.8000000000000007 -4.800000000000004
4.351322412490845 30.8 -0.8000000000000007 -4.800000000000004
4.360429048538208 30.8 -0.8000000000000007 -4.800000000000004
4.37044620513916 30.8 -0.8000000000000007 -4.800000000000004
4.381109714508057 30.8 -0.8000000000000007 -4.800000000000004
4.3953797817230225 30.8 -0.8000000000000007 -4.800000000000004
4.405047416687012 30.8 -0.8000000000000007 -4.800000000000004
4.41601300239563 30.8 -0.8000000000000007 -4.800000000000004
4.426062345504761 30.8 -0.8000000000000007 -4.800000000000004
4.437429904937744 30.8 -0.8000000000000007 -4.800000000000004
4.446980953216553 30.8 -0.8000000000000007 -4.800000000000004
4.457158088684082 30.8 -0.8000000000000007 -4.800000000000004
4.466076374053955 30.8 -0.8000000000000007 -4.800000000000004
4.475669860839844 30.8 -0.8000000000000007 -4.800000000000004
4.487555503845215 30.8 -0.8000000000000007 -4.800000000000004
4.497098684310913 30.8 -0.8000000000000007 -4.800000000000004
4.511360168457031 30.8 -0.8000000000000007 -4.800000000000004
4.52241587638855 30.8 -0.8000000000000007 -4.800000000000004
4.533423900604248 30.8 -0.8000000000000007 -4.800000000000004
4.542942523956299 30.8 -0.8000000000000007 -4.800000000000004
4.5531229972839355 30.8 -0.8000000000000007 -4.800000000000004
4.564494609832764 30.8 -0.8000000000000007 -4.800000000000004
4.574518203735352 30.8 -0.8000000000000007 -4.800000000000004
4.585012435913086 30.8 -0.8000000000000007 -4.800000000000004
4.593433380126953 30.8 -0.8000000000000007 -4.800000000000004
4.6031835079193115 30.8 -0.8000000000000007 -4.800000000000004
4.61228084564209 30.8 -0.8000000000000007 -4.800000000000004
4.625624179840088 30.6 -0.6000000000000014 -3.6000000000000085
4.636439085006714 30.6 -0.6000000000000014 -3.6000000000000085
4.648989200592041 30.8 -0.8000000000000007 -4.800000000000004
4.658243179321289 30.8 -0.8000000000000007 -4.800000000000004
4.668267250061035 30.8 -0.8000000000000007 -4.800000000000004
4.67779016494751 30.8 -0.8000000000000007 -4.800000000000004
4.688581228256226 30.8 -0.8000000000000007 -4.800000000000004
4.69821572303772 30.8 -0.8000000000000007 -4.800000000000004
4.707671165466309 30.8 -0.8000000000000007 -4.800000000000004
4.718200206756592 30.8 -0.8000000000000007 -4.800000000000004
4.728063106536865 30.8 -0.8000000000000007 -4.800000000000004
4.738486289978027 30.8 -0.8000000000000007 -4.800000000000004
4.748178005218506 30.8 -0.8000000000000007 -4.800000000000004
4.758329153060913 30.8 -0.8000000000000007 -4.800000000000004
4.767829895019531 30.8 -0.8000000000000007 -4.800000000000004
4.777377605438232 30.8 -0.8000000000000007 -4.800000000000004
4.791862487792969 30.8 -0.8000000000000007 -4.800000000000004
4.802003622055054 30.8 -0.8000000000000007 -4.800000000000004
4.811943769454956 30.8 -0.8000000000000007 -4.800000000000004
4.822209596633911 30.8 -0.8000000000000007 -4.800000000000004
4.83311653137207 30.8 -0.8000000000000007 -4.800000000000004
4.843358516693115 30.8 -0.8000000000000007 -4.800000000000004
4.854355096817017 30.8 -0.8000000000000007 -4.800000000000004
4.863138675689697 30.8 -0.8000000000000007 -4.800000000000004
4.873212575912476 30.8 -0.8000000000000007 -4.800000000000004
4.8824310302734375 30.8 -0.8000000000000007 -4.800000000000004
4.89296293258667 30.8 -0.8000000000000007 -4.800000000000004
4.902502775192261 30.8 -0.8000000000000007 -4.800000000000004
4.912005662918091 30.8 -0.8000000000000007 -4.800000000000004
4.9231956005096436 30.8 -0.8000000000000007 -4.800000000000004
4.933208227157593 30.8 -0.8000000000000007 -4.800000000000004
4.9450483322143555 30.3 -0.3000000000000007 -1.8000000000000043
4.953948020935059 30.3 -0.3000000000000007 -1.8000000000000043
4.96435284614563 30.8 -0.8000000000000007 -4.800000000000004
4.973167181015015 30.8 -0.8000000000000007 -4.800000000000004
4.982286691665649 30.8 -0.8000000000000007 -4.800000000000004
4.993425369262695 30.8 -0.8000000000000007 -4.800000000000004
5.002925634384155 30.8 -0.8000000000000007 -4.800000000000004
5.013095855712891 30.8 -0.8000000000000007 -4.800000000000004
5.023070335388184 30.8 -0.8000000000000007 -4.800000000000004
5.032270431518555 30.8 -0.8000000000000007 -4.800000000000004
5.043837308883667 30.8 -0.8000000000000007 -4.800000000000004
5.053134202957153 30.8 -0.8000000000000007 -4.800000000000004
5.063206911087036 30.8 -0.8000000000000007 -4.800000000000004
5.0722877979278564 30.8 -0.8000000000000007 -4.800000000000004
5.082275152206421 30.8 -0.8000000000000007 -4.800000000000004
5.0931267738342285 30.8 -0.8000000000000007 -4.800000000000004
5.103292226791382 30.8 -0.8000000000000007 -4.800000000000004
5.1129701137542725 30.8 -0.8000000000000007 -4.800000000000004
5.12312126159668 30.8 -0.8000000000000007 -4.800000000000004
5.135536432266235 30.8 -0.8000000000000007 -4.800000000000004
5.145769834518433 30.8 -0.8000000000000007 -4.800000000000004
5.155970096588135 30.8 -0.8000000000000007 -4.800000000000004
5.1654462814331055 30.8 -0.8000000000000007 -4.800000000000004
5.175591468811035 30.8 -0.8000000000000007 -4.800000000000004
5.185194730758667 30.8 -0.8000000000000007 -4.800000000000004
5.199934959411621 30.8 -0.8000000000000007 -4.800000000000004
5.210150241851807 30.8 -0.8000000000000007 -4.800000000000004
5.221551895141602 30.6 -0.6000000000000014 -3.6000000000000085
5.23123025894165 30.6 -0.6000000000000014 -3.6000000000000085
5.242475748062134 30.8 -0.8000000000000007 -4.800000000000004
5.252036809921265 30.8 -0.8000000000000007 -4.800000000000004
5.261494874954224 30.8 -0.8000000000000007 -4.800000000000004
5.2713093757629395 30.8 -0.8000000000000007 -4.800000000000004
5.280475854873657 30.8 -0.8000000000000007 -4.800000000000004
5.290582656860352 30.8 -0.8000000000000007 -4.800000000000004
5.301170587539673 30.8 -0.8000000000000007 -4.800000000000004
5.3112633228302 30.8 -0.8000000000000007 -4.800000000000004
5.3211305141448975 30.8 -0.8000000000000007 -4.800000000000004
5.3303515911102295 30.8 -0.8000000000000007 -4.800000000000004
5.340576410293579 30.8 -0.8000000000000007 -4.800000000000004
5.351327180862427 30.8 -0.8000000000000007 -4.800000000000004
5.361412048339844 30.8 -0.8000000000000007 -4.800000000000004
5.370481252670288 30.8 -0.8000000000000007 -4.800000000000004
5.3805091381073 30.8 -0.8000000000000007 -4.800000000000004
5.390083312988281 30.8 -0.8000000000000007 -4.800000000000004
5.400367259979248 30.8 -0.8000000000000007 -4.800000000000004
5.410641193389893 30.8 -0.8000000000000007 -4.800000000000004
5.420961856842041 30.8 -0.8000000000000007 -4.800000000000004
5.431047439575195 30.8 -0.8000000000000007 -4.800000000000004
5.440229892730713 30.8 -0.8000000000000007 -4.800000000000004
5.451944351196289 30.8 -0.8000000000000007 -4.800000000000004
5.46140193939209 30.8 -0.8000000000000007 -4.800000000000004
5.470671653747559 30.8 -0.8000000000000007 -4.800000000000004
5.481886625289917 30.8 -0.8000000000000007 -4.800000000000004
5.491379261016846 30.8 -0.8000000000000007 -4.800000000000004
5.502045631408691 30.8 -0.8000000000000007 -4.800000000000004
5.511542558670044 30.8 -0.8000000000000007 -4.800000000000004
5.5283684730529785 30.6 -0.6000000000000014 -3.6000000000000085
5.537935256958008 30.6 -0.6000000000000014 -3.6000000000000085
5.5493481159210205 30.8 -0.8000000000000007 -4.800000000000004
5.558997869491577 30.8 -0.8000000000000007 -4.800000000000004
5.569967746734619 30.8 -0.8000000000000007 -4.800000000000004
5.579417943954468 30.8 -0.8000000000000007 -4.800000000000004
5.59331202507019 30.8 -0.8000000000000007 -4.800000000000004
5.6046528816223145 30.8 -0.8000000000000007 -4.800000000000004
5.615587472915649 30.8 -0.8000000000000007 -4.800000000000004
5.625319242477417 30.8 -0.8000000000000007 -4.800000000000004
5.636443614959717 30.8 -0.8000000000000007 -4.800000000000004
5.645813703536987 30.8 -0.8000000000000007 -4.800000000000004
5.657845497131348 30.8 -0.8000000000000007 -4.800000000000004
5.667342185974121 30.8 -0.8000000000000007 -4.800000000000004
5.6765522956848145 30.8 -0.8000000000000007 -4.800000000000004
5.68650221824646 30.8 -0.8000000000000007 -4.800000000000004
5.695850610733032 30.8 -0.8000000000000007 -4.800000000000004
5.7073814868927 30.8 -0.8000000000000007 -4.800000000000004
5.717417478561401 30.8 -0.8000000000000007 -4.800000000000004
5.727417230606079 30.8 -0.8000000000000007 -4.800000000000004
5.7369749546051025 30.8 -0.8000000000000007 -4.800000000000004
5.746086597442627 30.8 -0.8000000000000007 -4.800000000000004
5.7578346729278564 30.8 -0.8000000000000007 -4.800000000000004
5.767481327056885 30.8 -0.8000000000000007 -4.800000000000004
5.777578592300415 30.8 -0.8000000000000007 -4.800000000000004
5.787070989608765 30.8 -0.8000000000000007 -4.800000000000004
5.796551704406738 30.8 -0.8000000000000007 -4.800000000000004
5.8071675300598145 30.8 -0.8000000000000007 -4.800000000000004
5.8179967403411865 30.6 -0.6000000000000014 -3.6000000000000085
5.827786207199097 30.6 -0.6000000000000014 -3.6000000000000085
5.837307691574097 30.6 -0.6000000000000014 -3.6000000000000085
5.847397089004517 30.8 -0.8000000000000007 -4.800000000000004
5.858044147491455 30.8 -0.8000000000000007 -4.800000000000004
5.867981910705566 30.8 -0.8000000000000007 -4.800000000000004
5.87747049331665 30.8 -0.8000000000000007 -4.800000000000004
5.887340784072876 30.8 -0.8000000000000007 -4.800000000000004
5.896501064300537 30.8 -0.8000000000000007 -4.800000000000004
5.907879114151001 30.8 -0.8000000000000007 -4.800000000000004
5.921929836273193 30.8 -0.8000000000000007 -4.800000000000004
5.935959100723267 30.8 -0.8000000000000007 -4.800000000000004
5.948695659637451 30.8 -0.8000000000000007 -4.800000000000004
5.965258836746216 30.8 -0.8000000000000007 -4.800000000000004
5.978174924850464 30.8 -0.8000000000000007 -4.800000000000004
6.0051867961883545 30.8 -0.8000000000000007 -4.800000000000004
6.016671180725098 30.8 -0.8000000000000007 -4.800000000000004
6.026977300643921 30.8 -0.8000000000000007 -4.800000000000004
6.038560152053833 30.8 -0.8000000000000007 -4.800000000000004
6.048654317855835 30.8 -0.8000000000000007 -4.800000000000004
6.0594565868377686 30.8 -0.8000000000000007 -4.800000000000004
6.069092750549316 30.8 -0.8000000000000007 -4.800000000000004
6.079137325286865 30.8 -0.8000000000000007 -4.800000000000004
6.0884010791778564 30.8 -0.8000000000000007 -4.800000000000004
6.09833025932312 30.8 -0.8000000000000007 -4.800000000000004
6.108513832092285 30.8 -0.8000000000000007 -4.800000000000004
6.119384050369263 30.8 -0.8000000000000007 -4.800000000000004
6.129095077514648 30.8 -0.8000000000000007 -4.800000000000004
6.13927149772644 30.8 -0.8000000000000007 -4.800000000000004
6.159339427947998 30.8 -0.8000000000000007 -4.800000000000004
6.171969890594482 30.8 -0.8000000000000007 -4.800000000000004
6.181415319442749 30.8 -0.8000000000000007 -4.800000000000004
6.191307306289673 30.8 -0.8000000000000007 -4.800000000000004
6.200395345687866 30.8 -0.8000000000000007 -4.800000000000004
6.211642265319824 30.8 -0.8000000000000007 -4.800000000000004
6.221856594085693 30.8 -0.8000000000000007 -4.800000000000004
6.231293201446533 30.8 -0.8000000000000007 -4.800000000000004
6.2412121295928955 30.8 -0.8000000000000007 -4.800000000000004
6.250570297241211 30.8 -0.8000000000000007 -4.800000000000004
6.262286424636841 30.8 -0.8000000000000007 -4.800000000000004
6.2718634605407715 30.8 -0.8000000000000007 -4.800000000000004
6.281865119934082 30.8 -0.8000000000000007 -4.800000000000004
6.291346788406372 30.8 -0.8000000000000007 -4.800000000000004
6.300505876541138 30.8 -0.8000000000000007 -4.800000000000004
6.311864376068115 30.8 -0.8000000000000007 -4.800000000000004
6.322052717208862 30.8 -0.8000000000000007 -4.800000000000004
6.332134962081909 30.8 -0.8000000000000007 -4.800000000000004
6.341629505157471 30.8 -0.8000000000000007 -4.800000000000004
6.351732015609741 30.8 -0.8000000000000007 -4.800000000000004
6.361956357955933 30.8 -0.8000000000000007 -4.800000000000004
6.372975587844849 30.8 -0.8000000000000007 -4.800000000000004
6.382121801376343 30.8 -0.8000000000000007 -4.800000000000004
6.397329807281494 30.8 -0.8000000000000007 -4.800000000000004
6.406599044799805 30.8 -0.8000000000000007 -4.800000000000004
6.4185566902160645 30.8 -0.8000000000000007 -4.800000000000004
6.428231239318848 30.8 -0.8000000000000007 -4.800000000000004
6.437734842300415 30.8 -0.8000000000000007 -4.800000000000004
6.447707891464233 30.8 -0.8000000000000007 -4.800000000000004
6.457251310348511 30.8 -0.8000000000000007 -4.800000000000004
6.468209505081177 30.8 -0.8000000000000007 -4.800000000000004
6.479496717453003 30.8 -0.8000000000000007 -4.800000000000004
6.489473104476929 30.8 -0.8000000000000007 -4.800000000000004
6.4989635944366455 30.8 -0.8000000000000007 -4.800000000000004
6.508216857910156 30.8 -0.8000000000000007 -4.800000000000004
6.523462772369385 30.8 -0.8000000000000007 -4.800000000000004
6.576586961746216 30.8 -0.8000000000000007 -4.800000000000004
6.605358600616455 30.8 -0.8000000000000007 -4.800000000000004
6.627930402755737 30.8 -0.8000000000000007 -4.800000000000004
6.649247407913208 30.8 -0.8000000000000007 -4.800000000000004
6.674445390701294 30.8 -0.8000000000000007 -4.800000000000004
6.6951446533203125 30.8 -0.8000000000000007 -4.800000000000004
6.715784788131714 30.8 -0.8000000000000007 -4.800000000000004
6.739468574523926 30.8 -0.8000000000000007 -4.800000000000004
6.760374546051025 30.8 -0.8000000000000007 -4.800000000000004
6.782583475112915 30.8 -0.8000000000000007 -4.800000000000004
6.8077216148376465 30.8 -0.8000000000000007 -4.800000000000004
6.831714153289795 30.8 -0.8000000000000007 -4.800000000000004
6.852227449417114 30.8 -0.8000000000000007 -4.800000000000004
6.874346971511841 30.8 -0.8000000000000007 -4.800000000000004
6.885214328765869 30.8 -0.8000000000000007 -4.800000000000004
6.894634485244751 30.8 -0.8000000000000007 -4.800000000000004
6.905080318450928 30.8 -0.8000000000000007 -4.800000000000004
6.914694309234619 30.8 -0.8000000000000007 -4.800000000000004
6.927132844924927 30.8 -0.8000000000000007 -4.800000000000004
6.936049461364746 30.8 -0.8000000000000007 -4.800000000000004
6.945566177368164 30.8 -0.8000000000000007 -4.800000000000004
6.955715894699097 30.8 -0.8000000000000007 -4.800000000000004
6.96528697013855 30.8 -0.8000000000000007 -4.800000000000004
6.983033180236816 30.8 -0.8000000000000007 -4.800000000000004
6.992156982421875 30.8 -0.8000000000000007 -4.800000000000004
7.002084493637085 30.8 -0.8000000000000007 -4.800000000000004
7.011603593826294 30.8 -0.8000000000000007 -4.800000000000004
7.023258447647095 30.6 -0.6000000000000014 -3.6000000000000085
7.032976150512695 30.6 -0.6000000000000014 -3.6000000000000085
7.043001890182495 30.8 -0.8000000000000007 -4.800000000000004
7.05217981338501 30.8 -0.8000000000000007 -4.800000000000004
7.061639785766602 30.8 -0.8000000000000007 -4.800000000000004
7.07140040397644 30.8 -0.8000000000000007 -4.800000000000004
7.081998825073242 30.8 -0.8000000000000007 -4.800000000000004
7.092022657394409 30.8 -0.8000000000000007 -4.800000000000004
7.101482629776001 30.8 -0.8000000000000007 -4.800000000000004
7.112507581710815 30.8 -0.8000000000000007 -4.800000000000004
7.123952388763428 30.8 -0.8000000000000007 -4.800000000000004
7.133835792541504 30.8 -0.8000000000000007 -4.800000000000004
7.14298152923584 30.8 -0.8000000000000007 -4.800000000000004
7.152232646942139 30.8 -0.8000000000000007 -4.800000000000004
7.162268877029419 30.8 -0.8000000000000007 -4.800000000000004
7.172041416168213 30.8 -0.8000000000000007 -4.800000000000004
7.184403657913208 30.8 -0.8000000000000007 -4.800000000000004
7.197815656661987 30.8 -0.8000000000000007 -4.800000000000004
7.208062648773193 30.8 -0.8000000000000007 -4.800000000000004
7.218454360961914 30.8 -0.8000000000000007 -4.800000000000004
7.2295777797698975 30.8 -0.8000000000000007 -4.800000000000004
7.238984107971191 30.8 -0.8000000000000007 -4.800000000000004
7.248556613922119 30.8 -0.8000000000000007 -4.800000000000004
7.258284568786621 30.8 -0.8000000000000007 -4.800000000000004
7.267971038818359 30.8 -0.8000000000000007 -4.800000000000004
7.279115676879883 30.8 -0.8000000000000007 -4.800000000000004
7.288675546646118 30.8 -0.8000000000000007 -4.800000000000004
7.298979759216309 30.8 -0.8000000000000007 -4.800000000000004
7.308217287063599 30.8 -0.8000000000000007 -4.800000000000004
7.319151401519775 30.8 -0.8000000000000007 -4.800000000000004
7.329726457595825 30.8 -0.8000000000000007 -4.800000000000004
7.339057207107544 30.8 -0.8000000000000007 -4.800000000000004
7.348681449890137 30.8 -0.8000000000000007 -4.800000000000004
7.361379861831665 30.8 -0.8000000000000007 -4.800000000000004
7.371319532394409 30.8 -0.8000000000000007 -4.800000000000004
7.381787300109863 30.8 -0.8000000000000007 -4.800000000000004
7.395783185958862 30.8 -0.8000000000000007 -4.800000000000004
7.4075233936309814 30.8 -0.8000000000000007 -4.800000000000004
7.418254613876343 30.8 -0.8000000000000007 -4.800000000000004
7.428684711456299 30.8 -0.8000000000000007 -4.800000000000004
7.438664197921753 30.8 -0.8000000000000007 -4.800000000000004
7.449203014373779 30.8 -0.8000000000000007 -4.800000000000004
7.45945143699646 30.8 -0.8000000000000007 -4.800000000000004
7.468695402145386 30.8 -0.8000000000000007 -4.800000000000004
7.4822609424591064 30.8 -0.8000000000000007 -4.800000000000004
7.49215030670166 30.8 -0.8000000000000007 -4.800000000000004
7.501617670059204 30.8 -0.8000000000000007 -4.800000000000004
7.513144016265869 30.8 -0.8000000000000007 -4.800000000000004
7.5230793952941895 30.8 -0.8000000000000007 -4.800000000000004
7.540538787841797 30.8 -0.8000000000000007 -4.800000000000004
7.571246147155762 30.8 -0.8000000000000007 -4.800000000000004
7.598545789718628 30.8 -0.8000000000000007 -4.800000000000004
7.625162363052368 30.6 -0.6000000000000014 -3.6000000000000085
7.649934768676758 30.8 -0.8000000000000007 -4.800000000000004
7.670535326004028 30.8 -0.8000000000000007 -4.800000000000004
7.69527530670166 30.8 -0.8000000000000007 -4.800000000000004
7.719171047210693 30.8 -0.8000000000000007 -4.800000000000004
7.74303936958313 30.8 -0.8000000000000007 -4.800000000000004
7.76219367980957 30.8 -0.8000000000000007 -4.800000000000004
7.787990093231201 30.8 -0.8000000000000007 -4.800000000000004
7.81108546257019 30.8 -0.8000000000000007 -4.800000000000004
7.833078145980835 30.8 -0.8000000000000007 -4.800000000000004
7.854382753372192 30.8 -0.8000000000000007 -4.800000000000004
7.879961252212524 30.8 -0.8000000000000007 -4.800000000000004
7.905003786087036 30.8 -0.8000000000000007 -4.800000000000004
7.927778005599976 30.8 -0.8000000000000007 -4.800000000000004
7.95023250579834 30.8 -0.8000000000000007 -4.800000000000004
7.97332763671875 30.8 -0.8000000000000007 -4.800000000000004
8.00525951385498 30.8 -0.8000000000000007 -4.800000000000004
8.035422086715698 30.8 -0.8000000000000007 -4.800000000000004
8.062105894088745 30.8 -0.8000000000000007 -4.800000000000004
8.084627151489258 30.8 -0.8000000000000007 -4.800000000000004
8.10784125328064 30.8 -0.8000000000000007 -4.800000000000004
8.12997055053711 30.8 -0.8000000000000007 -4.800000000000004
8.151943683624268 30.8 -0.8000000000000007 -4.800000000000004
8.173450708389282 30.8 -0.8000000000000007 -4.800000000000004
8.19849681854248 30.8 -0.8000000000000007 -4.800000000000004
8.208650350570679 30.8 -0.8000000000000007 -4.800000000000004
8.220098495483398 30.6 -0.6000000000000014 -3.6000000000000085
8.22996211051941 30.6 -0.6000000000000014 -3.6000000000000085
8.239530801773071 30.8 -0.8000000000000007 -4.800000000000004
8.250471591949463 30.8 -0.8000000000000007 -4.800000000000004
8.259940147399902 30.8 -0.8000000000000007 -4.800000000000004
8.269834041595459 30.8 -0.8000000000000007 -4.800000000000004
8.279162883758545 30.8 -0.8000000000000007 -4.800000000000004
8.2894127368927 30.8 -0.8000000000000007 -4.800000000000004
8.299590587615967 30.8 -0.8000000000000007 -4.800000000000004
8.309427499771118 30.8 -0.8000000000000007 -4.800000000000004
8.320496320724487 30.8 -0.8000000000000007 -4.800000000000004
8.329940557479858 30.8 -0.8000000000000007 -4.800000000000004
8.340172052383423 30.8 -0.8000000000000007 -4.800000000000004
8.35067343711853 30.8 -0.8000000000000007 -4.800000000000004
8.36054277420044 30.8 -0.8000000000000007 -4.800000000000004
8.370070695877075 30.8 -0.8000000000000007 -4.800000000000004
8.380103826522827 30.8 -0.8000000000000007 -4.800000000000004
8.400645971298218 30.8 -0.8000000000000007 -4.800000000000004
8.423070669174194 30.8 -0.8000000000000007 -4.800000000000004
8.433273553848267 30.8 -0.8000000000000007 -4.800000000000004
8.442410707473755 30.8 -0.8000000000000007 -4.800000000000004
8.452260255813599 30.3 -0.3000000000000007 -1.8000000000000043
8.461851835250854 30.3 -0.3000000000000007 -1.8000000000000043
8.472986459732056 30.8 -0.8000000000000007 -4.800000000000004
8.483260869979858 30.8 -0.8000000000000007 -4.800000000000004
8.492494583129883 30.3 -0.3000000000000007 -1.8000000000000043
8.50248408317566 30.3 -0.3000000000000007 -1.8000000000000043
8.511950492858887 30.3 -0.3000000000000007 -1.8000000000000043
8.525165796279907 30.6 -0.6000000000000014 -3.6000000000000085
8.534583806991577 30.6 -0.6000000000000014 -3.6000000000000085
8.544512748718262 30.3 -0.3000000000000007 -1.8000000000000043
8.553261280059814 30.3 -0.3000000000000007 -1.8000000000000043
8.568020582199097 30.3 -0.3000000000000007 -1.8000000000000043
8.579066753387451 30.3 -0.3000000000000007 -1.8000000000000043
8.58933138847351 30.3 -0.3000000000000007 -1.8000000000000043
8.599032878875732 30.3 -0.3000000000000007 -1.8000000000000043
8.60832691192627 30.3 -0.3000000000000007 -1.8000000000000043
8.62135624885559 30.3 -0.3000000000000007 -1.8000000000000043
8.631522178649902 30.3 -0.3000000000000007 -1.8000000000000043
8.641384363174438 30.3 -0.3000000000000007 -1.8000000000000043
8.650927066802979 30.3 -0.3000000000000007 -1.8000000000000043
8.66094160079956 30.3 -0.3000000000000007 -1.8000000000000043
8.670238018035889 30.3 -0.3000000000000007 -1.8000000000000043
8.682203769683838 30.3 -0.3000000000000007 -1.8000000000000043
8.691663265228271 30.3 -0.3000000000000007 -1.8000000000000043
8.701099395751953 30.3 -0.3000000000000007 -1.8000000000000043
8.711146593093872 30.3 -0.3000000000000007 -1.8000000000000043
8.721479654312134 30.3 -0.3000000000000007 -1.8000000000000043
8.732205152511597 30.3 -0.3000000000000007 -1.8000000000000043
8.741663932800293 30.3 -0.3000000000000007 -1.8000000000000043
8.751579761505127 30.3 -0.3000000000000007 -1.8000000000000043
8.760704278945923 30.3 -0.3000000000000007 -1.8000000000000043
8.770373821258545 30.3 -0.3000000000000007 -1.8000000000000043
8.781512260437012 30.3 -0.3000000000000007 -1.8000000000000043
8.790690660476685 30.3 -0.3000000000000007 -1.8000000000000043
8.80545163154602 30.3 -0.3000000000000007 -1.8000000000000043
8.815768718719482 30.3 -0.3000000000000007 -1.8000000000000043
8.827144145965576 30.6 -0.6000000000000014 -3.6000000000000085
8.837447881698608 30.6 -0.6000000000000014 -3.6000000000000085
8.847520351409912 30.3 -0.3000000000000007 -1.8000000000000043
8.857222318649292 30.3 -0.3000000000000007 -1.8000000000000043
8.866966009140015 30.3 -0.3000000000000007 -1.8000000000000043
8.876029014587402 30.3 -0.3000000000000007 -1.8000000000000043
8.886687517166138 30.3 -0.3000000000000007 -1.8000000000000043
8.897156238555908 30.3 -0.3000000000000007 -1.8000000000000043
8.906074047088623 30.3 -0.3000000000000007 -1.8000000000000043
8.917097806930542 30.3 -0.3000000000000007 -1.8000000000000043
8.926572561264038 30.3 -0.3000000000000007 -1.8000000000000043
8.937629222869873 30.3 -0.3000000000000007 -1.8000000000000043
8.947285652160645 30.3 -0.3000000000000007 -1.8000000000000043
8.956658601760864 30.3 -0.3000000000000007 -1.8000000000000043
8.96607255935669 30.3 -0.3000000000000007 -1.8000000000000043
8.975555181503296 30.3 -0.3000000000000007 -1.8000000000000043
8.9860680103302 30.3 -0.3000000000000007 -1.8000000000000043
8.99579405784607 30.3 -0.3000000000000007 -1.8000000000000043
9.005619764328003 30.8 -0.8000000000000007 -4.800000000000004
9.01591944694519 30.8 -0.8000000000000007 -4.800000000000004
9.025434970855713 30.3 -0.3000000000000007 -1.8000000000000043
9.03696584701538 30.3 -0.3000000000000007 -1.8000000000000043
9.046005725860596 30.3 -0.3000000000000007 -1.8000000000000043
9.055948257446289 30.3 -0.3000000000000007 -1.8000000000000043
9.06547212600708 30.3 -0.3000000000000007 -1.8000000000000043
9.075788259506226 30.8 -0.8000000000000007 -4.800000000000004
9.086097478866577 30.8 -0.8000000000000007 -4.800000000000004
9.096088409423828 30.8 -0.8000000000000007 -4.800000000000004
9.105561971664429 30.8 -0.8000000000000007 -4.800000000000004
9.115707159042358 30.8 -0.8000000000000007 -4.800000000000004
9.12602162361145 30.3 -0.3000000000000007 -1.8000000000000043
9.1374990940094 30.3 -0.3000000000000007 -1.8000000000000043
9.14764952659607 30.8 -0.8000000000000007 -4.800000000000004
9.1572105884552 30.8 -0.8000000000000007 -4.800000000000004
9.166702032089233 30.8 -0.8000000000000007 -4.800000000000004
9.176040172576904 30.8 -0.8000000000000007 -4.800000000000004
9.186160564422607 30.8 -0.8000000000000007 -4.800000000000004
9.197673082351685 30.8 -0.8000000000000007 -4.800000000000004
9.211645603179932 30.3 -0.3000000000000007 -1.8000000000000043
9.221825361251831 30.3 -0.3000000000000007 -1.8000000000000043
9.231801271438599 30.3 -0.3000000000000007 -1.8000000000000043
9.242273092269897 30.3 -0.3000000000000007 -1.8000000000000043
9.252004146575928 30.3 -0.3000000000000007 -1.8000000000000043
9.261940240859985 30.3 -0.3000000000000007 -1.8000000000000043
9.27141809463501 30.3 -0.3000000000000007 -1.8000000000000043
9.281361103057861 30.3 -0.3000000000000007 -1.8000000000000043
9.291671752929688 30.3 -0.3000000000000007 -1.8000000000000043
9.3011474609375 30.3 -0.3000000000000007 -1.8000000000000043
9.311127662658691 30.3 -0.3000000000000007 -1.8000000000000043
9.32119345664978 30.3 -0.3000000000000007 -1.8000000000000043
9.331264019012451 30.3 -0.3000000000000007 -1.8000000000000043
9.342003107070923 30.3 -0.3000000000000007 -1.8000000000000043
9.351937055587769 30.3 -0.3000000000000007 -1.8000000000000043
9.36136770248413 30.3 -0.3000000000000007 -1.8000000000000043
9.370685338973999 30.3 -0.3000000000000007 -1.8000000000000043
9.381245613098145 30.3 -0.3000000000000007 -1.8000000000000043
