0 0
0.0002849102020263672 109.6 -79.6 -796.0
0.04578089714050293 110.1 -80.1 -801.0
0.05808734893798828 110.1 -80.1 -801.0
0.07313394546508789 110.1 -80.1 -801.0
0.0820770263671875 110.1 -80.1 -801.0
0.09123468399047852 110.1 -80.1 -801.0
0.1014251708984375 109.3 -79.3 -793.0
0.11198163032531738 109.3 -79.3 -793.0
0.12120509147644043 110.5 -80.5 -805.0
0.1314704418182373 110.5 -80.5 -805.0
0.1418924331665039 110.5 -80.5 -805.0
0.1519758701324463 109.9 -79.9 -799.0
0.1622328758239746 109.9 -79.9 -799.0
0.1714768409729004 109.9 -79.9 -799.0
0.18190455436706543 110.2 -80.2 -802.0
0.1910386085510254 110.2 -80.2 -802.0
0.2007896900177002 110.2 -80.2 -802.0
0.2108173370361328 109.2 -79.2 -792.0
0.22099566459655762 109.2 -79.2 -792.0
0.238203763961792 108.9 -78.9 -789.0
0.24863243103027344 108.9 -78.9 -789.0
0.2581155300140381 107.6 -77.6 -776.0
0.269193172454834 107.6 -77.6 -776.0
0.2787299156188965 107.6 -77.6 -776.0
0.2903273105621338 106.0 -76.0 -760.0
0.314647912979126 106.6 -76.6 -766.0
0.3254120349884033 106.6 -76.6 -766.0
0.33608365058898926 106.6 -76.6 -766.0
0.34672975540161133 106.3 -76.3 -763.0
0.3566756248474121 106.3 -76.3 -763.0
0.36690807342529297 106.0 -76.0 -760.0
0.3768913745880127 106.0 -76.0 -760.0
0.386338472366333 106.0 -76.0 -760.0
0.3965027332305908 104.6 -74.6 -746.0
0.4059896469116211 104.6 -74.6 -746.0
0.41614460945129395 104.6 -74.6 -746.0
0.4260857105255127 103.7 -73.7 -737.0
0.43674278259277344 103.7 -73.7 -737.0
0.44620370864868164 103.7 -73.7 -737.0
0.4562504291534424 103.6 -73.6 -736.0
0.46543288230895996 103.6 -73.6 -736.0
0.47655701637268066 100.1 -70.1 -701.0
0.48607683181762695 100.1 -70.1 -701.0
0.4953954219818115 100.1 -70.1 -701.0
0.5052711963653564 102.8 -72.8 -728.0
0.5145969390869141 102.8 -72.8 -728.0
0.5249075889587402 102.8 -72.8 -728.0
0.5366804599761963 100.8 -70.8 -708.0
0.5461909770965576 100.8 -70.8 -708.0
0.5557103157043457 98.4 -68.4 -684.0
0.5661635398864746 98.4 -68.4 -684.0
0.5764341354370117 98.4 -68.4 -684.0
0.5863914489746094 100.2 -70.2 -702.0
0.5959393978118896 100.2 -70.2 -702.0
0.6048703193664551 100.2 -70.2 -702.0
0.6153810024261475 99.0 -69.0 -690.0
0.6259996891021729 99.0 -69.0 -690.0
0.6362640857696533 97.4 -67.4 -674.0
0.6464753150939941 97.4 -67.4 -674.0
0.6559610366821289 97.4 -67.4 -674.0
0.6654350757598877 96.3 -66.3 -663.0
0.6762771606445312 96.3 -66.3 -663.0
0.6854631900787354 96.3 -66.3 -663.0
0.6959965229034424 96.4 -66.4 -664.0
0.7093124389648438 96.4 -66.4 -664.0
0.7205865383148193 96.4 -66.4 -664.0
0.7302029132843018 96.4 -66.4 -664.0
0.741898775100708 95.1 -65.1 -651.0
0.7510414123535156 95.1 -65.1 -651.0
0.7606003284454346 95.1 -65.1 -651.0
0.7718207836151123 94.1 -64.1 -641.0
0.7809121608734131 94.1 -64.1 -641.0
0.7904171943664551 94.1 -64.1 -641.0
0.8003838062286377 92.1 -62.099999999999994 -621.0
0.8098695278167725 92.1 -62.099999999999994 -621.0
0.8199255466461182 93.7 -63.7 -637.0
0.8302710056304932 93.7 -63.7 -637.0
0.8404223918914795 93.7 -63.7 -637.0
0.850287675857544 92.5 -62.5 -625.0
0.8607826232910156 92.5 -62.5 -625.0
0.8702089786529541 91.7 -61.7 -617.0
0.8808534145355225 91.7 -61.7 -617.0
0.8903424739837646 91.7 -61.7 -617.0
0.9002456665039062 90.9 -60.900000000000006 -609.0
0.9094138145446777 90.9 -60.900000000000006 -609.0
0.9190940856933594 90.9 -60.900000000000006 -609.0
0.9301736354827881 90.8 -60.8 -608.0
0.9402151107788086 90.8 -60.8 -608.0
0.9502739906311035 89.4 -59.400000000000006 -594.0
0.959937334060669 89.4 -59.400000000000006 -594.0
0.969158411026001 89.4 -59.400000000000006 -594.0
0.9804036617279053 88.6 -58.599999999999994 -586.0
0.989922285079956 88.6 -58.599999999999994 -586.0
0.9991257190704346 88.6 -58.599999999999994 -586.0
1.009160041809082 88.3 -58.3 -583.0
1.0186686515808105 88.3 -58.3 -583.0
1.0297248363494873 87.9 -57.900000000000006 -579.0
1.040182113647461 87.9 -57.900000000000006 -579.0
1.0500612258911133 87.9 -57.900000000000006 -579.0
1.0602118968963623 86.9 -56.900000000000006 -569.0
1.0692963600158691 86.9 -56.900000000000006 -569.0
1.0803782939910889 86.3 -56.3 -563.0
1.090137243270874 86.3 -56.3 -563.0
1.0994079113006592 86.3 -56.3 -563.0
1.1143567562103271 85.5 -55.5 -555.0
1.1240673065185547 85.5 -55.5 -555.0
1.1357285976409912 84.3 -54.3 -543.0
1.1447930335998535 84.3 -54.3 -543.0
1.1546785831451416 84.3 -54.3 -543.0
1.1648435592651367 83.1 -53.099999999999994 -531.0
1.1743230819702148 83.1 -53.099999999999994 -531.0
1.1857826709747314 82.3 -52.3 -523.0
1.1947932243347168 82.3 -52.3 -523.0
1.2042815685272217 82.3 -52.3 -523.0
1.2272922992706299 80.5 -50.5 -505.0
1.2506561279296875 80.5 -50.5 -505.0
1.2614185810089111 78.8 -48.8 -488.0
1.2708208560943604 78.8 -48.8 -488.0
1.2804911136627197 78.8 -48.8 -488.0
1.2914600372314453 78.4 -48.400000000000006 -484.00000000000006
1.3039627075195312 78.4 -48.400000000000006 -484.00000000000006
1.3140177726745605 76.5 -46.5 -465.0
1.322739839553833 76.5 -46.5 -465.0
1.3318603038787842 76.5 -46.5 -465.0
1.3444547653198242 76.6 -46.599999999999994 -465.99999999999994
1.3546333312988281 76.6 -46.599999999999994 -465.99999999999994
1.3663554191589355 75.4 -45.400000000000006 -454.00000000000006
1.3760097026824951 75.4 -45.400000000000006 -454.00000000000006
1.3852055072784424 75.4 -45.400000000000006 -454.00000000000006
1.396186113357544 75.4 -45.400000000000006 -454.00000000000006
1.405367136001587 75.4 -45.400000000000006 -454.00000000000006
1.4147546291351318 75.4 -45.400000000000006 -454.00000000000006
1.4243364334106445 75.4 -45.400000000000006 -454.00000000000006
1.434471845626831 75.4 -45.400000000000006 -454.00000000000006
1.444730520248413 75.4 -45.400000000000006 -454.00000000000006
1.4546165466308594 75.4 -45.400000000000006 -454.00000000000006
1.4649653434753418 74.2 -44.2 -442.0
1.4745309352874756 74.2 -44.2 -442.0
1.4841985702514648 73.0 -43.0 -430.0
1.494675636291504 73.0 -43.0 -430.0
1.50783371925354 73.0 -43.0 -430.0
1.5180983543395996 72.2 -42.2 -422.0
1.527747631072998 72.2 -42.2 -422.0
1.5386121273040771 70.6 -40.599999999999994 -405.99999999999994
1.5490500926971436 70.6 -40.599999999999994 -405.99999999999994
1.5590732097625732 70.6 -40.599999999999994 -405.99999999999994
1.5692589282989502 70.4 -40.400000000000006 -404.00000000000006
1.5790259838104248 70.4 -40.400000000000006 -404.00000000000006
1.589280366897583 69.3 -39.3 -393.0
1.5998690128326416 69.3 -39.3 -393.0
1.6092181205749512 69.3 -39.3 -393.0
1.6192169189453125 68.9 -38.900000000000006 -389.00000000000006
1.6287815570831299 68.9 -38.900000000000006 -389.00000000000006
1.6403052806854248 68.0 -38.0 -380.0
1.6504082679748535 68.0 -38.0 -380.0
1.660184621810913 67.5 -37.5 -375.0
1.670055627822876 67.5 -37.5 -375.0
1.6791887283325195 67.5 -37.5 -375.0
1.6894054412841797 66.1 -36.099999999999994 -360.99999999999994
1.7001237869262695 66.1 -36.099999999999994 -360.99999999999994
1.7093265056610107 66.1 -36.099999999999994 -360.99999999999994
1.7192449569702148 65.1 -35.099999999999994 -350.99999999999994
1.7290008068084717 65.1 -35.099999999999994 -350.99999999999994
1.7403748035430908 64.8 -34.8 -348.0
1.750720500946045 64.8 -34.8 -348.0
1.7602455615997314 64.1 -34.099999999999994 -340.99999999999994
1.7706420421600342 64.1 -34.099999999999994 -340.99999999999994
1.7801456451416016 64.1 -34.099999999999994 -340.99999999999994
1.7900354862213135 63.3 -33.3 -333.0
1.8002727031707764 63.3 -33.3 -333.0
1.809335470199585 62.6 -32.6 -326.0
1.819350004196167 62.6 -32.6 -326.0
1.8288745880126953 62.6 -32.6 -326.0
1.8391249179840088 61.7 -31.700000000000003 -317.0
1.849937915802002 61.7 -31.700000000000003 -317.0
1.8600192070007324 60.9 -30.9 -309.0
1.870929479598999 60.9 -30.9 -309.0
1.880530595779419 60.5 -30.5 -305.0
1.890500545501709 60.5 -30.5 -305.0
1.900789737701416 59.0 -29.0 -290.0
1.9154624938964844 59.0 -29.0 -290.0
1.9247138500213623 59.0 -29.0 -290.0
1.9364581108093262 59.0 -29.0 -290.0
1.945910930633545 59.0 -29.0 -290.0
1.9566845893859863 58.1 -28.1 -281.0
1.9664428234100342 58.1 -28.1 -281.0
1.9760034084320068 58.1 -28.1 -281.0
1.9860570430755615 57.8 -27.799999999999997 -278.0
1.9953904151916504 57.8 -27.799999999999997 -278.0
2.0062332153320312 57.2 -27.200000000000003 -272.0
2.0154025554656982 57.2 -27.200000000000003 -272.0
2.028947353363037 57.0 -27.0 -270.0
2.0389535427093506 57.0 -27.0 -270.0
2.0481975078582764 55.4 -25.4 -254.0
2.059459686279297 55.4 -25.4 -254.0
2.0693271160125732 55.4 -25.4 -254.0
2.0794801712036133 55.5 -25.5 -255.0
2.0908379554748535 55.5 -25.5 -255.0
2.1059558391571045 55.3 -25.299999999999997 -252.99999999999997
2.118269205093384 55.3 -25.299999999999997 -252.99999999999997
2.1318399906158447 54.4 -24.4 -244.0
2.146291494369507 54.6 -24.6 -246.0
2.160959482192993 54.6 -24.6 -246.0
2.1737921237945557 53.4 -23.4 -234.0
2.1826746463775635 53.4 -23.4 -234.0
2.191709041595459 53.4 -23.4 -234.0
2.2027499675750732 53.2 -23.200000000000003 -232.00000000000003
2.2119171619415283 53.2 -23.200000000000003 -232.00000000000003
2.2221529483795166 52.3 -22.299999999999997 -222.99999999999997
2.2314682006835938 52.3 -22.299999999999997 -222.99999999999997
2.241870880126953 51.0 -21.0 -210.0
2.2513821125030518 51.0 -21.0 -210.0
2.2618908882141113 50.0 -20.0 -200.0
2.2778446674346924 50.0 -20.0 -200.0
2.2870237827301025 50.0 -20.0 -200.0
2.297919988632202 49.0 -19.0 -190.0
2.3120265007019043 49.0 -19.0 -190.0
2.3238332271575928 48.1 -18.1 -181.0
2.3328609466552734 48.1 -18.1 -181.0
2.3439271450042725 47.5 -17.5 -175.0
2.3526711463928223 47.5 -17.5 -175.0
2.3633337020874023 46.9 -16.9 -169.0
2.372720956802368 46.9 -16.9 -169.0
2.3842053413391113 46.9 -16.9 -169.0
2.3944664001464844 45.6 -15.600000000000001 -156.0
2.4039924144744873 45.6 -15.600000000000001 -156.0
2.414693593978882 44.7 -14.700000000000003 -147.00000000000003
2.424424171447754 44.7 -14.700000000000003 -147.00000000000003
2.4349725246429443 43.9 -13.899999999999999 -139.0
2.444537878036499 43.9 -13.899999999999999 -139.0
2.4540534019470215 43.9 -13.899999999999999 -139.0
2.464855432510376 43.3 -13.299999999999997 -132.99999999999997
2.4743704795837402 43.3 -13.299999999999997 -132.99999999999997
2.4853122234344482 42.8 -12.799999999999997 -127.99999999999997
2.4947350025177 42.8 -12.799999999999997 -127.99999999999997
2.5047011375427246 41.8 -11.799999999999997 -117.99999999999997
2.5149335861206055 41.8 -11.799999999999997 -117.99999999999997
2.524674415588379 41.2 -11.200000000000003 -112.00000000000003
2.5357182025909424 41.2 -11.200000000000003 -112.00000000000003
2.5448434352874756 41.2 -11.200000000000003 -112.00000000000003
2.554917573928833 40.3 -10.299999999999997 -102.99999999999997
2.566134452819824 40.3 -10.299999999999997 -102.99999999999997
2.575991153717041 39.9 -9.899999999999999 -98.99999999999999
2.585916042327881 39.9 -9.899999999999999 -98.99999999999999
2.5962445735931396 39.7 -9.700000000000003 -97.00000000000003
2.6058695316314697 39.7 -9.700000000000003 -97.00000000000003
2.616304874420166 38.4 -8.399999999999999 -83.99999999999999
2.6263186931610107 38.4 -8.399999999999999 -83.99999999999999
2.6365132331848145 38.4 -8.399999999999999 -83.99999999999999
2.64692759513855 38.3 -8.299999999999997 -82.99999999999997
2.656766414642334 38.3 -8.299999999999997 -82.99999999999997
2.6678783893585205 37.6 -7.600000000000001 -76.00000000000001
2.6772191524505615 37.6 -7.600000000000001 -76.00000000000001
2.688077688217163 38.0 -8.0 -80.0
2.6973962783813477 38.0 -8.0 -80.0
2.712634801864624 37.0 -7.0 -70.0
2.722027063369751 37.0 -7.0 -70.0
2.7314140796661377 37.2 -7.200000000000003 -72.00000000000003
2.742743730545044 37.2 -7.200000000000003 -72.00000000000003
2.7518837451934814 37.2 -7.200000000000003 -72.00000000000003
2.7638630867004395 36.1 -6.100000000000001 -61.000000000000014
2.7732181549072266 36.1 -6.100000000000001 -61.000000000000014
2.7837352752685547 34.7 -4.700000000000003 -47.00000000000003
2.79347825050354 34.7 -4.700000000000003 -47.00000000000003
2.803380012512207 34.7 -4.700000000000003 -47.00000000000003
2.8138272762298584 34.7 -4.700000000000003 -47.00000000000003
2.822713613510132 34.7 -4.700000000000003 -47.00000000000003
2.832184076309204 33.8 -3.799999999999997 -37.99999999999997
2.842698335647583 33.8 -3.799999999999997 -37.99999999999997
2.8531479835510254 33.8 -3.799999999999997 -37.99999999999997
2.8619608879089355 33.8 -3.799999999999997 -37.99999999999997
2.8733248710632324 33.0 -3.0 -30.0
2.881989002227783 33.0 -3.0 -30.0
2.8937833309173584 32.6 -2.6000000000000014 -26.000000000000014
2.9042093753814697 32.6 -2.6000000000000014 -26.000000000000014
2.9139692783355713 32.6 -2.6000000000000014 -26.000000000000014
2.924813985824585 32.1 -2.1000000000000014 -21.000000000000014
2.9349870681762695 32.1 -2.1000000000000014 -21.000000000000014
2.9454684257507324 32.6 -2.6000000000000014 -26.000000000000014
2.9549448490142822 32.6 -2.6000000000000014 -26.000000000000014
2.966618061065674 32.1 -2.1000000000000014 -21.000000000000014
2.9763457775115967 32.1 -2.1000000000000014 -21.000000000000014
2.985960006713867 32.1 -2.1000000000000014 -21.000000000000014
2.9966111183166504 32.1 -2.1000000000000014 -21.000000000000014
3.006260395050049 32.1 -2.1000000000000014 -21.000000000000014
3.0171658992767334 32.6 -2.6000000000000014 -26.000000000000014
3.026865243911743 32.6 -2.6000000000000014 -26.000000000000014
3.0374820232391357 32.1 -2.1000000000000014 -21.000000000000014
3.0470879077911377 32.1 -2.1000000000000014 -21.000000000000014
3.057399272918701 32.1 -2.1000000000000014 -21.000000000000014
3.0679571628570557 32.1 -2.1000000000000014 -21.000000000000014
3.077441692352295 32.2 -2.200000000000003 -22.00000000000003
3.087834358215332 32.2 -2.200000000000003 -22.00000000000003
3.0974743366241455 32.2 -2.200000000000003 -22.00000000000003
3.110997438430786 32.2 -2.200000000000003 -22.00000000000003
3.1218743324279785 32.2 -2.200000000000003 -22.00000000000003
3.1319141387939453 32.1 -2.1000000000000014 -21.000000000000014
3.1421916484832764 32.1 -2.1000000000000014 -21.000000000000014
3.152650833129883 32.1 -2.1000000000000014 -21.000000000000014
3.1617789268493652 32.1 -2.1000000000000014 -21.000000000000014
3.173366069793701 32.2 -2.200000000000003 -22.00000000000003
3.1821370124816895 32.2 -2.200000000000003 -22.00000000000003
3.191474437713623 32.2 -2.200000000000003 -22.00000000000003
3.2022640705108643 32.2 -2.200000000000003 -22.00000000000003
3.2117934226989746 32.2 -2.200000000000003 -22.00000000000003
3.2233989238739014 32.2 -2.200000000000003 -22.00000000000003
3.2322003841400146 32.2 -2.200000000000003 -22.00000000000003
3.2439727783203125 32.0 -2.0 -20.0
3.2527098655700684 32.0 -2.0 -20.0
3.2619571685791016 32.0 -2.0 -20.0
3.2734878063201904 32.0 -2.0 -20.0
3.282040596008301 32.0 -2.0 -20.0
3.2987756729125977 30.8 -0.8000000000000007 -8.000000000000007
3.309189558029175 30.8 -0.8000000000000007 -8.000000000000007
3.319735288619995 30.8 -0.8000000000000007 -8.000000000000007
3.3300702571868896 30.8 -0.8000000000000007 -8.000000000000007
3.3407857418060303 32.0 -2.0 -20.0
3.3510582447052 32.0 -2.0 -20.0
3.361302614212036 32.0 -2.0 -20.0
3.371856212615967 32.0 -2.0 -20.0
3.381927967071533 32.0 -2.0 -20.0
3.391002893447876 32.0 -2.0 -20.0
3.4007554054260254 30.8 -0.8000000000000007 -8.000000000000007
3.4119861125946045 30.8 -0.8000000000000007 -8.000000000000007
3.4221737384796143 30.8 -0.8000000000000007 -8.000000000000007
3.4321987628936768 30.8 -0.8000000000000007 -8.000000000000007
3.4431376457214355 30.8 -0.8000000000000007 -8.000000000000007
3.4531822204589844 30.8 -0.8000000000000007 -8.000000000000007
3.461991310119629 30.8 -0.8000000000000007 -8.000000000000007
3.4712138175964355 30.3 -0.3000000000000007 -3.000000000000007
3.482142925262451 30.3 -0.3000000000000007 -3.000000000000007
3.4913928508758545 30.3 -0.3000000000000007 -3.000000000000007
3.502736806869507 32.0 -2.0 -20.0
3.5247843265533447 32.0 -2.0 -20.0
3.5354158878326416 32.0 -2.0 -20.0
3.5454535484313965 32.0 -2.0 -20.0
3.5546977519989014 32.0 -2.0 -20.0
3.5649595260620117 32.0 -2.0 -20.0
3.5762104988098145 32.0 -2.0 -20.0
3.5859968662261963 32.0 -2.0 -20.0
3.596074104309082 32.0 -2.0 -20.0
3.6065258979797363 32.0 -2.0 -20.0
3.6168346405029297 30.4 -0.3999999999999986 -3.999999999999986
3.627176523208618 30.4 -0.3999999999999986 -3.999999999999986
3.638294219970703 30.4 -0.3999999999999986 -3.999999999999986
3.647892475128174 30.4 -0.3999999999999986 -3.999999999999986
3.6580796241760254 30.3 -0.3000000000000007 -3.000000000000007
3.6703860759735107 30.3 -0.3000000000000007 -3.000000000000007
3.681410312652588 30.3 -0.3000000000000007 -3.000000000000007
3.6910288333892822 30.3 -0.3000000000000007 -3.000000000000007
3.700655698776245 30.3 -0.3000000000000007 -3.000000000000007
3.710836172103882 30.3 -0.3000000000000007 -3.000000000000007
3.720374822616577 30.3 -0.3000000000000007 -3.000000000000007
3.731076955795288 30.3 -0.3000000000000007 -3.000000000000007
3.741750955581665 30.3 -0.3000000000000007 -3.000000000000007
3.7518351078033447 30.3 -0.3000000000000007 -3.000000000000007
3.7610015869140625 30.3 -0.3000000000000007 -3.000000000000007
3.770670175552368 30.3 -0.3000000000000007 -3.000000000000007
3.7819225788116455 30.3 -0.3000000000000007 -3.000000000000007
3.7911019325256348 30.3 -0.3000000000000007 -3.000000000000007
3.8013219833374023 30.3 -0.3000000000000007 -3.000000000000007
3.8108386993408203 30.3 -0.3000000000000007 -3.000000000000007
3.8210883140563965 30.3 -0.3000000000000007 -3.000000000000007
3.831873655319214 30.3 -0.3000000000000007 -3.000000000000007
3.8434219360351562 30.3 -0.3000000000000007 -3.000000000000007
3.8521320819854736 30.3 -0.3000000000000007 -3.000000000000007
3.8619112968444824 30.3 -0.3000000000000007 -3.000000000000007
3.8720357418060303 30.3 -0.3000000000000007 -3.000000000000007
3.8831655979156494 30.3 -0.3000000000000007 -3.000000000000007
3.8932812213897705 32.0 -2.0 -20.0
3.9019155502319336 32.0 -2.0 -20.0
3.9169886112213135 32.0 -2.0 -20.0
3.9265623092651367 32.0 -2.0 -20.0
3.937283992767334 30.3 -0.3000000000000007 -3.000000000000007
3.947014570236206 30.3 -0.3000000000000007 -3.000000000000007
3.9572041034698486 30.3 -0.3000000000000007 -3.000000000000007
3.9667882919311523 30.3 -0.3000000000000007 -3.000000000000007
3.976492166519165 30.3 -0.3000000000000007 -3.000000000000007
3.9873135089874268 30.3 -0.3000000000000007 -3.000000000000007
3.9968526363372803 30.3 -0.3000000000000007 -3.000000000000007
4.006640434265137 30.4 -0.3999999999999986 -3.999999999999986
4.016605854034424 30.4 -0.3999999999999986 -3.999999999999986
4.026549577713013 30.4 -0.3999999999999986 -3.999999999999986
4.037871599197388 30.4 -0.3999999999999986 -3.999999999999986
4.0471696853637695 30.4 -0.3999999999999986 -3.999999999999986
4.057244777679443 30.4 -0.3999999999999986 -3.999999999999986
4.06679892539978 30.4 -0.3999999999999986 -3.999999999999986
4.076896905899048 30.4 -0.3999999999999986 -3.999999999999986
4.087077379226685 30.4 -0.3999999999999986 -3.999999999999986
4.097262144088745 30.4 -0.3999999999999986 -3.999999999999986
4.106798887252808 30.4 -0.3999999999999986 -3.999999999999986
4.116701364517212 30.4 -0.3999999999999986 -3.999999999999986
4.126773118972778 30.4 -0.3999999999999986 -3.999999999999986
4.137924909591675 30.4 -0.3999999999999986 -3.999999999999986
4.1490678787231445 30.4 -0.3999999999999986 -3.999999999999986
4.158922433853149 30.4 -0.3999999999999986 -3.999999999999986
4.171083450317383 30.4 -0.3999999999999986 -3.999999999999986
4.185976266860962 30.4 -0.3999999999999986 -3.999999999999986
4.19936466217041 30.4 -0.3999999999999986 -3.999999999999986
4.218287706375122 30.4 -0.3999999999999986 -3.999999999999986
4.231903076171875 30.4 -0.3999999999999986 -3.999999999999986
4.243486404418945 30.4 -0.3999999999999986 -3.999999999999986
4.252153158187866 30.4 -0.3999999999999986 -3.999999999999986
4.262714385986328 30.4 -0.3999999999999986 -3.999999999999986
4.273460149765015 30.4 -0.3999999999999986 -3.999999999999986
4.283466577529907 30.4 -0.3999999999999986 -3.999999999999986
4.294111967086792 30.4 -0.3999999999999986 -3.999999999999986
4.304655313491821 30.4 -0.3999999999999986 -3.999999999999986
4.324270009994507 30.4 -0.3999999999999986 -3.999999999999986
4.337201118469238 30.4 -0.3999999999999986 -3.999999999999986
4.346781015396118 30.4 -0.3999999999999986 -3.999999999999986
4.3568456172943115 30.4 -0.3999999999999986 -3.999999999999986
4.366384744644165 30.4 -0.3999999999999986 -3.999999999999986
4.3765013217926025 30.4 -0.3999999999999986 -3.999999999999986
4.3861188888549805 30.4 -0.3999999999999986 -3.999999999999986
4.3969879150390625 30.4 -0.3999999999999986 -3.999999999999986
4.406615972518921 30.4 -0.3999999999999986 -3.999999999999986
4.416261672973633 30.4 -0.3999999999999986 -3.999999999999986
4.426664352416992 30.4 -0.3999999999999986 -3.999999999999986
4.4369893074035645 30.4 -0.3999999999999986 -3.999999999999986
4.447934150695801 30.4 -0.3999999999999986 -3.999999999999986
4.457420110702515 30.4 -0.3999999999999986 -3.999999999999986
4.467942953109741 30.4 -0.3999999999999986 -3.999999999999986
4.477333068847656 30.4 -0.3999999999999986 -3.999999999999986
4.486835241317749 30.4 -0.3999999999999986 -3.999999999999986
4.4978039264678955 30.4 -0.3999999999999986 -3.999999999999986
4.507102727890015 30.4 -0.3999999999999986 -3.999999999999986
4.517781496047974 30.4 -0.3999999999999986 -3.999999999999986
4.52741265296936 30.4 -0.3999999999999986 -3.999999999999986
4.537407636642456 30.4 -0.3999999999999986 -3.999999999999986
4.547983407974243 30.4 -0.3999999999999986 -3.999999999999986
4.558161735534668 30.4 -0.3999999999999986 -3.999999999999986
4.567737102508545 30.4 -0.3999999999999986 -3.999999999999986
4.577154874801636 30.4 -0.3999999999999986 -3.999999999999986
4.587129592895508 30.4 -0.3999999999999986 -3.999999999999986
4.597912549972534 30.4 -0.3999999999999986 -3.999999999999986
4.607795715332031 30.4 -0.3999999999999986 -3.999999999999986
4.617072343826294 30.4 -0.3999999999999986 -3.999999999999986
4.6270716190338135 30.4 -0.3999999999999986 -3.999999999999986
4.638014554977417 30.4 -0.3999999999999986 -3.999999999999986
4.648508787155151 30.4 -0.3999999999999986 -3.999999999999986
4.658766984939575 30.4 -0.3999999999999986 -3.999999999999986
4.668216228485107 30.4 -0.3999999999999986 -3.999999999999986
4.678506135940552 30.4 -0.3999999999999986 -3.999999999999986
4.68791127204895 30.4 -0.3999999999999986 -3.999999999999986
4.698949337005615 30.4 -0.3999999999999986 -3.999999999999986
4.708370685577393 30.4 -0.3999999999999986 -3.999999999999986
4.7233076095581055 30.4 -0.3999999999999986 -3.999999999999986
4.733707427978516 30.4 -0.3999999999999986 -3.999999999999986
4.745925664901733 30.4 -0.3999999999999986 -3.999999999999986
4.75490403175354 30.4 -0.3999999999999986 -3.999999999999986
4.765473365783691 30.4 -0.3999999999999986 -3.999999999999986
4.774822950363159 30.4 -0.3999999999999986 -3.999999999999986
4.784368276596069 30.4 -0.3999999999999986 -3.999999999999986
4.795267820358276 30.4 -0.3999999999999986 -3.999999999999986
4.804692268371582 30.4 -0.3999999999999986 -3.999999999999986
4.814928293228149 30.4 -0.3999999999999986 -3.999999999999986
4.824707269668579 30.4 -0.3999999999999986 -3.999999999999986
4.834972858428955 30.4 -0.3999999999999986 -3.999999999999986
4.846781492233276 30.4 -0.3999999999999986 -3.999999999999986
4.85710072517395 30.4 -0.3999999999999986 -3.999999999999986
4.866669178009033 30.4 -0.3999999999999986 -3.999999999999986
4.87642240524292 30.4 -0.3999999999999986 -3.999999999999986
4.886353254318237 30.4 -0.3999999999999986 -3.999999999999986
4.896726608276367 30.4 -0.3999999999999986 -3.999999999999986
4.906686305999756 30.4 -0.3999999999999986 -3.999999999999986
4.916205644607544 30.4 -0.3999999999999986 -3.999999999999986
4.9253716468811035 30.4 -0.3999999999999986 -3.999999999999986
4.936909437179565 30.4 -0.3999999999999986 -3.999999999999986
4.947149991989136 30.4 -0.3999999999999986 -3.999999999999986
4.957242727279663 30.4 -0.3999999999999986 -3.999999999999986
4.966777801513672 30.4 -0.3999999999999986 -3.999999999999986
4.976819753646851 30.4 -0.3999999999999986 -3.999999999999986
4.986484050750732 30.4 -0.3999999999999986 -3.999999999999986
4.9972405433654785 30.4 -0.3999999999999986 -3.999999999999986
5.006812572479248 30.4 -0.3999999999999986 -3.999999999999986
5.0163280963897705 30.4 -0.3999999999999986 -3.999999999999986
5.026387929916382 30.4 -0.3999999999999986 -3.999999999999986
5.036499261856079 30.4 -0.3999999999999986 -3.999999999999986
5.048029899597168 30.4 -0.3999999999999986 -3.999999999999986
5.057827472686768 30.4 -0.3999999999999986 -3.999999999999986
5.084348917007446 30.4 -0.3999999999999986 -3.999999999999986
5.094383955001831 30.4 -0.3999999999999986 -3.999999999999986
5.104757308959961 30.4 -0.3999999999999986 -3.999999999999986
5.118881940841675 30.4 -0.3999999999999986 -3.999999999999986
5.1285247802734375 30.4 -0.3999999999999986 -3.999999999999986
5.138901472091675 30.4 -0.3999999999999986 -3.999999999999986
5.1500489711761475 30.4 -0.3999999999999986 -3.999999999999986
5.160252332687378 30.4 -0.3999999999999986 -3.999999999999986
5.169414520263672 30.4 -0.3999999999999986 -3.999999999999986
5.179157495498657 30.4 -0.3999999999999986 -3.999999999999986
5.189162731170654 30.4 -0.3999999999999986 -3.999999999999986
5.198753595352173 30.4 -0.3999999999999986 -3.999999999999986
5.209762811660767 30.4 -0.3999999999999986 -3.999999999999986
5.219112873077393 30.4 -0.3999999999999986 -3.999999999999986
5.2293524742126465 32.0 -2.0 -20.0
5.24010705947876 32.0 -2.0 -20.0
5.2514495849609375 32.0 -2.0 -20.0
5.2608232498168945 32.0 -2.0 -20.0
5.270190715789795 32.0 -2.0 -20.0
5.279932737350464 30.4 -0.3999999999999986 -3.999999999999986
5.289231061935425 30.4 -0.3999999999999986 -3.999999999999986
5.300322771072388 30.4 -0.3999999999999986 -3.999999999999986
5.310666799545288 30.4 -0.3999999999999986 -3.999999999999986
5.320680379867554 30.4 -0.3999999999999986 -3.999999999999986
5.337283611297607 30.4 -0.3999999999999986 -3.999999999999986
5.347738981246948 30.4 -0.3999999999999986 -3.999999999999986
5.358055591583252 30.4 -0.3999999999999986 -3.999999999999986
5.368331670761108 30.4 -0.3999999999999986 -3.999999999999986
5.379144668579102 30.4 -0.3999999999999986 -3.999999999999986
5.389225482940674 30.4 -0.3999999999999986 -3.999999999999986
5.398903131484985 30.4 -0.3999999999999986 -3.999999999999986
5.409264087677002 30.4 -0.3999999999999986 -3.999999999999986
5.4198808670043945 30.4 -0.3999999999999986 -3.999999999999986
5.4291181564331055 30.4 -0.3999999999999986 -3.999999999999986
5.4405517578125 30.4 -0.3999999999999986 -3.999999999999986
5.450525522232056 30.4 -0.3999999999999986 -3.999999999999986
5.461906909942627 30.4 -0.3999999999999986 -3.999999999999986
5.471091985702515 30.4 -0.3999999999999986 -3.999999999999986
5.4817283153533936 30.4 -0.3999999999999986 -3.999999999999986
5.491044282913208 30.4 -0.3999999999999986 -3.999999999999986
5.5006561279296875 30.4 -0.3999999999999986 -3.999999999999986
5.5118327140808105 30.4 -0.3999999999999986 -3.999999999999986
5.526659965515137 30.4 -0.3999999999999986 -3.999999999999986
5.537203550338745 30.4 -0.3999999999999986 -3.999999999999986
5.546903371810913 30.4 -0.3999999999999986 -3.999999999999986
5.558347940444946 30.4 -0.3999999999999986 -3.999999999999986
5.567848205566406 30.4 -0.3999999999999986 -3.999999999999986
5.577785491943359 30.4 -0.3999999999999986 -3.999999999999986
5.587118864059448 30.4 -0.3999999999999986 -3.999999999999986
5.59714412689209 30.4 -0.3999999999999986 -3.999999999999986
5.6077728271484375 30.4 -0.3999999999999986 -3.999999999999986
5.617098569869995 30.4 -0.3999999999999986 -3.999999999999986
5.627165794372559 30.4 -0.3999999999999986 -3.999999999999986
5.637350797653198 30.4 -0.3999999999999986 -3.999999999999986
5.647177696228027 30.4 -0.3999999999999986 -3.999999999999986
5.6585376262664795 30.4 -0.3999999999999986 -3.999999999999986
5.668768405914307 30.4 -0.3999999999999986 -3.999999999999986
5.678165435791016 30.4 -0.3999999999999986 -3.999999999999986
5.688126802444458 30.4 -0.3999999999999986 -3.999999999999986
5.697477340698242 30.4 -0.3999999999999986 -3.999999999999986
5.706986904144287 30.4 -0.3999999999999986 -3.999999999999986
5.7186126708984375 30.4 -0.3999999999999986 -3.999999999999986
5.727987289428711 30.4 -0.3999999999999986 -3.999999999999986
5.738168239593506 30.4 -0.3999999999999986 -3.999999999999986
5.747730255126953 30.4 -0.3999999999999986 -3.999999999999986
5.759292125701904 30.4 -0.3999999999999986 -3.999999999999986
5.769073486328125 30.4 -0.3999999999999986 -3.999999999999986
5.778911352157593 30.4 -0.3999999999999986 -3.999999999999986
5.789026975631714 30.4 -0.3999999999999986 -3.999999999999986
5.7985265254974365 30.4 -0.3999999999999986 -3.999999999999986
5.808225154876709 30.4 -0.3999999999999986 -3.999999999999986
5.818805932998657 30.4 -0.3999999999999986 -3.999999999999986
5.829041957855225 30.4 -0.3999999999999986 -3.999999999999986
5.840006589889526 30.4 -0.3999999999999986 -3.999999999999986
5.8501012325286865 30.4 -0.3999999999999986 -3.999999999999986
5.8607017993927 30.4 -0.3999999999999986 -3.999999999999986
5.870243310928345 30.4 -0.3999999999999986 -3.999999999999986
5.880058288574219 30.4 -0.3999999999999986 -3.999999999999986
5.889252662658691 30.4 -0.3999999999999986 -3.999999999999986
5.8993799686431885 30.4 -0.3999999999999986 -3.999999999999986
5.908939838409424 30.4 -0.3999999999999986 -3.999999999999986
5.924593687057495 30.4 -0.3999999999999986 -3.999999999999986
5.934749364852905 30.4 -0.3999999999999986 -3.999999999999986
5.944875955581665 30.4 -0.3999999999999986 -3.999999999999986
5.9561145305633545 30.4 -0.3999999999999986 -3.999999999999986
5.967431306838989 30.4 -0.3999999999999986 -3.999999999999986
5.976918935775757 30.4 -0.3999999999999986 -3.999999999999986
5.986443996429443 30.4 -0.3999999999999986 -3.999999999999986
5.996409177780151 30.4 -0.3999999999999986 -3.999999999999986
6.005994081497192 30.4 -0.3999999999999986 -3.999999999999986
6.017047166824341 30.4 -0.3999999999999986 -3.999999999999986
6.026773452758789 30.4 -0.3999999999999986 -3.999999999999986
6.036911725997925 30.4 -0.3999999999999986 -3.999999999999986
6.046491384506226 30.4 -0.3999999999999986 -3.999999999999986
6.056058645248413 30.4 -0.3999999999999986 -3.999999999999986
6.067330360412598 30.4 -0.3999999999999986 -3.999999999999986
6.077011346817017 30.4 -0.3999999999999986 -3.999999999999986
6.087144136428833 30.4 -0.3999999999999986 -3.999999999999986
6.096782445907593 30.4 -0.3999999999999986 -3.999999999999986
6.106721639633179 30.4 -0.3999999999999986 -3.999999999999986
6.117013454437256 30.4 -0.3999999999999986 -3.999999999999986
6.1272406578063965 30.4 -0.3999999999999986 -3.999999999999986
6.137926816940308 30.4 -0.3999999999999986 -3.999999999999986
6.147335529327393 30.4 -0.3999999999999986 -3.999999999999986
6.1578452587127686 30.4 -0.3999999999999986 -3.999999999999986
6.168760061264038 30.4 -0.3999999999999986 -3.999999999999986
6.178739547729492 30.4 -0.3999999999999986 -3.999999999999986
6.1881139278411865 30.4 -0.3999999999999986 -3.999999999999986
6.198199987411499 30.4 -0.3999999999999986 -3.999999999999986
6.222233772277832 30.4 -0.3999999999999986 -3.999999999999986
6.246650695800781 30.4 -0.3999999999999986 -3.999999999999986
6.260065317153931 30.4 -0.3999999999999986 -3.999999999999986
6.2752461433410645 30.4 -0.3999999999999986 -3.999999999999986
6.288356065750122 30.4 -0.3999999999999986 -3.999999999999986
6.304404973983765 30.4 -0.3999999999999986 -3.999999999999986
6.323852777481079 30.4 -0.3999999999999986 -3.999999999999986
6.337395429611206 30.4 -0.3999999999999986 -3.999999999999986
6.353179693222046 30.4 -0.3999999999999986 -3.999999999999986
6.364367485046387 30.4 -0.3999999999999986 -3.999999999999986
6.37431263923645 30.4 -0.3999999999999986 -3.999999999999986
6.384644985198975 30.4 -0.3999999999999986 -3.999999999999986
6.394239187240601 30.4 -0.3999999999999986 -3.999999999999986
6.406482458114624 30.4 -0.3999999999999986 -3.999999999999986
6.416227102279663 30.4 -0.3999999999999986 -3.999999999999986
6.4254655838012695 30.4 -0.3999999999999986 -3.999999999999986
6.436689615249634 30.4 -0.3999999999999986 -3.999999999999986
6.4469499588012695 30.4 -0.3999999999999986 -3.999999999999986
6.458028078079224 30.4 -0.3999999999999986 -3.999999999999986
6.467463731765747 30.4 -0.3999999999999986 -3.999999999999986
6.477930784225464 30.4 -0.3999999999999986 -3.999999999999986
6.487246513366699 30.4 -0.3999999999999986 -3.999999999999986
6.498308181762695 30.4 -0.3999999999999986 -3.999999999999986
6.5078041553497314 30.4 -0.3999999999999986 -3.999999999999986
6.5171427726745605 30.4 -0.3999999999999986 -3.999999999999986
6.527156829833984 30.4 -0.3999999999999986 -3.999999999999986
6.5401787757873535 30.4 -0.3999999999999986 -3.999999999999986
6.551062107086182 30.4 -0.3999999999999986 -3.999999999999986
6.560824394226074 30.4 -0.3999999999999986 -3.999999999999986
6.5710673332214355 30.4 -0.3999999999999986 -3.999999999999986
6.581065893173218 30.4 -0.3999999999999986 -3.999999999999986
6.591106414794922 30.4 -0.3999999999999986 -3.999999999999986
6.60176157951355 30.4 -0.3999999999999986 -3.999999999999986
6.611893177032471 30.4 -0.3999999999999986 -3.999999999999986
6.621320486068726 30.4 -0.3999999999999986 -3.999999999999986
6.630835771560669 30.4 -0.3999999999999986 -3.999999999999986
6.641205072402954 30.4 -0.3999999999999986 -3.999999999999986
6.6519036293029785 30.4 -0.3999999999999986 -3.999999999999986
6.662025690078735 30.4 -0.3999999999999986 -3.999999999999986
6.671281576156616 30.4 -0.3999999999999986 -3.999999999999986
6.682651996612549 30.4 -0.3999999999999986 -3.999999999999986
6.691761016845703 30.4 -0.3999999999999986 -3.999999999999986
6.702165126800537 30.4 -0.3999999999999986 -3.999999999999986
6.712080240249634 30.4 -0.3999999999999986 -3.999999999999986
6.727053880691528 30.4 -0.3999999999999986 -3.999999999999986
6.737300157546997 30.4 -0.3999999999999986 -3.999999999999986
6.747004508972168 30.4 -0.3999999999999986 -3.999999999999986
6.757828950881958 30.4 -0.3999999999999986 -3.999999999999986
6.767121315002441 30.4 -0.3999999999999986 -3.999999999999986
6.77701473236084 30.4 -0.3999999999999986 -3.999999999999986
6.786885499954224 30.4 -0.3999999999999986 -3.999999999999986
6.796979665756226 30.4 -0.3999999999999986 -3.999999999999986
6.8078014850616455 30.4 -0.3999999999999986 -3.999999999999986
6.817079544067383 30.4 -0.3999999999999986 -3.999999999999986
6.827073574066162 30.4 -0.3999999999999986 -3.999999999999986
6.837189197540283 30.4 -0.3999999999999986 -3.999999999999986
6.847142457962036 30.4 -0.3999999999999986 -3.999999999999986
6.857829809188843 30.4 -0.3999999999999986 -3.999999999999986
6.867854356765747 30.4 -0.3999999999999986 -3.999999999999986
6.877205848693848 30.4 -0.3999999999999986 -3.999999999999986
6.887224912643433 30.4 -0.3999999999999986 -3.999999999999986
6.897356271743774 30.4 -0.3999999999999986 -3.999999999999986
6.907848358154297 30.4 -0.3999999999999986 -3.999999999999986
6.918055534362793 30.4 -0.3999999999999986 -3.999999999999986
6.927379846572876 30.4 -0.3999999999999986 -3.999999999999986
6.938020467758179 30.4 -0.3999999999999986 -3.999999999999986
6.947355270385742 30.4 -0.3999999999999986 -3.999999999999986
6.958510398864746 30.4 -0.3999999999999986 -3.999999999999986
6.969102144241333 30.4 -0.3999999999999986 -3.999999999999986
6.97892427444458 30.4 -0.3999999999999986 -3.999999999999986
6.989396095275879 30.4 -0.3999999999999986 -3.999999999999986
6.998936414718628 30.4 -0.3999999999999986 -3.999999999999986
7.0100202560424805 30.4 -0.3999999999999986 -3.999999999999986
7.0192413330078125 30.4 -0.3999999999999986 -3.999999999999986
7.029873847961426 30.4 -0.3999999999999986 -3.999999999999986
7.04000449180603 30.4 -0.3999999999999986 -3.999999999999986
7.0492236614227295 30.4 -0.3999999999999986 -3.999999999999986
7.060332536697388 30.4 -0.3999999999999986 -3.999999999999986
7.070000171661377 30.4 -0.3999999999999986 -3.999999999999986
7.079413890838623 30.4 -0.3999999999999986 -3.999999999999986
7.0894622802734375 30.4 -0.3999999999999986 -3.999999999999986
7.099930763244629 30.4 -0.3999999999999986 -3.999999999999986
7.1102516651153564 30.4 -0.3999999999999986 -3.999999999999986
7.124255418777466 30.4 -0.3999999999999986 -3.999999999999986
7.1345131397247314 30.4 -0.3999999999999986 -3.999999999999986
7.1446778774261475 30.4 -0.3999999999999986 -3.999999999999986
7.15438985824585 30.4 -0.3999999999999986 -3.999999999999986
7.165963649749756 30.4 -0.3999999999999986 -3.999999999999986
7.1749255657196045 30.4 -0.3999999999999986 -3.999999999999986
7.18448281288147 30.4 -0.3999999999999986 -3.999999999999986
7.194698333740234 30.4 -0.3999999999999986 -3.999999999999986
7.204421281814575 30.4 -0.3999999999999986 -3.999999999999986
7.216169595718384 30.4 -0.3999999999999986 -3.999999999999986
7.225341320037842 30.4 -0.3999999999999986 -3.999999999999986
7.236003398895264 30.4 -0.3999999999999986 -3.999999999999986
7.245218992233276 30.4 -0.3999999999999986 -3.999999999999986
7.254589557647705 30.4 -0.3999999999999986 -3.999999999999986
7.266124963760376 30.4 -0.3999999999999986 -3.999999999999986
7.279087781906128 30.4 -0.3999999999999986 -3.999999999999986
7.289734363555908 30.4 -0.3999999999999986 -3.999999999999986
7.300520420074463 30.4 -0.3999999999999986 -3.999999999999986
7.31123423576355 30.4 -0.3999999999999986 -3.999999999999986
7.320812463760376 30.4 -0.3999999999999986 -3.999999999999986
7.331078767776489 30.4 -0.3999999999999986 -3.999999999999986
7.341464281082153 30.4 -0.3999999999999986 -3.999999999999986
7.35142183303833 30.4 -0.3999999999999986 -3.999999999999986
7.367784023284912 30.4 -0.3999999999999986 -3.999999999999986
7.377366065979004 30.4 -0.3999999999999986 -3.999999999999986
7.386878728866577 30.4 -0.3999999999999986 -3.999999999999986
7.397305250167847 30.4 -0.3999999999999986 -3.999999999999986
7.407478094100952 30.4 -0.3999999999999986 -3.999999999999986
7.4192304611206055 29.7 0.3000000000000007 3.000000000000007
7.428941011428833 29.7 0.3000000000000007 3.000000000000007
7.439197778701782 29.7 0.3000000000000007 3.000000000000007
7.449292898178101 29.7 0.3000000000000007 3.000000000000007
7.459130048751831 29.7 0.3000000000000007 3.000000000000007
7.4710938930511475 29.7 0.3000000000000007 3.000000000000007
7.480729341506958 29.7 0.3000000000000007 3.000000000000007
7.490866422653198 29.7 0.3000000000000007 3.000000000000007
7.500908136367798 29.7 0.3000000000000007 3.000000000000007
7.5105140209198 29.7 0.3000000000000007 3.000000000000007
7.526496410369873 29.7 0.3000000000000007 3.000000000000007
7.537035942077637 29.7 0.3000000000000007 3.000000000000007
7.546767950057983 29.7 0.3000000000000007 3.000000000000007
7.556374788284302 29.7 0.3000000000000007 3.000000000000007
7.567064523696899 29.7 0.3000000000000007 3.000000000000007
7.576852560043335 29.7 0.3000000000000007 3.000000000000007
7.587236404418945 29.7 0.3000000000000007 3.000000000000007
7.597192764282227 29.7 0.3000000000000007 3.000000000000007
7.607428550720215 29.7 0.3000000000000007 3.000000000000007
7.61789608001709 29.7 0.3000000000000007 3.000000000000007
7.628073692321777 29.7 0.3000000000000007 3.000000000000007
7.638513803482056 29.7 0.3000000000000007 3.000000000000007
7.6479811668396 29.7 0.3000000000000007 3.000000000000007
7.657890558242798 29.7 0.3000000000000007 3.000000000000007
7.668242454528809 29.7 0.3000000000000007 3.000000000000007
7.678205490112305 29.7 0.3000000000000007 3.000000000000007
7.6877217292785645 29.7 0.3000000000000007 3.000000000000007
7.697926998138428 30.4 -0.3999999999999986 -3.999999999999986
7.7078375816345215 30.4 -0.3999999999999986 -3.999999999999986
7.7183310985565186 30.4 -0.3999999999999986 -3.999999999999986
7.728741407394409 30.4 -0.3999999999999986 -3.999999999999986
7.739031076431274 30.4 -0.3999999999999986 -3.999999999999986
7.7492148876190186 30.4 -0.3999999999999986 -3.999999999999986
7.759038209915161 30.4 -0.3999999999999986 -3.999999999999986
7.770318269729614 30.4 -0.3999999999999986 -3.999999999999986
7.779470443725586 30.4 -0.3999999999999986 -3.999999999999986
7.789982557296753 30.4 -0.3999999999999986 -3.999999999999986
7.799210548400879 30.4 -0.3999999999999986 -3.999999999999986
7.809193134307861 30.4 -0.3999999999999986 -3.999999999999986
7.820641279220581 30.4 -0.3999999999999986 -3.999999999999986
7.830138444900513 30.4 -0.3999999999999986 -3.999999999999986
7.8408472537994385 30.4 -0.3999999999999986 -3.999999999999986
7.850653409957886 30.4 -0.3999999999999986 -3.999999999999986
7.860631704330444 30.4 -0.3999999999999986 -3.999999999999986
7.870955467224121 30.4 -0.3999999999999986 -3.999999999999986
7.881777286529541 30.4 -0.3999999999999986 -3.999999999999986
7.891040086746216 30.4 -0.3999999999999986 -3.999999999999986
7.900676965713501 30.4 -0.3999999999999986 -3.999999999999986
7.914621114730835 30.4 -0.3999999999999986 -3.999999999999986
7.929928779602051 30.4 -0.3999999999999986 -3.999999999999986
7.940301179885864 30.4 -0.3999999999999986 -3.999999999999986
7.9503161907196045 30.4 -0.3999999999999986 -3.999999999999986
7.95946478843689 30.4 -0.3999999999999986 -3.999999999999986
7.970072269439697 30.4 -0.3999999999999986 -3.999999999999986
7.980989456176758 30.4 -0.3999999999999986 -3.999999999999986
7.990516185760498 30.4 -0.3999999999999986 -3.999999999999986
8.000690460205078 30.4 -0.3999999999999986 -3.999999999999986
8.010658740997314 30.4 -0.3999999999999986 -3.999999999999986
8.021805047988892 30.4 -0.3999999999999986 -3.999999999999986
8.03099799156189 30.4 -0.3999999999999986 -3.999999999999986
8.041373491287231 30.4 -0.3999999999999986 -3.999999999999986
8.051422357559204 30.4 -0.3999999999999986 -3.999999999999986
8.06105375289917 30.4 -0.3999999999999986 -3.999999999999986
8.072643518447876 30.4 -0.3999999999999986 -3.999999999999986
8.08176326751709 30.4 -0.3999999999999986 -3.999999999999986
8.091952323913574 30.4 -0.3999999999999986 -3.999999999999986
8.101234912872314 30.4 -0.3999999999999986 -3.999999999999986
8.112000465393066 30.4 -0.3999999999999986 -3.999999999999986
8.123252391815186 30.4 -0.3999999999999986 -3.999999999999986
8.1320219039917 30.4 -0.3999999999999986 -3.999999999999986
8.143393516540527 30.4 -0.3999999999999986 -3.999999999999986
8.152182340621948 30.4 -0.3999999999999986 -3.999999999999986
8.16215467453003 30.4 -0.3999999999999986 -3.999999999999986
8.171400308609009 30.4 -0.3999999999999986 -3.999999999999986
8.183727979660034 30.4 -0.3999999999999986 -3.999999999999986
8.192164897918701 30.4 -0.3999999999999986 -3.999999999999986
8.201704978942871 30.4 -0.3999999999999986 -3.999999999999986
8.21143388748169 30.4 -0.3999999999999986 -3.999999999999986
8.221290349960327 30.4 -0.3999999999999986 -3.999999999999986
8.234188795089722 30.4 -0.3999999999999986 -3.999999999999986
8.24395489692688 30.4 -0.3999999999999986 -3.999999999999986
8.254204511642456 30.4 -0.3999999999999986 -3.999999999999986
8.263478517532349 30.4 -0.3999999999999986 -3.999999999999986
8.272141456604004 30.4 -0.3999999999999986 -3.999999999999986
8.283874273300171 30.4 -0.3999999999999986 -3.999999999999986
8.292741060256958 30.4 -0.3999999999999986 -3.999999999999986
8.304311990737915 30.4 -0.3999999999999986 -3.999999999999986
8.31392502784729 30.4 -0.3999999999999986 -3.999999999999986
8.330290079116821 30.4 -0.3999999999999986 -3.999999999999986
8.346170663833618 30.4 -0.3999999999999986 -3.999999999999986
8.358694791793823 30.4 -0.3999999999999986 -3.999999999999986
8.378650188446045 30.4 -0.3999999999999986 -3.999999999999986
8.394342422485352 30.4 -0.3999999999999986 -3.999999999999986
8.404948234558105 30.4 -0.3999999999999986 -3.999999999999986
8.414888858795166 30.4 -0.3999999999999986 -3.999999999999986
8.425455570220947 30.4 -0.3999999999999986 -3.999999999999986
8.438123941421509 30.4 -0.3999999999999986 -3.999999999999986
8.447425365447998 30.4 -0.3999999999999986 -3.999999999999986
8.456995725631714 30.4 -0.3999999999999986 -3.999999999999986
8.466964960098267 30.4 -0.3999999999999986 -3.999999999999986
8.476709604263306 30.4 -0.3999999999999986 -3.999999999999986
8.489075183868408 30.4 -0.3999999999999986 -3.999999999999986
8.498963117599487 30.4 -0.3999999999999986 -3.999999999999986
8.509062767028809 30.4 -0.3999999999999986 -3.999999999999986
8.518695592880249 30.4 -0.3999999999999986 -3.999999999999986
8.530574798583984 30.4 -0.3999999999999986 -3.999999999999986
8.54090166091919 30.4 -0.3999999999999986 -3.999999999999986
8.550920486450195 30.4 -0.3999999999999986 -3.999999999999986
8.560461521148682 30.4 -0.3999999999999986 -3.999999999999986
8.56998872756958 30.4 -0.3999999999999986 -3.999999999999986
8.579915046691895 30.4 -0.3999999999999986 -3.999999999999986
8.590137720108032 30.4 -0.3999999999999986 -3.999999999999986
8.600322484970093 30.4 -0.3999999999999986 -3.999999999999986
8.609483003616333 30.4 -0.3999999999999986 -3.999999999999986
8.619861841201782 30.4 -0.3999999999999986 -3.999999999999986
8.629964113235474 30.4 -0.3999999999999986 -3.999999999999986
8.64103102684021 30.4 -0.3999999999999986 -3.999999999999986
8.651000499725342 30.4 -0.3999999999999986 -3.999999999999986
8.660748958587646 30.4 -0.3999999999999986 -3.999999999999986
8.670621156692505 30.4 -0.3999999999999986 -3.999999999999986
8.680137395858765 30.4 -0.3999999999999986 -3.999999999999986
8.690911293029785 30.4 -0.3999999999999986 -3.999999999999986
8.700451850891113 30.4 -0.3999999999999986 -3.999999999999986
8.709973335266113 30.4 -0.3999999999999986 -3.999999999999986
8.719956874847412 30.4 -0.3999999999999986 -3.999999999999986
8.736810684204102 30.4 -0.3999999999999986 -3.999999999999986
8.746485471725464 30.4 -0.3999999999999986 -3.999999999999986
8.756353378295898 30.4 -0.3999999999999986 -3.999999999999986
8.76630711555481 30.4 -0.3999999999999986 -3.999999999999986
8.7760329246521 30.4 -0.3999999999999986 -3.999999999999986
8.786875247955322 30.4 -0.3999999999999986 -3.999999999999986
8.79642653465271 30.4 -0.3999999999999986 -3.999999999999986
8.806489944458008 30.4 -0.3999999999999986 -3.999999999999986
8.81607985496521 30.4 -0.3999999999999986 -3.999999999999986
8.825251340866089 30.4 -0.3999999999999986 -3.999999999999986
8.837785720825195 30.4 -0.3999999999999986 -3.999999999999986
8.84707760810852 30.4 -0.3999999999999986 -3.999999999999986
8.857230186462402 30.4 -0.3999999999999986 -3.999999999999986
8.86678671836853 30.4 -0.3999999999999986 -3.999999999999986
8.876639604568481 30.4 -0.3999999999999986 -3.999999999999986
8.887129068374634 30.4 -0.3999999999999986 -3.999999999999986
8.89772081375122 30.4 -0.3999999999999986 -3.999999999999986
8.906992673873901 30.4 -0.3999999999999986 -3.999999999999986
8.916579246520996 30.4 -0.3999999999999986 -3.999999999999986
8.926739692687988 30.4 -0.3999999999999986 -3.999999999999986
8.938137531280518 30.4 -0.3999999999999986 -3.999999999999986
8.948091983795166 30.4 -0.3999999999999986 -3.999999999999986
8.957796335220337 30.4 -0.3999999999999986 -3.999999999999986
8.967458248138428 30.4 -0.3999999999999986 -3.999999999999986
8.976943731307983 30.4 -0.3999999999999986 -3.999999999999986
8.986464977264404 30.4 -0.3999999999999986 -3.999999999999986
8.998619079589844 30.4 -0.3999999999999986 -3.999999999999986
9.008033752441406 30.4 -0.3999999999999986 -3.999999999999986
9.018174648284912 30.4 -0.3999999999999986 -3.999999999999986
9.027469396591187 30.4 -0.3999999999999986 -3.999999999999986
9.040264129638672 30.4 -0.3999999999999986 -3.999999999999986
9.049456119537354 30.4 -0.3999999999999986 -3.999999999999986
9.059730529785156 30.4 -0.3999999999999986 -3.999999999999986
9.069069862365723 30.4 -0.3999999999999986 -3.999999999999986
9.078935623168945 30.4 -0.3999999999999986 -3.999999999999986
9.090267658233643 30.4 -0.3999999999999986 -3.999999999999986
9.099467515945435 30.4 -0.3999999999999986 -3.999999999999986
9.109764337539673 30.4 -0.3999999999999986 -3.999999999999986
9.119115114212036 30.4 -0.3999999999999986 -3.999999999999986
9.136070251464844 30.4 -0.3999999999999986 -3.999999999999986
9.146576642990112 30.4 -0.3999999999999986 -3.999999999999986
9.15685248374939 30.4 -0.3999999999999986 -3.999999999999986
9.166373014450073 30.4 -0.3999999999999986 -3.999999999999986
9.176253080368042 30.4 -0.3999999999999986 -3.999999999999986
9.185464143753052 30.4 -0.3999999999999986 -3.999999999999986
9.196882724761963 30.4 -0.3999999999999986 -3.999999999999986
9.20639944076538 30.4 -0.3999999999999986 -3.999999999999986
9.216020107269287 30.4 -0.3999999999999986 -3.999999999999986
9.226121187210083 30.4 -0.3999999999999986 -3.999999999999986
9.2372887134552 30.4 -0.3999999999999986 -3.999999999999986
9.248334884643555 30.4 -0.3999999999999986 -3.999999999999986
9.257984638214111 30.4 -0.3999999999999986 -3.999999999999986
9.267967462539673 30.4 -0.3999999999999986 -3.999999999999986
9.277467250823975 30.4 -0.3999999999999986 -3.999999999999986
9.287012815475464 30.4 -0.3999999999999986 -3.999999999999986
9.300347566604614 30.4 -0.3999999999999986 -3.999999999999986
