0 0
0.0002892017364501953 102.3 -72.3 -667501.9170784547 -72.3 -0.015669035911560058 -333606.35775577556
0.033652305603027344 102.3 -72.3 -289.44278214454647 -72.3 -2.4278214454650877 0.0
0.045357704162597656 102.3 -72.3 -289.5274121761322 -72.3 -3.2741217613220215 0.0
0.055597782135009766 102.3 -72.3 -289.60144793987274 -72.3 -4.014479398727417 0.0
0.06627845764160156 102.3 -72.3 -289.6786692237854 -72.3 -4.7866922378540036 0.0
0.0767359733581543 102.3 -72.3 -289.75427706241607 -72.3 -5.542770624160767 0.0
0.08847355842590332 102.3 -72.3 -289.8391398024559 -72.3 -6.391398024559021 0.0
0.10022091865539551 102.3 -72.3 -289.92407321691513 -72.3 -7.240732169151306 0.0
0.11027073860168457 102.3 -72.3 -289.9967334151268 -72.3 -7.967334151268005 0.0
0.12117505073547363 102.4 -72.4 -308.8170484852481 -72.4 -8.756806349754333 -9.170683925136343
0.13136601448059082 102.4 -72.4 -290.5494632124901 -72.4 -9.494632124900818 0.0
0.1432654857635498 102.3 -72.3 -273.42802694486346 -72.3 -10.354963898658752 8.403734722501218
0.15366792678833008 102.3 -72.3 -290.310706038475 -72.3 -11.107060384750366 0.0
0.16379952430725098 102.3 -72.3 -290.38395748853685 -72.3 -11.839574885368346 0.0
0.17451071739196777 102.4 -72.4 -309.533562796783 -72.4 -12.615065264701842 -9.336028135156385
0.18475723266601562 102.4 -72.4 -290.9356912970543 -72.4 -13.356912970542906 0.0
0.21396374702453613 102.0 -72.0 -262.15482874043084 -72.0 -15.459782004356383 13.695574730002399
0.22526001930236816 101.6 -71.6 -217.20703679993966 -71.6 -16.268595099449154 35.40991135500261
0.23555541038513184 101.6 -71.6 -288.1005745100975 -71.6 -17.005745100975034 0.0
0.24652957916259766 101.6 -71.6 -288.1791495585441 -71.6 -17.791495585441588 0.0
0.2586972713470459 100.7 -70.7 -136.73243878488782 -70.7 -18.65175142288208 73.9663681787002
0.2698488235473633 100.7 -70.7 -284.7440166163445 -70.7 -19.440166163444516 0.0
0.2805337905883789 100.1 -70.1 -170.1115994205913 -70.1 -20.18918235301971 56.15365940735531
0.292586088180542 100.1 -70.1 -282.503404841423 -70.1 -21.03404841423034 0.0
0.3037123680114746 100.1 -70.1 -282.58140006303785 -70.1 -21.814000630378718 0.0
0.315793514251709 99.2 -69.2 -130.07251659344294 -69.2 -22.65001595020294 74.49624250078868
0.32613158226013184 99.2 -69.2 -279.13654102563856 -69.2 -23.3654102563858 0.0
0.3371708393096924 97.7 -67.7 -1.4538581098462373 -67.7 -24.11276795864105 135.87870934300895
0.34839463233947754 97.7 -67.7 -273.2872618746758 -67.7 -24.872618746757507 0.0
0.3600349426269531 96.4 -66.4 -44.80281009439361 -66.4 -25.645535349845886 111.68087172029551
0.37021732330322266 96.4 -66.4 -268.23216454267504 -66.4 -26.321645426750184 0.0
0.3803293704986572 96.4 -66.4 -268.2993085360527 -66.4 -26.99308536052704 0.0
0.39327502250671387 96.3 -66.3 -252.53593565996795 -66.3 -27.851382088661197 7.724601274449073
0.40346765518188477 96.3 -66.3 -268.0527153635025 -66.3 -28.527153635025027 0.0
0.4145348072052002 96.8 -66.8 -360.4841268662679 -66.8 -29.266439390182498 -45.17874146362481
0.4247267246246338 96.8 -66.8 -270.19472594738005 -66.8 -29.947259473800663 0.0
0.43521976470947266 96.3 -66.3 -172.9630292104498 -66.3 -30.64294803142548 47.650632796346365
0.447277307510376 96.3 -66.3 -268.34423631191254 -66.3 -31.44236311912537 0.0
0.45736122131347656 96.3 -66.3 -268.4110926604271 -66.3 -32.110926604270944 0.0
0.46839284896850586 95.6 -65.6 -138.7756235266484 -65.6 -32.834601378440865 63.45391830559784
0.4792459011077881 95.6 -65.6 -265.75465615987775 -65.6 -33.54656159877778 0.0
0.5040011405944824 95.2 -65.2 -231.99966926278464 -65.2 -35.160603213310246 16.158195529273186
0.5202312469482422 94.7 -64.7 -200.8071783435087 -64.7 -36.210691094398506 30.806945382965598
0.5305025577545166 94.7 -64.7 -262.48752449035646 -64.7 -36.87524490356446 0.0
0.5413517951965332 93.7 -63.7 -74.21188080905151 -63.7 -37.566341328620915 92.17237666190529
0.551856517791748 93.7 -63.7 -258.6235492157936 -63.7 -38.2354921579361 0.0
0.5633251667022705 93.7 -63.7 -258.6966045093537 -63.7 -38.96604509353638 0.0
0.5746421813964844 93.1 -63.099999999999994 -150.332984219198 -63.099999999999994 -39.68014872074127 53.017515326438065
0.585230827331543 93.1 -63.099999999999994 -256.4348292279243 -63.099999999999994 -40.348292279243466 0.0
0.6011841297149658 92.5 -62.5 -178.91500155265848 -62.5 -41.345373678207395 37.60976790758113
0.6175172328948975 92.9 -62.900000000000006 -304.8175546059164 -62.900000000000006 -42.372725868225096 -24.490141009546956
0.6327025890350342 92.9 -62.900000000000006 -255.93278847694398 -62.900000000000006 -43.3278847694397 0.0
0.647517204284668 91.7 -61.7 -89.22201237838269 -61.7 -44.241946530342105 81.00109113732577
0.6621518135070801 91.7 -61.7 -251.3144901919365 -61.7 -45.14490191936493 0.0
0.6756558418273926 90.7 -60.7 -99.29250484158092 -60.7 -45.9645964384079 74.05197740112995
0.6861093044281006 90.7 -60.7 -247.4599121618271 -60.7 -46.59912161827088 0.0
0.6967434883117676 89.5 -59.5 -17.035908915349665 -59.5 -47.231855559349064 112.84363832029263
0.7076694965362549 89.5 -59.5 -242.7881953048706 -59.5 -47.88195304870606 0.0
0.72007155418396 89.5 -59.5 -242.86198754787446 -59.5 -48.61987547874451 0.0
0.7310566902160645 89.4 -59.400000000000006 -224.32081928846185 -59.400000000000006 -49.27239255905152 9.103209983721674
0.7413105964660645 89.4 -59.400000000000006 -242.58814745903018 -59.400000000000006 -49.881474590301515 0.0
0.7522521018981934 89.3 -59.3 -223.97401027769058 -59.3 -50.53030586242676 9.139510154276035
0.7623410224914551 89.3 -59.3 -242.3128578853607 -59.3 -51.12857885360718 0.0
0.7735908031463623 89.3 -59.3 -242.37956908464432 -59.3 -51.79569084644318 0.0
0.7841579914093018 89.1 -59.099999999999994 -203.78900009422148 -59.099999999999994 -52.4202116727829 18.926510536528404
0.7956368923187256 89.1 -59.099999999999994 -241.70986147165297 -59.099999999999994 -53.098614716529845 0.0
0.8066034317016602 87.1 -57.099999999999994 130.9733943194312 -57.099999999999994 -53.724804115295406 182.37293736548037
0.818486213684082 87.1 -57.099999999999994 -233.84033109664915 -57.099999999999994 -54.403310966491695 0.0
0.8313350677490234 86.3 -56.3 -106.18794662391893 -56.3 -55.126701450347895 62.26236176055793
0.8415112495422363 86.3 -56.3 -230.76996204853057 -56.3 -55.69962048530578 0.0
0.8520665168762207 86.1 -56.099999999999994 -192.1334055044898 -56.099999999999994 -56.2917709827423 18.94788579689221
0.863609790802002 86.1 -56.099999999999994 -230.09393486499783 -56.099999999999994 -56.939348649978626 0.0
0.8744473457336426 86.1 -56.099999999999994 -230.15473354816436 -56.099999999999994 -57.547335481643664 0.0
0.8853631019592285 86.3 -56.3 -267.6604667325627 -56.3 -58.16189255714415 -18.322138738424165
0.8960912227630615 86.3 -56.3 -231.07658857584 -56.3 -58.765885758399946 0.0
0.9070789813995361 82.2 -52.2 531.551105013787 -52.2 -59.33944675922392 373.14252484485473
0.9186100959777832 82.2 -52.2 -214.79413709402084 -52.2 -59.941370940208415 0.0
0.9298231601715088 82.2 -52.2 -214.8526692891121 -52.2 -60.52669289112089 0.0
0.9403238296508789 81.8 -51.8 -137.1214441570096 -51.8 -61.07062757015226 38.09280930000281
0.9504013061523438 81.8 -51.8 -213.3592640852928 -51.8 -61.59264085292814 0.0
0.9611351490020752 82.2 -52.2 -289.54591823178674 -52.2 -62.15294744968412 -37.265311743409164
0.9722676277160645 82.2 -52.2 -215.07340628385543 -52.2 -62.73406283855436 0.0
0.9825937747955322 81.8 -51.8 -136.05366259788315 -51.8 -63.26895725727079 38.736616563921956
0.9981679916381836 81.8 -51.8 -213.607570168972 -51.8 -64.07570168972013 0.0
1.0084896087646484 81.0 -51.0 -55.44574123032473 -51.0 -64.60210416316984 77.50723459299613
1.0206804275512695 81.0 -51.0 -210.52238359212876 -51.0 -65.22383592128752 0.0
1.0311076641082764 81.0 -51.0 -210.5755624985695 -51.0 -65.75562498569487 0.0
1.0421648025512695 78.8 -48.8 196.1034540631167 -48.8 -66.29521334171294 198.966487698644
1.0524792671203613 78.8 -48.8 -201.87985592126844 -48.8 -66.79855921268462 0.0
1.0632727146148682 78.8 -48.8 -201.93252794504164 -48.8 -67.32527945041656 0.0
1.0741426944732666 78.8 -48.8 -201.98557344675064 -48.8 -67.85573446750641 0.0
1.0851068496704102 77.9 -47.900000000000006 -34.26675637275727 -47.900000000000006 -68.38091750144959 82.08566768869386
1.0987434387207031 77.9 -47.900000000000006 -198.50341101169587 -47.900000000000006 -69.03411011695862 0.0
1.110304355621338 78.0 -48.0 -216.25856932331493 -48.0 -69.58903412818908 -8.649832955248014
1.1220498085021973 78.0 -48.0 -199.01528158664703 -48.0 -70.15281586647033 0.0
1.13211989402771 78.0 -48.0 -199.0636179971695 -48.0 -70.63617997169494 0.0
1.143155574798584 77.2 -47.2 -50.93144733118544 -47.2 -71.15706410408019 72.4921295396113
1.1534688472747803 77.2 -47.2 -195.96438505649567 -47.2 -71.64385056495665 0.0
1.1642873287200928 76.6 -46.599999999999994 -82.69350157777251 -46.599999999999994 -72.14799180030822 55.46064880112914
1.1758112907409668 76.6 -46.599999999999994 -193.66850084304807 -46.599999999999994 -72.68500843048095 0.0
1.1865942478179932 75.7 -45.7 -23.187688524185575 -45.7 -73.17778956890105 83.46504521635227
1.1976494789123535 75.7 -45.7 -190.16830136299134 -45.7 -73.68301362991332 0.0
1.2079806327819824 75.4 -45.400000000000006 -130.93843936262343 -45.400000000000006 -74.15204801559447 29.038382719468018
1.2186667919158936 75.4 -45.400000000000006 -189.06371996402743 -45.400000000000006 -74.63719964027403 0.0
1.2312932014465332 75.4 -45.400000000000006 -189.12104386329653 -45.400000000000006 -75.21043863296508 0.0
1.241457223892212 75.4 -45.400000000000006 -189.16718852519992 -45.400000000000006 -75.67188525199889 0.0
1.2519915103912354 75.4 -45.400000000000006 -189.2150141859055 -45.400000000000006 -76.15014185905456 0.0
1.2630515098571777 74.4 -44.400000000000006 -4.432285450205256 -44.400000000000006 -76.6412058353424 90.4159175666645
1.2739887237548828 74.4 -44.400000000000006 -185.31268181324006 -44.400000000000006 -77.12681813240052 0.0
1.2843835353851318 73.6 -43.599999999999994 -28.2350600051754 -43.599999999999994 -77.58003191947937 76.96147159338626
1.2959229946136475 73.6 -43.599999999999994 -182.20831523418425 -43.599999999999994 -78.08315234184265 0.0
1.3130865097045898 73.0 -43.0 -109.96637010976164 -43.0 -78.82118349075317 34.957874119656836
1.3255586624145508 73.0 -43.0 -179.93574860572815 -43.0 -79.35748605728149 0.0
1.3360536098480225 72.8 -42.8 -141.06708875315934 -42.8 -79.80666980743408 19.056789113792043
1.3464999198913574 72.8 -42.8 -179.22537718772887 -42.8 -80.25377187728881 0.0
1.356637716293335 72.8 -42.8 -179.26876695632933 -42.8 -80.68766956329345 0.0
1.368767499923706 71.4 -41.400000000000006 57.117779635972255 -41.400000000000006 -81.18984260559081 115.41838194826568
1.381101131439209 71.4 -41.400000000000006 -173.7700454950333 -41.400000000000006 -81.70045495033263 0.0
1.3931314945220947 71.2 -41.2 -139.7704062864495 -41.2 -82.19610590934752 16.62460215224265
1.4160521030426025 70.6 -40.599999999999994 -118.35803732202487 -40.599999999999994 -83.12668261528015 26.17731546975156
1.4298222064971924 70.6 -40.599999999999994 -170.76857488155363 -40.599999999999994 -83.6857488155365 0.0
1.440507411956787 69.7 -39.7 1.2462242114956155 -39.7 -84.1099514722824 84.22860967936194
1.450735092163086 69.7 -39.7 -167.25159903764725 -39.7 -84.51599037647247 0.0
1.4615106582641602 68.9 -38.900000000000006 -15.609437752768855 -38.900000000000006 -84.93515989780425 74.2420391185058
1.472233533859253 68.9 -38.900000000000006 -164.13522797584537 -38.900000000000006 -85.35227975845336 0.0
1.4837009906768799 68.9 -38.900000000000006 -164.17983638286591 -38.900000000000006 -85.79836382865905 0.0
1.4953689575195312 68.9 -38.900000000000006 -164.22522477388384 -38.900000000000006 -86.2522477388382 0.0
1.505814790725708 68.9 -38.900000000000006 -164.26585906505588 -38.900000000000006 -86.65859065055847 0.0
1.5164964199066162 68.5 -38.5 -87.81204114732047 -38.5 -87.06983337402343 37.44747109504093
1.5281639099121094 68.5 -38.5 -162.7519031739235 -38.5 -87.51903173923492 0.0
1.5401535034179688 67.9 -37.900000000000006 -60.310547678586886 -37.900000000000006 -87.97343733310699 50.04339802736192
1.5504045486450195 67.9 -37.900000000000006 -160.43619519472125 -37.900000000000006 -88.3619519472122 0.0
1.5605037212371826 66.8 -36.8 61.76626779225515 -36.8 -88.7336014986038 108.91981397105776
1.5725071430206299 66.8 -36.8 -156.11753274202346 -36.8 -89.17532742023467 0.0
1.5838968753814697 66.8 -36.8 -156.15944695711136 -36.8 -89.59446957111358 0.0
1.5952849388122559 66.2 -36.2 -48.42718069679985 -36.2 -90.00671746730804 52.68674552496548
1.6056771278381348 66.2 -36.2 -153.8382914710045 -36.2 -90.38291471004486 0.0
1.6164886951446533 65.8 -35.8 -78.28217473275575 -35.8 -90.76996881961823 36.997411074603036
1.6270785331726074 65.8 -35.8 -152.3149085021019 -35.8 -91.14908502101899 0.0
1.6402497291564941 65.3 -35.3 -74.43815324025981 -35.3 -91.61402823925019 37.9616247918326
1.6574573516845703 64.3 -34.3 -30.19286379758327 -34.3 -92.2042496919632 58.11378058580652
1.6815481185913086 64.3 -34.3 -146.50305629968642 -34.3 -93.03056299686432 0.0
1.6933839321136475 64.1 -34.099999999999994 -111.94768288633966 -34.099999999999994 -93.43416423797608 16.897866768728964
1.7045965194702148 64.1 -34.099999999999994 -145.78165134668347 -34.099999999999994 -93.81651346683502 0.0
1.7156786918640137 63.4 -33.4 -16.68964381547383 -33.4 -94.1866580247879 63.164510993502475
1.7259652614593506 63.4 -33.4 -143.05302294492722 -33.4 -94.53022944927216 0.0
1.7382934093475342 63.2 -33.2 -109.84787828746151 -33.2 -94.93952395915986 16.22303705422724
1.7484931945800781 63.2 -33.2 -142.32781568288803 -33.2 -95.27815682888031 0.0
1.759857177734375 62.5 -32.5 -16.368508279028546 -32.5 -95.64748628139496 61.59812017455547
1.7714810371398926 62.5 -32.5 -139.60252617120744 -32.5 -96.02526171207428 0.0
1.7834062576293945 61.8 -31.799999999999997 -19.442199741870525 -31.799999999999997 -96.40448372364044 58.69912431524675
1.7942698001861572 61.8 -31.799999999999997 -136.87499443769454 -31.799999999999997 -96.74994437694549 0.0
1.8176498413085938 61.8 -31.799999999999997 -136.9493429684639 -31.799999999999997 -97.49342968463897 0.0
1.8283138275146484 61.8 -31.799999999999997 -136.98325444459914 -31.799999999999997 -97.8325444459915 0.0
1.8410365581512451 60.9 -30.9 8.056494589344965 -30.9 -98.22567682266234 70.73953113580559
1.8512969017028809 60.9 -30.9 -133.4542721438408 -30.9 -98.54272143840788 0.0
1.8627445697784424 60.7 -30.700000000000003 -97.74780240589985 -30.700000000000003 -98.89416484832762 17.47080703946646
1.8737123012542725 60.7 -30.700000000000003 -132.72308742046357 -30.700000000000003 -99.2308742046356 0.0
1.8855798244476318 60.3 -30.299999999999997 -63.74818134200011 -30.299999999999997 -99.59046015739439 33.705432336869656
1.896657943725586 60.3 -30.299999999999997 -131.19261271715163 -30.299999999999997 -99.9261271715164 0.0
1.9078114032745361 59.9 -29.9 -57.89933750442805 -29.9 -100.25961561203 35.86331202838747
1.9181032180786133 59.9 -29.9 -129.65673408746719 -29.9 -100.56734087467191 0.0
1.930724859237671 59.7 -29.700000000000003 -97.20262059594214 -29.700000000000003 -100.94220361709593 15.845799882883737
1.943164348602295 59.7 -29.700000000000003 -128.93116564512255 -29.700000000000003 -101.31165645122526 0.0
1.9538733959197998 58.8 -28.799999999999997 42.720170538468764 -28.799999999999997 -101.62007701396941 84.04108911993285
1.9642980098724365 58.8 -28.799999999999997 -125.39203058958053 -28.799999999999997 -101.92030589580534 0.0
1.9744713306427002 58.2 -28.200000000000003 -5.065134634210054 -28.200000000000003 -102.20719354152678 58.97779235997132
1.9867122173309326 58.2 -28.200000000000003 -123.0552386546135 -28.200000000000003 -102.55238654613493 0.0
1.9979643821716309 58.0 -28.0 -86.73802980992687 -28.0 -102.86744716167448 17.774357453120288
2.00870680809021 58.0 -28.0 -122.31682350873947 -28.0 -103.16823508739469 0.0
2.0187530517578125 58.0 -28.0 -122.34495299100875 -28.0 -103.44952991008756 0.0
2.0305182933807373 57.2 -27.200000000000003 16.816852672776648 -27.200000000000003 -103.76954448223111 67.99690356049989
2.042592763900757 57.2 -27.200000000000003 -119.20979700803758 -27.200000000000003 -104.09797008037565 0.0
2.0535972118377686 56.7 -26.700000000000003 -26.36683292684073 -26.700000000000003 -104.39178884029386 45.436172978594335
2.0640721321105957 56.7 -26.700000000000003 -117.26714692115785 -26.700000000000003 -104.67146921157834 0.0
2.077317237854004 56.7 -26.700000000000003 -117.30251135349275 -26.700000000000003 -105.02511353492734 0.0
2.088465690612793 56.7 -26.700000000000003 -117.33227772235871 -26.700000000000003 -105.32277722358701 0.0
2.1003453731536865 55.4 -25.4 106.69861517682136 -25.4 -105.62452116012571 109.43053364641696
2.1105055809020996 55.4 -25.4 -112.18825904369353 -25.4 -105.8825904369354 0.0
2.1214051246643066 55.3 -25.299999999999997 -93.46644299160782 -25.299999999999997 -106.15834889411924 9.174695948902047
2.132075786590576 55.3 -25.299999999999997 -111.84283166408538 -25.299999999999997 -106.42831664085386 0.0
2.1435372829437256 54.6 -24.6 13.07707281982593 -24.6 -106.71026945114134 61.074049882470035
2.157865285873413 54.6 -24.6 -109.10627383232116 -24.6 -107.06273832321166 0.0
2.1735894680023193 54.6 -24.6 -109.14495532035828 -24.6 -107.44955320358275 0.0
2.186645746231079 54.6 -24.6 -109.17707376480104 -24.6 -107.77073764801024 0.0
2.210716724395752 54.4 -24.4 -91.81828533426443 -24.4 -108.35806951522825 8.308760808629193
2.223362922668457 54.6 -24.6 -140.89697579764524 -24.6 -108.6691659927368 -15.815029599185776
2.2335381507873535 54.6 -24.6 -109.29194766044617 -24.6 -108.91947660446165 0.0
2.245656728744507 53.7 -23.700000000000003 42.81161012700579 -23.700000000000003 -109.20668690204619 74.26613940860521
2.256328582763672 53.7 -23.700000000000003 -105.74596098423005 -23.700000000000003 -109.4596098423004 0.0
2.2685375213623047 53.6 -23.6 -88.99333367938507 -23.6 -109.74774079322813 8.19072019996887
2.279310941696167 53.6 -23.6 -105.40019935131073 -23.6 -110.00199351310728 0.0
2.291389226913452 53.4 -23.4 -71.51117868558012 -23.4 -110.28462538719175 16.55864192656952
2.3021011352539062 53.4 -23.4 -104.65352840423583 -23.4 -110.53528404235838 0.0
2.312265634536743 52.7 -22.700000000000003 35.85767913845815 -22.700000000000003 -110.76601817607879 68.86714047803302
2.3285586833953857 52.7 -22.700000000000003 -101.91358703851701 -22.700000000000003 -111.13587038516998 0.0
2.341958522796631 53.4 -23.4 -209.22380678028907 -23.4 -111.44942662715911 -52.239432058786576
2.3523342609405518 53.4 -23.4 -104.76922188997268 -23.4 -111.69221889972687 0.0
2.363304615020752 52.7 -22.700000000000003 25.622540261848755 -22.700000000000003 -111.94124593734742 63.808332427791754
2.373661518096924 52.7 -22.700000000000003 -102.01763476371767 -22.700000000000003 -112.17634763717652 0.0
2.383915901184082 52.7 -22.700000000000003 -102.04091221332551 -22.700000000000003 -112.40912213325501 0.0
2.3972816467285156 52.7 -22.700000000000003 -102.07125245571137 -22.700000000000003 -112.71252455711365 0.0
2.407480001449585 51.9 -21.9 57.994464579361505 -21.9 -112.93586852550507 78.444025715956
2.418544292449951 51.9 -21.9 -98.91781764984131 -21.9 -113.1781764984131 0.0
2.4298202991485596 51.9 -21.9 -98.94251210451125 -21.9 -113.42512104511262 0.0
2.440506935119629 50.0 -20.0 264.2204173252843 -20.0 -113.638853764534 177.79215135086883
2.45302677154541 50.0 -20.0 -91.38892504930496 -20.0 -113.88925049304963 0.0
2.464262008666992 50.4 -20.4 -164.2163946317001 -20.4 -114.11844933032991 -35.60227484933355
2.474438428878784 50.4 -20.4 -93.03260483026504 -20.4 -114.32604830265046 0.0
2.4857563972473145 48.8 -18.799999999999997 196.08237320854474 -18.799999999999997 -114.53882610797884 141.3681279096713
2.5030364990234375 48.8 -18.799999999999997 -86.68636920213699 -18.799999999999997 -114.86369202136994 0.0
2.5139386653900146 48.7 -18.700000000000003 -67.96177845019501 -18.700000000000003 -115.06756253242493 9.172488901523742
2.524198055267334 48.7 -18.700000000000003 -86.32594131231309 -18.700000000000003 -115.2594131231308 0.0
2.5346999168395996 47.5 -17.5 146.98659216259128 -17.5 -115.44319570064545 114.26545586632791
2.547543525695801 47.5 -17.5 -81.5667958855629 -17.5 -115.66795885562897 0.0
2.5597426891326904 47.1 -17.1 -14.409389212481528 -17.1 -115.87656455039978 32.78913362127923
2.569939136505127 47.1 -17.1 -80.00509238004685 -17.1 -116.05092380046844 0.0
2.581486940383911 46.4 -16.4 44.01114213374275 -16.4 -116.2403077840805 60.6175864560754
2.5926716327667236 46.4 -16.4 -77.24237367391586 -16.4 -116.42373673915863 0.0
2.6171321868896484 46.4 -16.4 -77.28248898267745 -16.4 -116.8248898267746 0.0
2.628056764602661 46.2 -16.200000000000003 -39.885499209913114 -16.200000000000003 -117.0018679857254 18.30734379432972
2.6385691165924072 46.2 -16.200000000000003 -76.51721680879594 -16.200000000000003 -117.17216808795928 0.0
2.6513876914978027 46.0 -16.0 -44.533009705431986 -16.0 -117.3772652864456 15.602358411606286
2.663898229598999 46.0 -16.0 -75.75774338960647 -16.0 -117.57743389606475 0.0
2.6747684478759766 45.5 -15.5 18.219880607806545 -15.5 -117.7459222793579 45.997236417871164
2.6874806880950928 45.5 -15.5 -73.79429620027543 -15.5 -117.9429620027542 0.0
2.705054998397827 45.6 -15.600000000000001 -85.60195957388117 -15.600000000000001 -118.21712124347685 -5.690123724766741
2.720669746398926 45.4 -15.399999999999999 -47.82895093313432 -15.399999999999999 -118.45758836269377 12.808403951567525
2.7357430458068848 45.4 -15.399999999999999 -73.46897171735763 -15.399999999999999 -118.68971717357634 0.0
2.7527642250061035 45.2 -15.200000000000003 -49.19470944089291 -15.200000000000003 -118.94843909740446 11.750067234423774
2.7678589820861816 44.8 -14.799999999999997 -18.118649907104725 -14.799999999999997 -119.17184150218962 26.49926712155711
2.7781729698181152 44.8 -14.799999999999997 -71.13244885206221 -14.799999999999997 -119.32448852062224 0.0
2.7907187938690186 44.6 -14.600000000000001 -38.46764684827694 -14.600000000000001 -119.50765755176543 15.941559453449804
2.8025782108306885 44.6 -14.600000000000001 -70.36808050394059 -14.600000000000001 -119.68080503940581 0.0
2.8136279582977295 43.7 -13.700000000000003 96.11643179730054 -13.700000000000003 -119.83218657970427 81.44982522763549
2.824038028717041 43.7 -13.700000000000003 -66.7974804544449 -13.700000000000003 -119.97480454444884 0.0
2.8347179889678955 43.5 -13.5 -28.558575485279043 -13.5 -120.11898400783538 18.726661457752247
2.8457300662994385 43.5 -13.5 -66.02676470518112 -13.5 -120.26764705181121 0.0
2.857849359512329 43.3 -13.299999999999997 -32.23765831007037 -13.299999999999997 -120.42883365154266 16.50261252754194
2.868551254272461 43.3 -13.299999999999997 -65.25711688518523 -13.299999999999997 -120.57116885185242 0.0
2.880098819732666 42.8 -12.799999999999997 23.326442240110232 -12.799999999999997 -120.71897768974304 43.29917000454226
2.8911023139953613 42.8 -12.799999999999997 -63.28598224163054 -12.799999999999997 -120.85982241630555 0.0
2.9033470153808594 42.9 -12.899999999999999 -80.03537345141594 -12.899999999999999 -121.01777906417847 -8.166797772499045
2.9136319160461426 42.9 -12.899999999999999 -63.715045428276056 -12.899999999999999 -121.15045428276062 0.0
2.9243359565734863 42.7 -12.700000000000003 -25.559573273217737 -12.700000000000003 -121.28639559745788 18.684533143264034
2.935218334197998 42.7 -12.700000000000003 -62.94246017932893 -12.700000000000003 -121.42460179328918 0.0
2.9455153942108154 42.0 -12.0 75.80632160145211 -12.0 -121.548166513443 67.98056912639821
2.957550048828125 42.0 -12.0 -60.16925823688507 -12.0 -121.69258236885071 0.0
2.9684455394744873 42.0 -12.0 -60.18233282566071 -12.0 -121.82332825660706 0.0
2.9787702560424805 42.0 -12.0 -60.1947224855423 -12.0 -121.94722485542297 0.0
2.9900765419006348 42.0 -12.0 -60.20829002857208 -12.0 -122.08290028572083 0.0
3.004300594329834 41.8 -11.799999999999997 -31.303693250531992 -11.799999999999997 -122.25074410438538 14.060690579953267
3.0245275497436523 41.6 -11.600000000000001 -38.87294655210121 -11.600000000000001 -122.48537678718567 9.887795563308684
3.035313129425049 41.6 -11.600000000000001 -58.66104895114899 -11.600000000000001 -122.61048951148987 0.0
3.0461649894714355 41.1 -11.100000000000001 35.47700654756184 -11.100000000000001 -122.73094515800477 46.075050531681164
3.0576817989349365 41.1 -11.100000000000001 -56.68587817430497 -11.100000000000001 -122.85878174304963 0.0
3.071047306060791 41.2 -11.200000000000003 -72.06473915647834 -11.200000000000003 -123.0084754228592 -7.481945807096202
3.081312417984009 41.2 -11.200000000000003 -57.112344467639936 -11.200000000000003 -123.12344467639925 0.0
3.0957233905792236 41.0 -11.0 -28.57156891523234 -11.0 -123.28196537494661 13.87831381113116
3.106606960296631 40.8 -10.799999999999997 -18.787303418257174 -10.799999999999997 -123.3995079278946 18.376323687266137
3.117795705795288 40.8 -10.799999999999997 -55.552034637928 -10.799999999999997 -123.5203463792801 0.0
3.1299960613250732 40.3 -10.299999999999997 28.400223509282092 -10.299999999999997 -123.64601004123689 40.98241225670289
3.140709400177002 40.3 -10.299999999999997 -53.57563574314116 -10.299999999999997 -123.75635743141176 0.0
3.151402473449707 40.1 -10.100000000000001 -15.379042213145183 -10.100000000000001 -123.86435747146608 18.703696767000714
3.1635820865631104 40.1 -10.100000000000001 -52.798737156391155 -10.100000000000001 -123.98737156391145 0.0
3.174201250076294 40.1 -10.100000000000001 -52.809462511539465 -10.100000000000001 -124.0946251153946 0.0
3.1852715015411377 39.9 -9.899999999999999 -15.887548180406434 -9.899999999999999 -124.20422060489656 18.06643694004161
3.1963131427764893 39.9 -9.899999999999999 -52.03135328531265 -9.899999999999999 -124.31353285312655 0.0
3.2086939811706543 39.7 -9.700000000000003 -18.935372943312956 -9.700000000000003 -124.43362698554995 16.153994877621024
3.219811201095581 39.7 -9.700000000000003 -51.25414640188219 -9.700000000000003 -124.54146401882174 0.0
3.2304763793945312 39.7 -9.700000000000003 -51.26449162483217 -9.700000000000003 -124.64491624832156 0.0
3.240527391433716 39.7 -9.700000000000003 -51.274241106510175 -9.700000000000003 -124.74241106510165 0.0
3.2514922618865967 39.9 -9.899999999999999 -88.56523548894484 -9.899999999999999 -124.85096328258517 -18.240069580343164
3.2633047103881836 39.9 -9.899999999999999 -52.09679065227508 -9.899999999999999 -124.96790652275088 0.0
3.2743313312530518 39.7 -9.700000000000003 -15.031640510277732 -9.700000000000003 -125.0748647451401 18.137922982118145
3.284656286239624 39.7 -9.700000000000003 -51.317501680850995 -9.700000000000003 -125.17501680850985 0.0
3.2964818477630615 38.9 -8.899999999999999 87.17210260165194 -8.899999999999999 -125.28026430606845 67.65006451612939
3.3081088066101074 38.9 -8.899999999999999 -48.13837442398071 -8.899999999999999 -125.38374423980716 0.0
3.3197829723358154 39.1 -9.100000000000001 -83.21268830588728 -9.100000000000001 -125.4899791479111 -17.131845195548085
3.3302972316741943 39.1 -9.100000000000001 -48.95856589078904 -9.100000000000001 -125.58565890789035 0.0
3.34552264213562 38.9 -8.899999999999999 -21.900246791097757 -8.899999999999999 -125.72116506099704 13.13593485750097
3.3578402996063232 38.9 -8.899999999999999 -48.183079221248626 -8.899999999999999 -125.8307922124863 0.0
3.368590831756592 38.4 -8.399999999999999 46.82654150381939 -8.399999999999999 -125.92109668254855 46.50932558603712
3.380337953567505 38.4 -8.399999999999999 -46.201977250576014 -8.399999999999999 -126.01977250576022 0.0
3.39337158203125 38.5 -8.5 -61.957976902324894 -8.5 -126.13055834770205 -7.672460533777342
3.4100496768951416 38.3 -8.299999999999997 -21.84334398108397 -8.299999999999997 -126.26898653507234 11.991777336211626
3.420440673828125 38.3 -8.299999999999997 -45.8355231809616 -8.299999999999997 -126.3552318096161 0.0
3.4313747882843018 38.0 -8.0 10.2298578718178 -8.0 -126.44270472526551 27.437064172172175
3.442150115966797 38.0 -8.0 -44.652890734672546 -8.0 -126.52890734672548 0.0
3.453315496444702 38.3 -8.299999999999997 -99.59969083128588 -8.299999999999997 -126.62158000469209 -26.86876641540834
3.465747117996216 38.3 -8.299999999999997 -45.87247624635695 -8.299999999999997 -126.72476246356966 0.0
3.4764866828918457 38.3 -8.299999999999997 -45.88139008522033 -8.299999999999997 -126.81390085220339 0.0
3.4878194332122803 38.3 -8.299999999999997 -45.89079626798629 -8.299999999999997 -126.90796267986299 0.0
3.4983699321746826 38.0 -8.0 12.170111610887169 -8.0 -126.99236667156221 28.434674139021695
3.5111918449401855 38.0 -8.0 -44.70949419736863 -8.0 -127.09494197368623 0.0
3.5212576389312744 38.0 -8.0 -44.717546832561496 -8.0 -127.17546832561494 0.0
3.5320794582366943 37.6 -7.600000000000001 30.7989520921466 -7.600000000000001 -127.25771415233613 36.96236175369011
3.5424838066101074 37.6 -7.600000000000001 -43.13367871999741 -7.600000000000001 -127.33678719997407 0.0
3.5536625385284424 37.5 -7.5 -24.850945828206065 -7.5 -127.42062768936158 8.945558470365047
3.565355062484741 37.5 -7.5 -42.75083216190338 -7.5 -127.50832161903382 0.0
3.577002763748169 37.2 -7.200000000000003 9.953091641792504 -7.200000000000003 -127.5921850681305 25.756155074302782
3.5935111045837402 37.2 -7.200000000000003 -41.571104512214674 -7.200000000000003 -127.71104512214661 0.0
3.6037449836730957 37.2 -7.200000000000003 -41.57847290515901 -7.200000000000003 -127.78472905158998 0.0
3.6146364212036133 37.4 -7.399999999999999 -79.11263037550668 -7.399999999999999 -127.86532568931581 -18.363048903287556
3.6261627674102783 37.4 -7.399999999999999 -42.395062065124506 -7.399999999999999 -127.95062065124513 0.0
3.6378486156463623 37.2 -7.200000000000003 -7.374039388321066 -7.200000000000003 -128.03475875854494 17.11471824376672
3.648714065551758 37.2 -7.200000000000003 -41.61129899978639 -7.200000000000003 -128.1129899978638 0.0
3.6603710651397705 37.0 -7.0 -6.505311680059137 -7.0 -128.19458899497988 17.157073609719426
3.671251058578491 37.0 -7.0 -40.827074894905095 -7.0 -128.27074894905093 0.0
3.6821274757385254 37.0 -7.0 -40.834688386917115 -7.0 -128.34688386917117 0.0
3.6942191123962402 36.5 -6.5 43.859242411271296 -6.5 -128.4254795074463 41.350895181007964
3.7052862644195557 36.5 -6.5 -38.849741599559785 -6.5 -128.49741599559786 0.0
3.7175025939941406 36.6 -6.600000000000001 -55.629333876093675 -6.600000000000001 -128.57804377079012 -8.185764749507328
3.7278099060058594 36.6 -6.600000000000001 -39.264607203006754 -6.600000000000001 -128.64607203006747 0.0
3.738644599914551 35.7 -5.700000000000003 130.4621982731154 -5.700000000000003 -128.707829785347 83.06649062582505
3.749906301498413 35.7 -5.700000000000003 -35.677202148437516 -5.700000000000003 -128.77202148437502 0.0
3.761855125427246 35.7 -5.700000000000003 -35.68401297807695 -5.700000000000003 -128.84012978076936 0.0
3.772127628326416 35.7 -5.700000000000003 -35.68986830472947 -5.700000000000003 -128.89868304729464 0.0
3.783043146133423 36.2 -6.200000000000003 -129.30933059409648 -6.200000000000003 -128.9663592576981 -45.806347334163334
3.7941203117370605 36.2 -6.200000000000003 -37.70350376844408 -6.200000000000003 -129.03503768444065 0.0
3.8170552253723145 35.7 -5.700000000000003 7.885069968897675 -5.700000000000003 -129.1657666921616 21.800823319056924
3.828300952911377 35.5 -5.5 0.6463019526867058 -5.5 -129.22761819362645 17.784531886024677
3.838690996170044 35.5 -5.5 -34.92847634315491 -5.5 -129.28476343154912 0.0
3.8504984378814697 35.3 -5.299999999999997 -0.2577938139556011 -5.299999999999997 -129.3473428726197 16.938470236653178
3.860682487487793 35.3 -5.299999999999997 -34.14013183355331 -5.299999999999997 -129.4013183355332 0.0
3.8737523555755615 34.7 -4.700000000000003 60.0679649169084 -4.700000000000003 -129.4627467155457 45.90711979423149
3.8840444087982178 34.7 -4.700000000000003 -31.75111193656923 -4.700000000000003 -129.5111193656922 0.0
3.896531581878662 34.9 -4.899999999999999 -64.59010129576936 -4.899999999999999 -129.57230651378637 -16.016435322195363
3.907034397125244 34.9 -4.899999999999999 -32.562377030849454 -4.899999999999999 -129.6237703084946 0.0
3.9187543392181396 34.9 -4.899999999999999 -32.568119802474975 -4.899999999999999 -129.6811980247498 0.0
3.931187391281128 34.9 -4.899999999999999 -32.57421199798584 -4.899999999999999 -129.74211997985844 0.0
3.942063093185425 34.9 -4.899999999999999 -32.57954109191894 -4.899999999999999 -129.7954109191895 0.0
3.952230930328369 34.9 -4.899999999999999 -32.584523332118984 -4.899999999999999 -129.8452333211899 0.0
3.9631271362304688 34.5 -4.5 42.43062501410276 -4.5 -129.89426624774936 36.71002581943885
3.974421501159668 34.5 -4.5 -30.994509088993077 -4.5 -129.94509088993075 0.0
3.9856839179992676 34.0 -4.0 59.79187463557893 -4.0 -129.99014055728915 44.39544434565392
3.9976067543029785 34.0 -4.0 -29.003783190250402 -4.0 -130.037831902504 0.0
4.011507034301758 34.5 -4.5 -102.95103519457307 -4.5 -130.1003831624985 -35.97049843916161
4.023082256317139 34.5 -4.5 -31.015247166156772 -4.5 -130.15247166156772 0.0
4.033708333969116 34.0 -4.0 65.08860444680407 -4.0 -130.19497597217563 47.05405102201082
4.045330286026001 34.0 -4.0 -29.024146378040317 -4.0 -130.24146378040317 0.0
4.056226491928101 34.0 -4.0 -29.028504860401156 -4.0 -130.28504860401156 0.0
4.067403078079224 34.0 -4.0 -29.032975494861606 -4.0 -130.32975494861606 0.0
4.0780768394470215 34.0 -4.0 -29.037244999408728 -4.0 -130.37244999408725 0.0
4.090738773345947 34.0 -4.0 -29.042309772968295 -4.0 -130.42309772968295 0.0
4.102165937423706 33.8 -3.799999999999997 6.75765844736037 -3.799999999999997 -130.46652095317845 17.502155271339102
4.11358904838562 33.8 -3.799999999999997 -28.250992877483363 -3.799999999999997 -130.50992877483372 0.0
4.125672340393066 33.8 -3.799999999999997 -28.255584528446192 -3.799999999999997 -130.555845284462 0.0
4.135833978652954 33.8 -3.799999999999997 -28.259445950984947 -3.799999999999997 -130.59445950984957 0.0
4.146042108535767 33.6 -3.6000000000000014 11.721333531822907 -3.6000000000000014 -130.6312087774277 19.59222720478284
4.157294750213623 33.6 -3.6000000000000014 -27.467171828746807 -3.6000000000000014 -130.671718287468 0.0
4.168639183044434 33.6 -3.6000000000000014 -27.4712558245659 -3.6000000000000014 -130.71255824565893 0.0
4.179970979690552 33.6 -3.6000000000000014 -27.475335271358503 -3.6000000000000014 -130.75335271358495 0.0
4.190744400024414 33.4 -3.3999999999999986 10.449414804876952 -3.3999999999999986 -130.78998234272007 18.564206519574476
4.202151775360107 33.4 -3.3999999999999986 -26.682876741886137 -3.3999999999999986 -130.82876741886142 0.0
4.2257983684539795 33.4 -3.3999999999999986 -26.690916583538055 -3.3999999999999986 -130.90916583538058 0.0
4.236246109008789 33.4 -3.3999999999999986 -26.694468815326687 -3.3999999999999986 -130.94468815326692 0.0
4.247200965881348 32.9 -2.8999999999999986 66.58606629846633 -2.8999999999999986 -130.97645723819736 45.641856011143034
4.257580757141113 32.9 -2.8999999999999986 -24.700655863285064 -2.8999999999999986 -131.00655863285067 0.0
4.270143985748291 32.9 -2.8999999999999986 -24.704299199581143 -2.8999999999999986 -131.0429919958115 0.0
4.282060861587524 32.9 -2.8999999999999986 -24.707755093574523 -2.8999999999999986 -131.07755093574528 0.0
4.293406248092651 32.9 -2.8999999999999986 -24.71104525566101 -2.8999999999999986 -131.11045255661014 0.0
4.304020881652832 32.9 -2.8999999999999986 -24.71412349939346 -2.8999999999999986 -131.14123499393466 0.0
4.314760208129883 32.9 -2.8999999999999986 -24.71723790407181 -2.8999999999999986 -131.1723790407181 0.0
4.326230764389038 32.9 -2.8999999999999986 -24.720564365386963 -2.8999999999999986 -131.20564365386966 0.0
4.3383238315582275 32.9 -2.8999999999999986 -24.724071354866027 -2.8999999999999986 -131.2407135486603 0.0
4.348686456680298 32.9 -2.8999999999999986 -24.727076516151428 -2.8999999999999986 -131.2707651615143 0.0
4.360340118408203 32.6 -2.6000000000000014 27.955856828920282 -2.6000000000000014 -131.30106468200685 25.742981648560487
4.373088121414185 32.6 -2.6000000000000014 -23.533420948982247 -2.6000000000000014 -131.3342094898224 0.0
4.383970499038696 32.8 -2.799999999999997 -61.09314140004625 -2.799999999999997 -131.36468014717104 -18.37833669266458
4.39466118812561 32.8 -2.799999999999997 -24.33946140766143 -2.799999999999997 -131.3946140766144 0.0
4.407176733016968 32.8 -2.799999999999997 -24.34296576023101 -2.799999999999997 -131.42965760231021 0.0
4.417338848114014 32.8 -2.799999999999997 -24.345811152458182 -2.799999999999997 -131.45811152458194 0.0
4.431107521057129 32.8 -2.799999999999997 -24.349666380882255 -2.799999999999997 -131.49666380882266 0.0
4.441286087036133 32.8 -2.799999999999997 -24.352516379356377 -2.799999999999997 -131.52516379356388 0.0
4.455836057662964 32.6 -2.6000000000000014 3.9351650620552583 -2.6000000000000014 -131.56299371719365 13.745732216887314
4.467308044433594 32.6 -2.6000000000000014 -23.559282088279737 -2.6000000000000014 -131.5928208827973 0.0
4.478758335113525 32.6 -2.6000000000000014 -23.562259163856517 -2.6000000000000014 -131.62259163856513 0.0
4.5005106925964355 32.1 -2.1000000000000014 24.405201426279667 -2.1000000000000014 -131.66827158927924 22.986014292603798
4.511226654052734 32.1 -2.1000000000000014 -21.569077510833754 -2.1000000000000014 -131.69077510833748 0.0
4.5230114459991455 32.1 -2.1000000000000014 -21.571552317142498 -2.1000000000000014 -131.71552317142493 0.0
4.533986568450928 32.1 -2.1000000000000014 -21.573857092857374 -2.1000000000000014 -131.73857092857367 0.0
4.545978546142578 32.6 -2.6000000000000014 -106.96605608383958 -2.6000000000000014 -131.76975007057194 -41.69454053839119
4.5561909675598145 32.6 -2.6000000000000014 -23.579630236625682 -2.6000000000000014 -131.79630236625675 0.0
4.567214727401733 32.6 -2.6000000000000014 -23.582496414184583 -2.6000000000000014 -131.82496414184575 0.0
4.580060243606567 32.6 -2.6000000000000014 -23.58583624839784 -2.6000000000000014 -131.8583624839783 0.0
4.593127250671387 32.6 -2.6000000000000014 -23.58923367023469 -2.6000000000000014 -131.89233670234685 0.0
4.609266996383667 32.1 -2.1000000000000014 40.36622180183771 -2.1000000000000014 -131.92623016834264 30.979422409335992
4.620095729827881 32.1 -2.1000000000000014 -21.594897050857554 -2.1000000000000014 -131.94897050857548 0.0
4.632678747177124 32.6 -2.6000000000000014 -103.07036296244266 -2.6000000000000014 -131.98168635368353 -39.736097163537146
4.643395185470581 32.6 -2.6000000000000014 -23.600954909324656 -2.6000000000000014 -132.0095490932465 0.0
4.653623342514038 32.6 -2.6000000000000014 -23.603614230155955 -2.6000000000000014 -132.0361423015595 0.0
4.664387941360474 32.6 -2.6000000000000014 -23.60641302585603 -2.6000000000000014 -132.06413025856023 0.0
4.674532413482666 32.6 -2.6000000000000014 -23.6090505886078 -2.6000000000000014 -132.09050588607792 0.0
4.686767101287842 32.6 -2.6000000000000014 -23.612231607437145 -2.6000000000000014 -132.12231607437138 0.0
4.697664499282837 32.6 -2.6000000000000014 -23.615064930915842 -2.6000000000000014 -132.15064930915838 0.0
4.70998740196228 32.1 -2.1000000000000014 59.53205898029693 -2.1000000000000014 -132.17652740478522 40.57485586038773
4.7201807498931885 32.1 -2.1000000000000014 -21.619793343544018 -2.1000000000000014 -132.19793343544012 0.0
4.732347011566162 32.1 -2.1000000000000014 -21.622348258495343 -2.1000000000000014 -132.22348258495336 0.0
4.74260687828064 32.1 -2.1000000000000014 -21.62450283050538 -2.1000000000000014 -132.24502830505375 0.0
4.753698348999023 32.2 -2.200000000000003 -40.05881673149754 -2.200000000000003 -132.2694295406342 -9.015936888717052
4.766232013702393 32.2 -2.200000000000003 -22.029700360298172 -2.200000000000003 -132.29700360298162 0.0
4.783074140548706 32.2 -2.200000000000003 -22.033405628204363 -2.200000000000003 -132.33405628204352 0.0
4.797433614730835 32.2 -2.200000000000003 -22.03656471252443 -2.200000000000003 -132.3656471252442 0.0
4.81212043762207 32.2 -2.200000000000003 -22.039795813560506 -2.200000000000003 -132.39795813560494 0.0
4.826746463775635 32.2 -2.200000000000003 -22.04301353931429 -2.200000000000003 -132.4301353931428 0.0
4.8381359577178955 32.0 -2.0 13.87479396936255 -2.0 -132.4529143810273 17.56004270373264
4.848751544952393 32.0 -2.0 -21.247414555549632 -2.0 -132.4741455554963 0.0
4.859318256378174 32.0 -2.0 -21.24952789783479 -2.0 -132.49527897834787 0.0
4.870209217071533 30.8 -0.8000000000000007 203.91583550131662 -0.8000000000000007 -132.50399174690256 110.18311733800344
4.881406545639038 30.8 -0.8000000000000007 -16.45129496097566 -0.8000000000000007 -132.51294960975656 0.0
4.893065929412842 30.8 -0.8000000000000007 -16.452227711677565 -0.8000000000000007 -132.5222771167756 0.0
4.903303384780884 30.8 -0.8000000000000007 -16.45304670810701 -0.8000000000000007 -132.53046708107004 0.0
4.913979530334473 30.8 -0.8000000000000007 -16.453900799751295 -0.8000000000000007 -132.53900799751293 0.0
4.924157381057739 30.8 -0.8000000000000007 -16.454715027809158 -0.8000000000000007 -132.54715027809155 0.0
4.935906648635864 30.8 -0.8000000000000007 -16.45565496921541 -0.8000000000000007 -132.55654969215405 0.0
4.948585748672485 30.8 -0.8000000000000007 -16.45666929721834 -0.8000000000000007 -132.56669297218335 0.0
4.960284471511841 30.8 -0.8000000000000007 -16.45760519504549 -0.8000000000000007 -132.57605195045483 0.0
4.9703943729400635 30.8 -0.8000000000000007 -16.458413987159744 -0.8000000000000007 -132.58413987159742 0.0
4.982346534729004 30.8 -0.8000000000000007 -16.459370160102857 -0.8000000000000007 -132.59370160102856 0.0
4.9935619831085205 30.8 -0.8000000000000007 -16.46026739597322 -0.8000000000000007 -132.60267395973216 0.0
5.008591890335083 30.3 -0.3000000000000007 52.073291859094255 -0.3000000000000007 -132.60718293190013 33.267005076142134
5.020477056503296 30.3 -0.3000000000000007 -14.461074848175063 -0.3000000000000007 -132.6107484817506 0.0
5.033221244812012 30.3 -0.3000000000000007 -14.461457173824323 -0.3000000000000007 -132.6145717382432 0.0
5.043409824371338 30.3 -0.3000000000000007 -14.461762831211104 -0.3000000000000007 -132.617628312111 0.0
5.0540735721588135 30.3 -0.3000000000000007 -14.462082743644729 -0.3000000000000007 -132.62082743644726 0.0
5.0644519329071045 30.3 -0.3000000000000007 -14.462394094467179 -0.3000000000000007 -132.62394094467174 0.0
5.075448989868164 32.0 -2.0 -330.4382216901411 -2.0 -132.64593505859386 -154.58681409214086
5.086480617523193 32.0 -2.0 -21.266799831390394 -2.0 -132.66799831390392 0.0
5.097995281219482 30.3 -0.3000000000000007 280.8085214505803 -0.3000000000000007 -132.6714527130128 147.6378333609408
5.108356952667236 30.3 -0.3000000000000007 -14.467456121444716 -0.3000000000000007 -132.67456121444712 0.0
5.121330738067627 30.3 -0.3000000000000007 -14.467845335006727 -0.3000000000000007 -132.67845335006723 0.0
5.13193154335022 30.3 -0.3000000000000007 -14.468163359165203 -0.3000000000000007 -132.681633591652 0.0
5.143761396408081 30.4 -0.3999999999999986 -31.775017302208916 -0.3999999999999986 -132.68636553287516 -8.453190374460702
5.154029846191406 30.4 -0.3999999999999986 -14.869047291278845 -0.3999999999999986 -132.6904729127885 0.0
5.165099382400513 30.4 -0.3999999999999986 -14.86949007272721 -0.3999999999999986 -132.69490072727214 0.0
5.175351142883301 30.4 -0.3999999999999986 -14.869900143146522 -0.3999999999999986 -132.69900143146526 0.0
5.1873040199279785 30.4 -0.3999999999999986 -14.870378258228309 -0.3999999999999986 -132.70378258228314 0.0
5.198038578033447 30.4 -0.3999999999999986 -14.870807640552528 -0.3999999999999986 -132.70807640552533 0.0
5.209276437759399 30.4 -0.3999999999999986 -14.871257154941567 -0.3999999999999986 -132.7125715494157 0.0
5.220214366912842 30.4 -0.3999999999999986 -14.871694672107703 -0.3999999999999986 -132.71694672107708 0.0
5.230293273925781 30.4 -0.3999999999999986 -14.87209782838822 -0.3999999999999986 -132.72097828388226 0.0
5.242624282836914 30.4 -0.3999999999999986 -14.872591068744667 -0.3999999999999986 -132.7259106874467 0.0
5.25308895111084 30.3 -0.3000000000000007 4.639024272169063 -0.3000000000000007 -132.7290500879289 9.555964640480978
5.264013767242432 30.3 -0.3000000000000007 -14.473232753276841 -0.3000000000000007 -132.73232753276838 0.0
5.274464130401611 30.3 -0.3000000000000007 -14.473546264171617 -0.3000000000000007 -132.73546264171614 0.0
5.28671932220459 30.3 -0.3000000000000007 -14.473913919925707 -0.3000000000000007 -132.73913919925704 0.0
5.29803991317749 30.3 -0.3000000000000007 -14.474253537654896 -0.3000000000000007 -132.74253537654891 0.0
5.309365272521973 30.3 -0.3000000000000007 -14.47459329843523 -0.3000000000000007 -132.74593298435227 0.0
5.320216655731201 30.3 -0.3000000000000007 -14.474918839931508 -0.3000000000000007 -132.74918839931505 0.0
5.331374645233154 30.3 -0.3000000000000007 -14.475253579616567 -0.3000000000000007 -132.75253579616563 0.0
5.34263801574707 30.3 -0.3000000000000007 -14.475591480731985 -0.3000000000000007 -132.7559148073198 0.0
5.353609800338745 30.3 -0.3000000000000007 -14.475920634269736 -0.3000000000000007 -132.75920634269733 0.0
5.364016532897949 30.3 -0.3000000000000007 -14.476232836246513 -0.3000000000000007 -132.7623283624651 0.0
5.374638080596924 30.4 -0.3999999999999986 -33.70630528513499 -0.3999999999999986 -132.7665769815447 -9.41482379349026
5.385288715362549 30.4 -0.3999999999999986 -14.877083723545088 -0.3999999999999986 -132.77083723545093 0.0
5.397844314575195 30.4 -0.3999999999999986 -14.877585947513593 -0.3999999999999986 -132.77585947513597 0.0
5.413147926330566 30.4 -0.3999999999999986 -14.878198091983808 -0.3999999999999986 -132.78198091983813 0.0
5.424671173095703 30.4 -0.3999999999999986 -14.878659021854412 -0.3999999999999986 -132.78659021854418 0.0
5.435459136962891 30.4 -0.3999999999999986 -14.879090540409102 -0.3999999999999986 -132.79090540409106 0.0
5.446638107299805 30.4 -0.3999999999999986 -14.87953769922258 -0.3999999999999986 -132.79537699222584 0.0
5.45702600479126 30.4 -0.3999999999999986 -14.879953215122237 -0.3999999999999986 -132.79953215122242 0.0
5.473210096359253 30.2 -0.1999999999999993 10.635351924071342 -0.1999999999999993 -132.80276896953603 12.357814410512471
5.492555856704712 30.2 -0.1999999999999993 -14.080663812160509 -0.1999999999999993 -132.80663812160512 0.0
5.514098882675171 30.2 -0.1999999999999993 -14.081094672679919 -0.1999999999999993 -132.81094672679922 0.0
5.526176691055298 30.2 -0.1999999999999993 -14.081336228847523 -0.1999999999999993 -132.81336228847525 0.0
5.53737735748291 30.2 -0.1999999999999993 -14.081560242176074 -0.1999999999999993 -132.81560242176076 0.0
5.550516128540039 30.2 -0.1999999999999993 -14.081823017597216 -0.1999999999999993 -132.8182301759722 0.0
5.56263279914856 30.2 -0.1999999999999993 -14.082065351009389 -0.1999999999999993 -132.8206535100939 0.0
5.573840618133545 30.2 -0.1999999999999993 -14.082289507389087 -0.1999999999999993 -132.8228950738909 0.0
5.5861005783081055 29.7 0.3000000000000007 69.4844117673603 0.3000000000000007 -132.81921708583852 40.783166737972074
5.5974037647247314 29.7 0.3000000000000007 -12.08158261299135 0.3000000000000007 -132.81582612991352 0.0
5.608640909194946 29.7 0.3000000000000007 -12.081245498657243 0.3000000000000007 -132.81245498657245 0.0
5.6204001903533936 29.7 0.3000000000000007 -12.080892720222488 0.3000000000000007 -132.8089272022249 0.0
5.63204550743103 29.7 0.3000000000000007 -12.080543360710159 0.3000000000000007 -132.8054336071016 0.0
5.642251968383789 29.7 0.3000000000000007 -12.080237166881574 0.3000000000000007 -132.80237166881577 0.0
5.653243064880371 29.7 0.3000000000000007 -12.079907433986676 0.3000000000000007 -132.7990743398668 0.0
5.664294958114624 29.7 0.3000000000000007 -12.079575877189649 0.3000000000000007 -132.79575877189652 0.0
5.675271511077881 29.7 0.3000000000000007 -12.079246580600751 0.3000000000000007 -132.79246580600753 0.0
5.685578107833862 29.7 0.3000000000000007 -12.07893738269807 0.3000000000000007 -132.78937382698072 0.0
5.696765184402466 29.7 0.3000000000000007 -12.078601770401011 0.3000000000000007 -132.78601770401013 0.0
5.7071428298950195 29.7 0.3000000000000007 -12.078290441036234 0.3000000000000007 -132.78290441036236 0.0
5.7197980880737305 29.7 0.3000000000000007 -12.077910783290873 0.3000000000000007 -132.77910783290875 0.0
5.730481147766113 29.7 0.3000000000000007 -12.077590291500101 0.3000000000000007 -132.77590291500104 0.0
5.741065740585327 29.7 0.3000000000000007 -12.077272753715526 0.3000000000000007 -132.77272753715528 0.0
5.751169681549072 29.7 0.3000000000000007 -12.076969635486613 0.3000000000000007 -132.76969635486614 0.0
5.7613525390625 29.8 0.1999999999999993 -32.11761823776065 0.1999999999999993 -132.76765978336346 -9.820426129712152
5.773458957672119 29.8 0.1999999999999993 -12.476523849964156 0.1999999999999993 -132.76523849964153 0.0
5.783849000930786 29.8 0.1999999999999993 -12.476316049098983 0.1999999999999993 -132.7631604909898 0.0
5.795574426651001 29.8 0.1999999999999993 -12.47608154058458 0.1999999999999993 -132.76081540584576 0.0
5.805751323699951 29.8 0.1999999999999993 -12.4758780026436 0.1999999999999993 -132.75878002643597 0.0
5.822554588317871 29.8 0.1999999999999993 -12.475541937351242 0.1999999999999993 -132.75541937351238 0.0
5.833980560302734 30.2 -0.1999999999999993 -84.09169567171432 -0.1999999999999993 -132.75770456790934 -35.00796260746169
5.8636391162872314 30.2 -0.1999999999999993 -14.076363627910622 -0.1999999999999993 -132.76363627910624 0.0
5.87466287612915 30.2 -0.1999999999999993 -14.076584103107459 -0.1999999999999993 -132.76584103107461 0.0
5.885911226272583 30.2 -0.1999999999999993 -14.076809070110327 -0.1999999999999993 -132.7680907011033 0.0
5.89714789390564 30.2 -0.1999999999999993 -14.077033803462989 -0.1999999999999993 -132.7703380346299 0.0
5.908182621002197 29.7 0.3000000000000007 78.54629056203247 0.3000000000000007 -132.76702761650094 45.31149666184128
5.9202353954315186 29.7 0.3000000000000007 -12.076341178417213 0.3000000000000007 -132.76341178417215 0.0
5.93156623840332 29.6 0.3999999999999986 5.975049456668977 0.3999999999999986 -132.75887944698343 8.825468700683663
5.942489385604858 29.6 0.3999999999999986 -11.675451018810287 0.3999999999999986 -132.7545101881028 0.0
5.953538656234741 29.8 0.1999999999999993 -48.67671458371691 0.1999999999999993 -132.75230033397685 -18.10074227515961
5.9640772342681885 29.8 0.1999999999999993 -12.47501926183702 0.1999999999999993 -132.75019261837016 0.0
5.976103782653809 29.8 0.1999999999999993 -12.474778730869307 0.1999999999999993 -132.74778730869303 0.0
5.9862961769104 29.8 0.1999999999999993 -12.474574882984175 0.1999999999999993 -132.74574882984172 0.0
5.997676849365234 29.8 0.1999999999999993 -12.47434726953508 0.1999999999999993 -132.74347269535076 0.0
6.008020639419556 29.8 0.1999999999999993 -12.474140393733993 0.1999999999999993 -132.7414039373399 0.0
6.0203447341918945 29.8 0.1999999999999993 -12.473893911838545 0.1999999999999993 -132.73893911838542 0.0
6.030647039413452 29.8 0.1999999999999993 -12.473687865734114 0.1999999999999993 -132.7368786573411 0.0
6.041855096817017 29.8 0.1999999999999993 -12.473463704586042 0.1999999999999993 -132.73463704586038 0.0
6.05344820022583 29.8 0.1999999999999993 -12.473231842517865 0.1999999999999993 -132.73231842517862 0.0
6.064223766326904 29.8 0.1999999999999993 -12.473016331195844 0.1999999999999993 -132.7301633119584 0.0
6.075695753097534 29.8 0.1999999999999993 -12.47278689146043 0.1999999999999993 -132.72786891460427 0.0
6.086698770523071 30.2 -0.1999999999999993 -86.78033522916512 -0.1999999999999993 -132.73006951808938 -36.35366413867809
6.099358558654785 30.2 -0.1999999999999993 -14.073260147571569 -0.1999999999999993 -132.7326014757157 0.0
6.110488653182983 29.7 0.3000000000000007 77.77357033860297 0.3000000000000007 -132.72926244735726 44.923248291669346
6.121947526931763 29.7 0.3000000000000007 -12.072582478523259 0.3000000000000007 -132.72582478523262 0.0
6.13307785987854 29.7 0.3000000000000007 -12.072248568534855 0.3000000000000007 -132.72248568534857 0.0
6.1435887813568115 29.7 0.3000000000000007 -12.071933240890509 0.3000000000000007 -132.7193324089051 0.0
6.153858184814453 29.6 0.3999999999999986 7.803805466898295 0.3999999999999986 -132.71522464752204 9.737663965825252
6.165289402008057 29.6 0.3999999999999986 -11.671065216064466 0.3999999999999986 -132.7106521606446 0.0
6.176519870758057 29.6 0.3999999999999986 -11.670615997314465 0.3999999999999986 -132.7061599731446 0.0
6.188021421432495 29.6 0.3999999999999986 -11.67015593528749 0.3999999999999986 -132.70155935287482 0.0
6.198694705963135 29.6 0.3999999999999986 -11.669729003906264 0.3999999999999986 -132.69729003906258 0.0
6.214144945144653 29.6 0.3999999999999986 -11.669110994339002 0.3999999999999986 -132.69110994338996 0.0
6.226224660873413 29.6 0.3999999999999986 -11.668627805709853 0.3999999999999986 -132.68627805709846 0.0
6.236665725708008 29.6 0.3999999999999986 -11.668210163116468 0.3999999999999986 -132.6821016311646 0.0
6.248115301132202 29.6 0.3999999999999986 -11.667752180099498 0.3999999999999986 -132.67752180099492 0.0
6.258354425430298 29.6 0.3999999999999986 -11.667342615127575 0.3999999999999986 -132.6734261512757 0.0
6.269315242767334 29.4 0.6000000000000014 25.626943903032007 0.6000000000000014 -132.66684966087348 18.246814434559674
6.281844139099121 29.4 0.6000000000000014 -10.865933232307436 0.6000000000000014 -132.6593323230744 0.0
6.292745113372803 29.4 0.6000000000000014 -10.865279173851015 0.6000000000000014 -132.6527917385102 0.0
6.303655385971069 29.4 0.6000000000000014 -10.864624557495118 0.6000000000000014 -132.64624557495122 0.0
6.314001798629761 29.4 0.6000000000000014 -10.864003772735595 0.6000000000000014 -132.640037727356 0.0
6.326079607009888 29.4 0.6000000000000014 -10.863279104232788 0.6000000000000014 -132.63279104232794 0.0
6.336216926574707 29.4 0.6000000000000014 -10.8626708650589 0.6000000000000014 -132.62670865058905 0.0
6.347382307052612 29.4 0.6000000000000014 -10.862000942230225 0.6000000000000014 -132.6200094223023 0.0
6.357566595077515 29.4 0.6000000000000014 -10.86138988494873 0.6000000000000014 -132.61389884948736 0.0
6.368526220321655 29.8 0.1999999999999993 -85.45636735098932 0.1999999999999993 -132.61170692443852 -36.49759832927273
6.380437135696411 29.8 0.1999999999999993 -12.46093247413636 0.1999999999999993 -132.60932474136357 0.0
6.392588138580322 29.8 0.1999999999999993 -12.460689454078683 0.1999999999999993 -132.60689454078678 0.0
6.403035879135132 29.8 0.1999999999999993 -12.460480499267584 0.1999999999999993 -132.6048049926758 0.0
6.413829326629639 29.8 0.1999999999999993 -12.460264630317694 0.1999999999999993 -132.6026463031769 0.0
6.425087928771973 29.8 0.1999999999999993 -12.460039458274847 0.1999999999999993 -132.60039458274844 0.0
6.435930967330933 29.8 0.1999999999999993 -12.459822597503669 0.1999999999999993 -132.59822597503666 0.0
6.446296453475952 29.8 0.1999999999999993 -12.459615287780768 0.1999999999999993 -132.59615287780764 0.0
6.457780122756958 28.9 1.1000000000000014 147.885973788863 1.1000000000000014 -132.58352084159853 78.37216293651142
6.468144655227661 28.9 1.1000000000000014 -8.85721198558807 1.1000000000000014 -132.57211985588074 0.0
6.480635404586792 28.9 1.1000000000000014 -8.855838003158565 1.1000000000000014 -132.5583800315857 0.0
6.495872497558594 28.9 1.1000000000000014 -8.854161922931667 1.1000000000000014 -132.54161922931672 0.0
6.507222414016724 28.6 1.3999999999999986 45.21125229381435 1.3999999999999986 -132.52572934627534 26.431912614220945
6.518534898757935 28.6 1.3999999999999986 -7.65098918676377 1.3999999999999986 -132.50989186763763 0.0
6.5313942432403564 28.6 1.3999999999999986 -7.649188878536231 1.3999999999999986 -132.49188878536225 0.0
6.5417821407318115 28.6 1.3999999999999986 -7.647734572887428 1.3999999999999986 -132.4773457288742 0.0
6.554055452346802 28.9 1.1000000000000014 -57.7329457580751 1.1000000000000014 -132.46384508609773 -24.443280624732665
6.56510591506958 28.9 1.1000000000000014 -8.845168957710264 1.1000000000000014 -132.45168957710268 0.0
6.577778100967407 28.9 1.1000000000000014 -8.843775017261502 1.1000000000000014 -132.43775017261507 0.0
6.588150978088379 28.9 1.1000000000000014 -8.842634000778194 1.1000000000000014 -132.426340007782 0.0
6.5999226570129395 28.9 1.1000000000000014 -8.841339116096492 1.1000000000000014 -132.41339116096498 0.0
6.614418983459473 28.9 1.1000000000000014 -8.839744520187374 1.1000000000000014 -132.39744520187378 0.0
6.627164602279663 28.9 1.1000000000000014 -8.838342502117152 1.1000000000000014 -132.38342502117158 0.0
6.637491941452026 28.9 1.1000000000000014 -8.837206494808193 1.1000000000000014 -132.37206494808197 0.0
6.648558139801025 28.9 1.1000000000000014 -8.835989212989801 1.1000000000000014 -132.35989212989807 0.0
6.6599345207214355 29.0 1.0 -26.815134918011438 1.0 -132.34851574897766 -8.790141671556835
6.670626878738403 29.0 1.0 -9.23378233909607 1.0 -132.3378233909607 0.0
6.682021379470825 29.0 1.0 -9.232642889022827 1.0 -132.32642889022827 0.0
6.69380521774292 29.0 1.0 -9.231464505195618 1.0 -132.31464505195618 0.0
6.7040159702301025 29.0 1.0 -9.2304434299469 1.0 -132.304434299469 0.0
6.714630603790283 29.4 0.6000000000000014 -86.19745777270523 0.6000000000000014 -132.29806551933288 -37.68382561038597
6.725268602371216 29.4 0.6000000000000014 -10.829168272018428 0.6000000000000014 -132.29168272018433 0.0
6.737117290496826 29.4 0.6000000000000014 -10.82845735073089 0.6000000000000014 -132.28457350730895 0.0
6.747512102127075 29.4 0.6000000000000014 -10.827833662033076 0.6000000000000014 -132.2783366203308 0.0
6.761363744735718 29.4 0.6000000000000014 -10.827002563476558 0.6000000000000014 -132.27002563476563 0.0
6.771777153015137 29.4 0.6000000000000014 -10.826377758979792 0.6000000000000014 -132.26377758979797 0.0
6.783578157424927 28.8 1.1999999999999993 93.26129813486861 1.1999999999999993 -132.24961638450623 50.84312988665962
6.794471025466919 28.8 1.1999999999999993 -8.423654494285586 1.1999999999999993 -132.23654494285583 0.0
6.805908203125 28.6 1.3999999999999986 27.351609965469578 1.3999999999999986 -132.22053289413452 17.486831627441518
6.816242456436157 28.6 1.3999999999999986 -7.6206064939498965 1.3999999999999986 -132.2060649394989 0.0
6.827311277389526 28.6 1.3999999999999986 -7.619056859016425 1.3999999999999986 -132.1905685901642 0.0
6.838555097579956 28.6 1.3999999999999986 -7.617482724189765 1.3999999999999986 -132.1748272418976 0.0
6.8532984256744385 28.6 1.3999999999999986 -7.615418658256537 1.3999999999999986 -132.1541865825653 0.0
6.868117332458496 28.6 1.3999999999999986 -7.6133440113067685 1.3999999999999986 -132.13344011306762 0.0
6.883435487747192 28.6 1.3999999999999986 -7.611199469566351 1.3999999999999986 -132.11199469566344 0.0
6.898331642150879 28.6 1.3999999999999986 -7.6091140079498345 1.3999999999999986 -132.09114007949827 0.0
6.9137184619903564 28.6 1.3999999999999986 -7.606959853172308 1.3999999999999986 -132.06959853172302 0.0
6.9260640144348145 28.6 1.3999999999999986 -7.6052314758300845 1.3999999999999986 -132.05231475830078 0.0
6.938056945800781 28.5 1.5 9.47305746427265 1.5 -132.03432536125183 8.338245000198917
6.948360919952393 28.5 1.5 -7.201886940002442 1.5 -132.0188694000244 0.0
6.96009635925293 28.6 1.3999999999999986 -24.642639655230532 1.3999999999999986 -132.00243978500367 -8.52119783836508
6.970555067062378 28.6 1.3999999999999986 -7.598779759407051 1.3999999999999986 -131.98779759407046 0.0
6.982510328292847 28.6 1.3999999999999986 -7.597106022834787 1.3999999999999986 -131.9710602283478 0.0
6.9936158657073975 28.6 1.3999999999999986 -7.595551247596749 1.3999999999999986 -131.95551247596742 0.0
7.004444599151611 28.6 1.3999999999999986 -7.594035224914558 1.3999999999999986 -131.94035224914552 0.0
7.0193095207214355 28.6 1.3999999999999986 -7.591954135894781 1.3999999999999986 -131.91954135894775 0.0
7.03058934211731 28.6 1.3999999999999986 -7.590374960899361 1.3999999999999986 -131.90374960899354 0.0
7.044762372970581 28.6 1.3999999999999986 -7.588390736579903 1.3999999999999986 -131.88390736579896 0.0
7.05615758895874 28.2 1.8000000000000007 64.21856049645045 1.8000000000000007 -131.86339597702028 35.10245004707624
7.06748628616333 28.2 1.8000000000000007 -5.984300432205201 1.8000000000000007 -131.84300432205202 0.0
7.0783631801605225 28.5 1.5 -62.34547550032842 1.5 -131.82668898105624 -27.581403301111397
7.091057538986206 28.6 1.3999999999999986 -23.33592136257539 1.3999999999999986 -131.80891687870027 -7.8775148373526775
7.1025002002716064 28.6 1.3999999999999986 -7.579289715290077 1.3999999999999986 -131.7928971529007 0.0
7.112688302993774 28.6 1.3999999999999986 -7.577863380908974 1.3999999999999986 -131.77863380908968 0.0
7.124125957489014 28.6 1.3999999999999986 -7.576262109279639 1.3999999999999986 -131.76262109279634 0.0
7.1359007358551025 28.6 1.3999999999999986 -7.574613640308389 1.3999999999999986 -131.74613640308382 0.0
7.1467390060424805 28.6 1.3999999999999986 -7.573096282482155 1.3999999999999986 -131.7309628248215 0.0
7.157205104827881 28.6 1.3999999999999986 -7.571631028652199 1.3999999999999986 -131.71631028652192 0.0
7.168721914291382 28.6 1.3999999999999986 -7.570018675327308 1.3999999999999986 -131.70018675327302 0.0
7.179328918457031 28.6 1.3999999999999986 -7.568533694744117 1.3999999999999986 -131.6853369474411 0.0
7.192307710647583 29.0 1.0 -70.80625339547964 1.0 -131.67235815525055 -30.819508789977295
7.202521800994873 29.0 1.0 -9.166214406490326 1.0 -131.66214406490326 0.0
7.213446140289307 29.0 1.0 -9.165121972560883 1.0 -131.65121972560883 0.0
7.2236878871917725 29.0 1.0 -9.164097797870637 1.0 -131.64097797870636 0.0
7.234030246734619 29.0 1.0 -9.163063561916353 1.0 -131.6306356191635 0.0
7.245296001434326 29.0 1.0 -9.161936986446381 1.0 -131.6193698644638 0.0
7.255961894989014 28.1 1.8999999999999986 163.20232129298537 1.8999999999999986 -131.5991046667099 84.38111587982819
7.266709327697754 28.1 1.8999999999999986 -5.557868454456335 1.8999999999999986 -131.5786845445633 0.0
7.277987480163574 27.9 2.1000000000000014 30.711301919341135 2.1000000000000014 -131.55500042438507 17.73340098088982
7.291107416152954 27.9 2.1000000000000014 -4.752744855880733 2.1000000000000014 -131.52744855880738 0.0
7.302089691162109 27.8 2.1999999999999993 13.860834217071659 2.1999999999999993 -131.50328755378723 9.105581486225192
7.312524795532227 27.8 2.1999999999999993 -4.3480330324173 2.1999999999999993 -131.48033032417297 0.0
7.323484897613525 27.3 2.6999999999999993 88.8949522991255 2.6999999999999993 -131.45073804855346 45.620013051990426
7.333754062652588 27.3 2.6999999999999993 -2.3423011302948034 2.6999999999999993 -131.423011302948 0.0
7.345904350280762 27.8 2.1999999999999993 -86.64220645875947 2.1999999999999993 -131.39628067016602 -41.151289195871435
7.356300592422485 27.8 2.1999999999999993 -4.337340893745427 2.1999999999999993 -131.37340893745423 0.0
7.367660284042358 28.0 2.0 -40.347292436930786 2.0 -131.35068955421448 -17.60611174075467
7.378011465072632 28.0 2.0 -5.132998719215394 2.0 -131.32998719215394 0.0
7.3907530307769775 27.9 2.1000000000000014 10.966335068787119 2.1000000000000014 -131.3032299041748 7.848329029602297
7.401315689086914 27.9 2.1000000000000014 -4.72810483217239 2.1000000000000014 -131.28104832172394 0.0
7.416501522064209 28.0 2.0 -18.295237540290596 2.0 -131.25067665576935 -6.5850849373568305
7.427112102508545 28.1 1.8999999999999986 -24.37216184763505 1.8999999999999986 -131.2305165529251 -9.424555096171265
7.440004587173462 28.1 1.8999999999999986 -5.5206020832061835 1.8999999999999986 -131.20602083206177 0.0
7.451106786727905 28.1 1.8999999999999986 -5.5184926652908395 1.8999999999999986 -131.18492665290833 0.0
7.461238145828247 28.1 1.8999999999999986 -5.516567707061775 1.8999999999999986 -131.16567707061768 0.0
7.47179388999939 28.1 1.8999999999999986 -5.514562115669257 1.8999999999999986 -131.1456211566925 0.0
7.482651948928833 28.1 1.8999999999999986 -5.512499084472664 1.8999999999999986 -131.12499084472657 0.0
7.4953484535217285 28.0 2.0 10.64240721924411 2.0 -131.09959783554078 7.876183501399094
7.505704641342163 28.0 2.0 -5.107888545989992 2.0 -131.0788854598999 0.0
7.522247552871704 28.0 2.0 -5.104579963684083 2.0 -131.04579963684083 0.0
7.5333569049835205 28.0 2.0 -5.102358093261721 2.0 -131.0235809326172 0.0
7.548086166381836 27.9 2.1000000000000014 8.879148428345895 2.1000000000000014 -130.99264948368074 6.789206688356981
7.558494567871094 28.0 2.0 -24.31242974049124 2.0 -130.97183268070222 -9.60762323621051
7.570074796676636 28.0 2.0 -5.094867222309114 2.0 -130.94867222309114 0.0
7.583723306655884 28.1 1.8999999999999986 -20.145888231734762 1.8999999999999986 -130.92274005413057 -7.326807113160849
7.595906972885132 28.1 1.8999999999999986 -5.489959108829508 1.8999999999999986 -130.899591088295 0.0
7.606607913970947 28.1 1.8999999999999986 -5.487925930023202 1.8999999999999986 -130.87925930023195 0.0
7.617248296737671 28.1 1.8999999999999986 -5.485904257297523 1.8999999999999986 -130.85904257297517 0.0
7.628050804138184 28.1 1.8999999999999986 -5.483851780891426 1.8999999999999986 -130.8385178089142 0.0
7.640032768249512 28.1 1.8999999999999986 -5.481575207710273 1.8999999999999986 -130.81575207710267 0.0
7.651514530181885 28.1 1.8999999999999986 -5.479393672943122 1.8999999999999986 -130.79393672943115 0.0
7.6619062423706055 28.1 1.8999999999999986 -5.477419247627266 1.8999999999999986 -130.7741924762726 0.0
7.672607898712158 27.8 2.1999999999999993 51.79102253823573 2.1999999999999993 -130.75064883232116 28.033043710733924
7.683591842651367 27.8 2.1999999999999993 -4.272648415565493 2.1999999999999993 -130.7264841556549 0.0
7.695806980133057 27.8 2.1999999999999993 -4.2699610853195225 2.1999999999999993 -130.6996108531952 0.0
7.706143856048584 27.8 2.1999999999999993 -4.267686972618106 2.1999999999999993 -130.67686972618102 0.0
7.719832181930542 27.8 2.1999999999999993 -4.264675540924074 2.1999999999999993 -130.6467554092407 0.0
7.729944229125977 27.8 2.1999999999999993 -4.2624508905410785 2.1999999999999993 -130.62450890541075 0.0
7.740624666213989 27.7 2.3000000000000007 14.865831000082522 2.3000000000000007 -130.59994390010831 9.362912695046676
7.7523369789123535 27.7 2.3000000000000007 -3.8573005580902056 2.3000000000000007 -130.57300558090208 0.0
7.763447999954224 27.8 2.1999999999999993 -22.255002046814475 2.1999999999999993 -130.54856133460996 -9.000072956676737
7.77376914024353 27.8 2.1999999999999993 -4.252585482597352 2.1999999999999993 -130.52585482597348 0.0
7.785246849060059 27.8 2.1999999999999993 -4.250060386657715 2.1999999999999993 -130.5006038665771 0.0
7.7973549365997314 27.8 2.1999999999999993 -4.247396607398986 2.1999999999999993 -130.47396607398983 0.0
7.808455944061279 27.8 2.1999999999999993 -4.244954385757445 2.1999999999999993 -130.4495438575744 0.0
7.823697566986084 27.8 2.1999999999999993 -4.2416012287139875 2.1999999999999993 -130.41601228713984 0.0
7.834500312805176 27.8 2.1999999999999993 -4.239224624633787 2.1999999999999993 -130.39224624633783 0.0
7.846111297607422 27.7 2.3000000000000007 13.38851366367796 2.3000000000000007 -130.36554098129267 8.612533880903612
7.857349157333374 27.7 2.3000000000000007 -3.833969390392296 2.3000000000000007 -130.33969390392298 0.0
7.867645502090454 27.8 2.1999999999999993 -23.656073203020988 2.1999999999999993 -130.3170419454574 -9.712184504237623
7.878667593002319 27.8 2.1999999999999993 -4.229279334545133 2.1999999999999993 -130.2927933454513 0.0
7.890442371368408 27.8 2.1999999999999993 -4.226688883304593 2.1999999999999993 -130.2668888330459 0.0
7.9023354053497314 27.8 2.1999999999999993 -4.224072415828701 2.1999999999999993 -130.24072415828698 0.0
7.912634611129761 27.8 2.1999999999999993 -4.221806590557094 2.1999999999999993 -130.2180659055709 0.0
7.923682451248169 27.8 2.1999999999999993 -4.219376065731044 2.1999999999999993 -130.1937606573104 0.0
7.933836460113525 27.8 2.1999999999999993 -4.217142183780666 2.1999999999999993 -130.17142183780663 0.0
7.94474196434021 27.8 2.1999999999999993 -4.214742972850795 2.1999999999999993 -130.14742972850792 0.0
7.956078290939331 27.8 2.1999999999999993 -4.212248980998988 2.1999999999999993 -130.12248980998984 0.0
7.967203855514526 27.7 2.3000000000000007 14.16692570547109 2.3000000000000007 -130.09690101146688 8.988307903308888
7.977525949478149 27.7 2.3000000000000007 -3.807316019535051 2.3000000000000007 -130.07316019535054 0.0
7.990077495574951 27.8 2.1999999999999993 -20.138846634945324 2.1999999999999993 -130.04554679393758 -7.967145977775781
8.00136947631836 27.8 2.1999999999999993 -4.2020704436302125 2.1999999999999993 -130.02070443630208 0.0
8.012480020523071 27.8 2.1999999999999993 -4.199626123905174 2.1999999999999993 -129.9962612390517 0.0
8.02269697189331 27.8 2.1999999999999993 -4.197378394603721 2.1999999999999993 -129.97378394603717 0.0
8.033668518066406 27.8 2.1999999999999993 -4.19496465444564 2.1999999999999993 -129.94964654445636 0.0
8.04383111000061 27.8 2.1999999999999993 -4.192728884220115 2.1999999999999993 -129.9272888422011 0.0
8.05738878250122 27.8 2.1999999999999993 -4.189746196269979 2.1999999999999993 -129.89746196269977 0.0
8.0678231716156 27.7 2.3000000000000007 15.380043179695244 2.3000000000000007 -129.8734628677367 9.583694733234456
8.079250574111938 27.7 2.3000000000000007 -3.78471798419951 2.3000000000000007 -129.8471798419951 0.0
8.092054843902588 27.8 2.1999999999999993 -19.80169063613152 2.1999999999999993 -129.81901044845569 -7.8098947956429745
8.103469848632812 27.8 2.1999999999999993 -4.179389743804922 2.1999999999999993 -129.79389743804919 0.0
8.11412501335144 27.7 2.3000000000000007 14.993301037164251 2.3000000000000007 -129.76939055919635 9.385120046541942
8.124650478363037 27.7 2.3000000000000007 -3.774518198966966 2.3000000000000007 -129.74518198966967 0.0
8.13598108291626 27.8 2.1999999999999993 -21.82333427835504 2.1999999999999993 -129.7202546596526 -8.82565440619489
8.147533178329468 27.8 2.1999999999999993 -4.169484004974358 2.1999999999999993 -129.69484004974353 0.0
8.159935235977173 27.8 2.1999999999999993 -4.1667555522918605 2.1999999999999993 -129.66755552291858 0.0
8.17000126838684 27.8 2.1999999999999993 -4.164541025161734 2.1999999999999993 -129.6454102516173 0.0
8.180463314056396 27.8 2.1999999999999993 -4.1622393751144315 2.1999999999999993 -129.62239375114427 0.0
8.192140579223633 27.8 2.1999999999999993 -4.159670376777639 2.1999999999999993 -129.59670376777635 0.0
8.203803062438965 27.8 2.1999999999999993 -4.157104630470265 2.1999999999999993 -129.5710463047026 0.0
8.218029022216797 27.8 2.1999999999999993 -4.15397491931914 2.1999999999999993 -129.53974919319137 0.0
8.229337930679321 27.8 2.1999999999999993 -4.151486959457385 2.1999999999999993 -129.5148695945738 0.0
8.239938974380493 27.8 2.1999999999999993 -4.1491547298431275 2.1999999999999993 -129.49154729843124 0.0
8.250647068023682 27.8 2.1999999999999993 -4.146798949241626 2.1999999999999993 -129.46798949241622 0.0
8.262244701385498 27.8 2.1999999999999993 -4.144247469902027 2.1999999999999993 -129.44247469902024 0.0
8.273105144500732 27.8 2.1999999999999993 -4.141858172416676 2.1999999999999993 -129.41858172416673 0.0
8.283343076705933 27.8 2.1999999999999993 -4.139605827331531 2.1999999999999993 -129.39605827331528 0.0
8.294239044189453 27.7 2.3000000000000007 14.618314787541316 2.3000000000000007 -129.3709975481032 9.177707271175816
8.305920124053955 27.7 2.3000000000000007 -3.7344131064414796 2.3000000000000007 -129.34413106441482 0.0
8.317002296447754 27.7 2.3000000000000007 -3.731864206790906 2.3000000000000007 -129.31864206790908 0.0
8.327181339263916 27.7 2.3000000000000007 -3.7295230269431876 2.3000000000000007 -129.2952302694319 0.0
8.338139772415161 27.8 2.1999999999999993 -22.377896498173687 2.1999999999999993 -129.27112171649915 -9.125392163261884
8.348439455032349 27.8 2.1999999999999993 -4.124846241474138 2.1999999999999993 -129.24846241474134 0.0
8.361035823822021 27.8 2.1999999999999993 -4.122075040340409 2.1999999999999993 -129.22075040340405 0.0
8.371411800384521 27.8 2.1999999999999993 -4.119792325496659 2.1999999999999993 -129.19792325496655 0.0
8.382489204406738 27.8 2.1999999999999993 -4.1173552966117715 2.1999999999999993 -129.17355296611768 0.0
8.394107580184937 27.8 2.1999999999999993 -4.114799253940568 2.1999999999999993 -129.14799253940564 0.0
8.40583610534668 27.8 2.1999999999999993 -4.112218978404982 2.1999999999999993 -129.1221897840498 0.0
8.415963411331177 27.8 2.1999999999999993 -4.1099909710883935 2.1999999999999993 -129.0999097108839 0.0
8.426719427108765 27.7 2.3000000000000007 14.88672860124046 2.3000000000000007 -129.07517087459544 9.297122844350001
8.437322854995728 27.7 2.3000000000000007 -3.705078299045539 2.3000000000000007 -129.05078299045542 0.0
8.448396682739258 27.8 2.1999999999999993 -22.163244463986814 2.1999999999999993 -129.02642056941966 -9.030301203522422
8.460362195968628 27.8 2.1999999999999993 -4.100009644031509 2.1999999999999993 -129.00009644031505 0.0
8.471389770507812 27.8 2.1999999999999993 -4.0975835776328875 2.1999999999999993 -128.97583577632884 0.0
8.481940984725952 27.8 2.1999999999999993 -4.095262310504896 2.1999999999999993 -128.95262310504893 0.0
8.493399858474731 27.8 2.1999999999999993 -4.092741358280165 2.1999999999999993 -128.92741358280162 0.0
8.504158735275269 27.8 2.1999999999999993 -4.090374405384047 2.1999999999999993 -128.90374405384043 0.0
8.516104698181152 27.8 2.1999999999999993 -4.087746293544752 2.1999999999999993 -128.87746293544748 0.0
8.531369924545288 27.7 2.3000000000000007 9.417437440335457 2.3000000000000007 -128.84235291480996 6.550836365908226
8.54370641708374 27.7 2.3000000000000007 -3.681397898197151 2.3000000000000007 -128.81397898197153 0.0
8.554547786712646 27.8 2.1999999999999993 -22.526866421087362 2.1999999999999993 -128.79012796878794 -9.223926812104283
8.56610631942749 27.8 2.1999999999999993 -4.076469919681532 2.1999999999999993 -128.7646991968153 0.0
8.578015089035034 27.8 2.1999999999999993 -4.073849990367874 2.1999999999999993 -128.7384999036787 0.0
8.593087673187256 27.8 2.1999999999999993 -4.070534021854385 2.1999999999999993 -128.70534021854382 0.0
8.604410171508789 27.8 2.1999999999999993 -4.068043072223649 2.1999999999999993 -128.68043072223645 0.0
8.62109661102295 27.8 2.1999999999999993 -4.064372055530534 2.1999999999999993 -128.6437205553053 0.0
8.631473541259766 27.8 2.1999999999999993 -4.062089130878434 2.1999999999999993 -128.6208913087843 0.0
8.643378019332886 27.7 2.3000000000000007 13.14104945184144 2.3000000000000007 -128.59351100921614 8.400200276381526
8.65429425239563 27.7 2.3000000000000007 -3.656840367317182 2.3000000000000007 -128.56840367317184 0.0
8.666664361953735 27.8 2.1999999999999993 -20.222124494058825 2.1999999999999993 -128.54118943214402 -8.08400277542221
8.677225112915039 27.8 2.1999999999999993 -4.051795578002919 2.1999999999999993 -128.51795578002915 0.0
8.688158988952637 27.8 2.1999999999999993 -4.049390125274648 2.1999999999999993 -128.49390125274644 0.0
8.700082302093506 27.8 2.1999999999999993 -4.046766996383656 2.1999999999999993 -128.46766996383653 0.0
8.71148419380188 27.8 2.1999999999999993 -4.0442585802078135 2.1999999999999993 -128.4425858020781 0.0
8.722070693969727 27.8 2.1999999999999993 -4.041929550170886 2.1999999999999993 -128.41929550170883 0.0
8.733050346374512 27.8 2.1999999999999993 -4.039514026641834 2.1999999999999993 -128.3951402664183 0.0
8.743240118026733 27.8 2.1999999999999993 -4.0372722768783476 2.1999999999999993 -128.37272276878343 0.0
8.753870725631714 27.7 2.3000000000000007 15.17877283463926 2.3000000000000007 -128.34827237129198 9.406800035884228
8.76532769203186 27.7 2.3000000000000007 -3.6321921348571617 2.3000000000000007 -128.32192134857164 0.0
8.77602481842041 27.8 2.1999999999999993 -22.72644874766131 2.1999999999999993 -128.29838767051683 -9.348304990304811
8.786691427230835 27.8 2.1999999999999993 -4.027492113113395 2.1999999999999993 -128.2749211311339 0.0
8.79815411567688 27.8 2.1999999999999993 -4.024970321655264 2.1999999999999993 -128.2497032165526 0.0
8.808748722076416 27.8 2.1999999999999993 -4.022639508247366 2.1999999999999993 -128.22639508247363 0.0
8.820730924606323 27.8 2.1999999999999993 -4.020003423690788 2.1999999999999993 -128.20003423690784 0.0
8.831087589263916 27.8 2.1999999999999993 -4.017724957466118 2.1999999999999993 -128.17724957466115 0.0
8.84207820892334 27.8 2.1999999999999993 -4.015307021141044 2.1999999999999993 -128.1530702114104 0.0
8.85221791267395 27.8 2.1999999999999993 -4.013076286315911 2.1999999999999993 -128.13076286315908 0.0
8.864065647125244 27.7 2.3000000000000007 13.270513200687741 2.3000000000000007 -128.1035130739211 8.440432254039925
8.874382019042969 27.7 2.3000000000000007 -3.6079785418510326 2.3000000000000007 -128.07978541851034 0.0
8.884683847427368 27.8 2.1999999999999993 -23.41974162420486 2.1999999999999993 -128.05712139606467 -9.707014742299195
8.897066831588745 27.8 2.1999999999999993 -4.002987883090967 2.1999999999999993 -128.02987883090964 0.0
8.908591508865356 27.3 2.6999999999999993 84.7704494035066 2.6999999999999993 -127.99876220226278 43.385162811866444
8.92061996459961 27.3 2.6999999999999993 -1.996628537178033 2.6999999999999993 -127.9662853717803 0.0
8.935277938842773 27.3 2.6999999999999993 -1.9926708841323801 2.6999999999999993 -127.92670884132376 0.0
8.94837999343872 27.3 2.6999999999999993 -1.989133329391473 2.6999999999999993 -127.8913332939147 0.0
8.96455693244934 27.3 2.6999999999999993 -1.9847655558586066 2.6999999999999993 -127.84765555858603 0.0
8.980166673660278 27.3 2.6999999999999993 -1.980550925731654 2.6999999999999993 -127.8055092573165 0.0
8.992557525634766 27.3 2.6999999999999993 -1.977205395698542 2.6999999999999993 -127.77205395698539 0.0
9.003628730773926 27.3 2.6999999999999993 -1.974216170310969 2.6999999999999993 -127.74216170310966 0.0
9.020302772521973 27.3 2.6999999999999993 -1.9697141790389967 2.6999999999999993 -127.69714179038994 0.0
9.030603408813477 27.3 2.6999999999999993 -1.966933007240291 2.6999999999999993 -127.66933007240287 0.0
9.042131185531616 27.7 2.3000000000000007 -72.96187835909662 2.3000000000000007 -127.64281618595115 -34.69879837025075
9.052473783493042 27.7 2.3000000000000007 -3.5619028210639847 2.3000000000000007 -127.61902821063987 0.0
9.063442707061768 27.8 2.1999999999999993 -22.19281936857533 2.1999999999999993 -127.59489657878868 -9.116664855348228
9.074485301971436 27.8 2.1999999999999993 -3.957060286998745 2.1999999999999993 -127.57060286998741 0.0
9.085976839065552 27.3 2.6999999999999993 85.06660302056008 2.6999999999999993 -127.5395757198333 43.51028029627171
9.096701622009277 27.3 2.6999999999999993 -1.9510618805885258 2.6999999999999993 -127.51061880588523 0.0
9.108343124389648 27.8 2.1999999999999993 -89.84806657295334 2.1999999999999993 -127.48500750064841 -42.94978291144425
9.120263814926147 27.8 2.1999999999999993 -3.945878198146815 2.1999999999999993 -127.4587819814681 0.0
9.13123869895935 27.8 2.1999999999999993 -3.9434637236595105 2.1999999999999993 -127.43463723659507 0.0
9.141425371170044 27.8 2.1999999999999993 -3.9412226557731582 2.1999999999999993 -127.41222655773154 0.0
9.153522253036499 27.8 2.1999999999999993 -3.9385613417625365 2.1999999999999993 -127.38561341762534 0.0
9.164137125015259 27.8 2.1999999999999993 -3.9362260699272102 2.1999999999999993 -127.36226069927207 0.0
9.176281929016113 27.7 2.3000000000000007 12.934515172722667 2.3000000000000007 -127.33432765007011 8.233973968864838
9.187016010284424 27.7 2.3000000000000007 -3.5309639263152963 2.3000000000000007 -127.30963926315299 0.0
9.199294567108154 27.3 2.6999999999999993 63.22658817723075 2.6999999999999993 -127.27648715972892 32.57711844660182
9.210108995437622 27.3 2.6999999999999993 -1.9247288203239385 2.6999999999999993 -127.24728820323935 0.0
9.221837520599365 27.8 2.1999999999999993 -89.18436064813639 2.1999999999999993 -127.22148544788351 -42.63110605167402
9.232115745544434 27.8 2.1999999999999993 -3.919887335300439 2.1999999999999993 -127.19887335300436 0.0
9.243209600448608 27.7 2.3000000000000007 14.510662789936454 2.3000000000000007 -127.17335748672475 9.013999269304463
9.253566265106201 27.7 2.3000000000000007 -3.5149537158012265 2.3000000000000007 -127.1495371580123 0.0
9.264443635940552 27.8 2.1999999999999993 -22.299356827747076 2.1999999999999993 -127.12560694217672 -9.1933980667647
9.276026248931885 27.8 2.1999999999999993 -3.910012519359583 2.1999999999999993 -127.10012519359579 0.0
9.286747217178345 27.8 2.1999999999999993 -3.9076539063453612 2.1999999999999993 -127.07653906345358 0.0
9.29779577255249 27.8 2.1999999999999993 -3.9052232241630502 2.1999999999999993 -127.05223224163046 0.0
9.308645486831665 27.3 2.6999999999999993 90.26603195077442 2.6999999999999993 -127.0229380130767 46.08416287604105
9.321206092834473 27.3 2.6999999999999993 -1.898902437686914 2.6999999999999993 -126.98902437686911 0.0
9.332275152206421 27.3 2.6999999999999993 -1.8959137916564899 2.6999999999999993 -126.95913791656486 0.0
9.342457056045532 27.3 2.6999999999999993 -1.8931646776199287 2.6999999999999993 -126.93164677619926 0.0
9.353151798248291 27.3 2.6999999999999993 -1.8902770972251854 2.6999999999999993 -126.90277097225182 0.0
9.363311052322388 27.3 2.6999999999999993 -1.8875340986251796 2.6999999999999993 -126.87534098625176 0.0
9.37450623512268 27.3 2.6999999999999993 -1.8845113992691012 2.6999999999999993 -126.84511399269097 0.0
9.385214567184448 27.3 2.6999999999999993 -1.8816201496124236 2.6999999999999993 -126.8162014961242 0.0
9.396453619003296 27.3 2.6999999999999993 -1.8785856056213337 2.6999999999999993 -126.7858560562133 0.0
9.406612634658813 27.3 2.6999999999999993 -1.875842671394345 2.6999999999999993 -126.75842671394341 0.0
9.4231858253479 27.3 2.6999999999999993 -1.8713679099082903 2.6999999999999993 -126.71367909908287 0.0
9.43368124961853 27.3 2.6999999999999993 -1.8685341453552198 2.6999999999999993 -126.68534145355217 0.0
9.444637775421143 27.3 2.6999999999999993 -1.8655758833885159 2.6999999999999993 -126.65575883388512 0.0
9.455369710922241 27.3 2.6999999999999993 -1.862678260803218 2.6999999999999993 -126.62678260803214 0.0
9.465927124023438 27.3 2.6999999999999993 -1.8598277592658956 2.6999999999999993 -126.59827759265892 0.0
9.479822874069214 27.3 2.6999999999999993 -1.856075906753535 2.6999999999999993 -126.56075906753532 0.0
9.494539976119995 27.3 2.6999999999999993 -1.8521022891998236 2.6999999999999993 -126.5210228919982 0.0
9.5060133934021 27.3 2.6999999999999993 -1.8490044665336551 2.6999999999999993 -126.49004466533651 0.0
9.516138553619385 27.3 2.6999999999999993 -1.8462706732749865 2.6999999999999993 -126.46270673274984 0.0
9.528496026992798 27.3 2.6999999999999993 -1.8429341554641656 2.6999999999999993 -126.42934155464162 0.0
9.538721323013306 27.3 2.6999999999999993 -1.840173325538629 2.6999999999999993 -126.40173325538625 0.0
9.556484937667847 27.3 2.6999999999999993 -1.8353771495819018 2.6999999999999993 -126.35377149581899 0.0
9.567848205566406 27.3 2.6999999999999993 -1.832309067249291 2.6999999999999993 -126.32309067249288 0.0
9.581041097640991 27.3 2.6999999999999993 -1.8287469863891541 2.6999999999999993 -126.2874698638915 0.0
9.592500686645508 27.3 2.6999999999999993 -1.8256528973579336 2.6999999999999993 -126.25652897357931 0.0
9.603456020355225 27.3 2.6999999999999993 -1.82269495725631 2.6999999999999993 -126.22694957256307 0.0
9.614625692367554 27.3 2.6999999999999993 -1.819679145812982 2.6999999999999993 -126.19679145812978 0.0
9.62674856185913 27.3 2.6999999999999993 -1.8164059710502567 2.6999999999999993 -126.16405971050253 0.0
9.637859582901001 27.3 2.6999999999999993 -1.8134059953689512 2.6999999999999993 -126.13405995368947 0.0
9.648109912872314 27.3 2.6999999999999993 -1.810638406276695 2.6999999999999993 -126.10638406276692 0.0
9.659345626831055 27.3 2.6999999999999993 -1.807604763507836 2.6999999999999993 -126.07604763507833 0.0
9.669810056686401 27.3 2.6999999999999993 -1.8047793674468924 2.6999999999999993 -126.04779367446889 0.0
9.682148456573486 27.3 2.6999999999999993 -1.8014479994773804 2.6999999999999993 -126.01447999477377 0.0
9.693162202835083 27.3 2.6999999999999993 -1.7984742879867497 2.6999999999999993 -125.98474287986745 0.0
9.703920841217041 27.3 2.6999999999999993 -1.795569455623621 2.6999999999999993 -125.95569455623617 0.0
9.714081287384033 27.3 2.6999999999999993 -1.792826135158533 2.6999999999999993 -125.92826135158529 0.0
9.726310014724731 27.3 2.6999999999999993 -1.7895243787765445 2.6999999999999993 -125.89524378776541 0.0
9.736613273620605 27.3 2.6999999999999993 -1.7867424988746592 2.6999999999999993 -125.86742498874655 0.0
9.747868299484253 27.8 2.1999999999999993 -92.6334624869843 2.1999999999999993 -125.84266393184653 -44.424598046899824
9.758295774459839 27.8 2.1999999999999993 -3.7819723486900276 2.1999999999999993 -125.81972348690024 0.0
9.769967794418335 27.7 2.3000000000000007 13.755706905009262 2.3000000000000007 -125.7928778409957 8.567497344554415
9.781221866607666 27.7 2.3000000000000007 -3.3766993474960216 2.3000000000000007 -125.76699347496024 0.0
9.7932608127594 27.5 2.5 30.651809943453117 2.5 -125.73689610958091 16.612749777205604
9.803845643997192 27.5 2.5 -2.571043403148643 2.5 -125.71043403148643 0.0
9.814430952072144 27.8 2.1999999999999993 -60.4510516775814 2.1999999999999993 -125.68714635372153 -28.34116852110462
9.831215858459473 27.8 2.1999999999999993 -3.765021955966944 2.1999999999999993 -125.65021955966941 0.0
9.84252381324768 27.8 2.1999999999999993 -3.762534205913539 2.1999999999999993 -125.62534205913535 0.0
9.853005409240723 27.8 2.1999999999999993 -3.7602282547950683 2.1999999999999993 -125.60228254795065 0.0
9.863866090774536 27.8 2.1999999999999993 -3.7578389048576284 2.1999999999999993 -125.57838904857626 0.0
9.874037504196167 27.8 2.1999999999999993 -3.7556011939048712 2.1999999999999993 -125.55601193904867 0.0
9.885807275772095 27.8 2.1999999999999993 -3.7530118441581664 2.1999999999999993 -125.53011844158164 0.0
9.896614074707031 27.8 2.1999999999999993 -3.750634348392481 2.1999999999999993 -125.50634348392478 0.0
9.907464027404785 27.8 2.1999999999999993 -3.7482473587989755 2.1999999999999993 -125.48247358798972 0.0
9.917616367340088 27.8 2.1999999999999993 -3.746013844013209 2.1999999999999993 -125.46013844013206 0.0
9.930649280548096 27.7 2.3000000000000007 12.00274693398622 2.3000000000000007 -125.43016273975364 7.672881603980791
9.941237449645996 27.7 2.3000000000000007 -3.3405809950828456 2.3000000000000007 -125.40580995082847 0.0
9.952252626419067 27.8 2.1999999999999993 -21.89492482573482 2.1999999999999993 -125.38157656192772 -9.078383584771021
9.962655782699585 27.8 2.1999999999999993 -3.735868961811061 2.1999999999999993 -125.35868961811057 0.0
9.97369122505188 27.8 2.1999999999999993 -3.7334411644935557 2.1999999999999993 -125.33441164493553 0.0
9.984757661819458 27.8 2.1999999999999993 -3.7310065484046895 2.1999999999999993 -125.31006548404686 0.0
9.995930433273315 27.8 2.1999999999999993 -3.7285485386848407 2.1999999999999993 -125.28548538684838 0.0
10.006109237670898 27.8 2.1999999999999993 -3.7263092017173722 2.1999999999999993 -125.26309201717369 0.0
10.017186164855957 27.8 2.1999999999999993 -3.7238722777366604 2.1999999999999993 -125.23872277736656 0.0
10.027387619018555 27.8 2.1999999999999993 -3.7216279578208873 2.1999999999999993 -125.21627957820884 0.0
10.040337324142456 27.8 2.1999999999999993 -3.7187790226936297 2.1999999999999993 -125.18779022693626 0.0
10.050623416900635 27.8 2.1999999999999993 -3.71651608228683 2.1999999999999993 -125.16516082286826 0.0
10.061773300170898 27.8 2.1999999999999993 -3.7140631079673714 2.1999999999999993 -125.14063107967368 0.0
10.071942806243896 27.8 2.1999999999999993 -3.711825816631311 2.1999999999999993 -125.11825816631308 0.0
10.083987712860107 27.8 2.1999999999999993 -3.709175937175745 2.1999999999999993 -125.09175937175742 0.0
10.095258474349976 27.8 2.1999999999999993 -3.7066963696479736 2.1999999999999993 -125.0669636964797 0.0
10.106126308441162 27.8 2.1999999999999993 -3.704305446147913 2.1999999999999993 -125.04305446147909 0.0
10.117519855499268 27.8 2.1999999999999993 -3.701798865795128 2.1999999999999993 -125.01798865795125 0.0
10.12845516204834 27.7 2.3000000000000007 14.990098367823535 2.3000000000000007 -124.99283745288838 9.144691056556185
10.140727996826172 27.7 2.3000000000000007 -3.2964609932899336 2.3000000000000007 -124.96460993289936 0.0
10.152208089828491 27.8 2.1999999999999993 -21.11539702471645 2.1999999999999993 -124.93935372829426 -8.71073082594351
10.163005113601685 27.8 2.1999999999999993 -3.691560027599328 2.1999999999999993 -124.91560027599324 0.0
10.173859357833862 27.8 2.1999999999999993 -3.6891720938682493 2.1999999999999993 -124.89172093868245 0.0
10.184751987457275 27.8 2.1999999999999993 -3.6867757153510983 2.1999999999999993 -124.86775715351095 0.0
10.196331024169922 27.8 2.1999999999999993 -3.684228327274317 2.1999999999999993 -124.84228327274313 0.0
10.206660985946655 27.8 2.1999999999999993 -3.6819557356834363 2.1999999999999993 -124.81955735683432 0.0
10.218029737472534 27.8 2.1999999999999993 -3.679454610347742 2.1999999999999993 -124.79454610347739 0.0
10.235100269317627 27.7 2.3000000000000007 8.440568205504643 2.3000000000000007 -124.75528388023368 5.858048296764005
10.245757579803467 27.7 2.3000000000000007 -3.2730772066116227 2.3000000000000007 -124.73077206611624 0.0
10.25708794593811 27.8 2.1999999999999993 -21.322264765104407 2.1999999999999993 -124.70584526062002 -8.8258401195212
10.267490863800049 27.8 2.1999999999999993 -3.6682958841323785 2.1999999999999993 -124.68295884132375 0.0
10.278423309326172 27.8 2.1999999999999993 -3.665890746116631 2.1999999999999993 -124.65890746116628 0.0
10.29155445098877 27.8 2.1999999999999993 -3.6630018949508596 2.1999999999999993 -124.63001894950857 0.0
10.30257272720337 27.8 2.1999999999999993 -3.660577874183648 2.1999999999999993 -124.60577874183645 0.0
10.312761068344116 27.8 2.1999999999999993 -3.6583364391326825 2.1999999999999993 -124.5833643913268 0.0
10.323803424835205 27.8 2.1999999999999993 -3.6559071207046436 2.1999999999999993 -124.5590712070464 0.0
10.33396291732788 27.8 2.1999999999999993 -3.653672032356255 2.1999999999999993 -124.53672032356252 0.0
10.346642017364502 27.7 2.3000000000000007 12.523234382540325 2.3000000000000007 -124.50755839347829 7.886995110944076
10.357208251953125 27.7 2.3000000000000007 -3.248325605392445 2.3000000000000007 -124.48325605392446 0.0
10.370748043060303 27.8 2.1999999999999993 -18.416623484559153 2.1999999999999993 -124.45346851348867 -7.385638316605141
10.381232976913452 27.8 2.1999999999999993 -3.643040165901178 2.1999999999999993 -124.43040165901175 0.0
10.393572092056274 27.8 2.1999999999999993 -3.6403255605697566 2.1999999999999993 -124.40325560569754 0.0
10.40396499633789 27.8 2.1999999999999993 -3.638039121627802 2.1999999999999993 -124.38039121627799 0.0
10.414491176605225 27.8 2.1999999999999993 -3.6357233619689886 2.1999999999999993 -124.35723361968985 0.0
10.424699544906616 27.8 2.1999999999999993 -3.6334775209426837 2.1999999999999993 -124.3347752094268 0.0
10.435809850692749 27.8 2.1999999999999993 -3.6310332536697345 2.1999999999999993 -124.3103325366973 0.0
10.447620391845703 27.8 2.1999999999999993 -3.6284349346160845 2.1999999999999993 -124.28434934616081 0.0
10.458553552627563 27.7 2.3000000000000007 15.067051321559116 2.3000000000000007 -124.25920307636252 9.146485814597684
10.469935178756714 27.7 2.3000000000000007 -3.223302533626546 2.3000000000000007 -124.23302533626548 0.0
10.480600357055664 27.7 2.3000000000000007 -3.2208495426177883 2.3000000000000007 -124.2084954261779 0.0
10.508352756500244 27.8 2.1999999999999993 -10.821328094051442 2.1999999999999993 -124.14744014739983 -3.6032920396557273
10.519958019256592 27.7 2.3000000000000007 14.02148588268576 2.3000000000000007 -124.12074804306023 8.61678034349589
10.530569076538086 27.7 2.3000000000000007 -3.209634261131278 2.3000000000000007 -124.09634261131279 0.0
10.54067587852478 27.8 2.1999999999999993 -23.39606401656399 2.1999999999999993 -124.07410764694207 -9.894326625934891
10.55245327949524 27.8 2.1999999999999993 -3.6048197364807084 2.1999999999999993 -124.04819736480705 0.0
10.564291954040527 27.8 2.1999999999999993 -3.6022152280807447 2.1999999999999993 -124.02215228080742 0.0
10.581387996673584 27.8 2.1999999999999993 -3.598454098701474 2.1999999999999993 -123.9845409870147 0.0
10.59368371963501 27.8 2.1999999999999993 -3.5957490396499594 2.1999999999999993 -123.95749039649957 0.0
10.604036569595337 27.8 2.1999999999999993 -3.593471412658687 2.1999999999999993 -123.93471412658684 0.0
10.615975618362427 28.2 1.8000000000000007 -72.19833572360399 1.8000000000000007 -123.91322383880608 -33.50350666986169
10.633378267288208 28.2 1.8000000000000007 -5.188189907073964 1.8000000000000007 -123.88189907073966 0.0
10.644272089004517 28.2 1.8000000000000007 -5.186229019165028 1.8000000000000007 -123.8622901916503 0.0
10.655349969863892 28.2 1.8000000000000007 -5.184235000610341 1.8000000000000007 -123.84235000610343 0.0
10.666539669036865 28.2 1.8000000000000007 -5.182220854759207 1.8000000000000007 -123.82220854759208 0.0
10.6776704788208 28.1 1.8999999999999986 13.188038624897231 1.8999999999999986 -123.80106000900261 8.98407231289875
10.690672159194946 28.1 1.8999999999999986 -4.77763568162918 1.8999999999999986 -123.77635681629174 0.0
10.702170372009277 27.3 2.6999999999999993 137.57752888518075 2.6999999999999993 -123.74531164169305 69.57603002467503
10.713520526885986 27.3 2.6999999999999993 -1.571466622352597 2.6999999999999993 -123.71466622352594 0.0
10.724331140518188 28.0 2.0 -133.87166649596503 2.0 -123.69304499626153 -64.75118099816945
10.734652757644653 28.0 2.0 -4.367240176200861 2.0 -123.6724017620086 0.0
10.746036767959595 27.3 2.6999999999999993 121.41534259596999 2.6999999999999993 -123.64166493415826 61.48975454469291
10.756517171859741 27.3 2.6999999999999993 -1.5613367843627888 2.6999999999999993 -123.61336784362786 0.0
10.768595218658447 27.3 2.6999999999999993 -1.5580757117271382 2.6999999999999993 -123.58075711727135 0.0
10.779287338256836 27.3 2.6999999999999993 -1.5551888394355728 2.6999999999999993 -123.5518883943557 0.0
10.791033267974854 27.3 2.6999999999999993 -1.5520174384117098 2.6999999999999993 -123.52017438411706 0.0
10.801162242889404 27.3 2.6999999999999993 -1.5492826151847794 2.6999999999999993 -123.49282615184777 0.0
10.813147783279419 28.0 2.0 -121.15430131343635 2.0 -123.46885507106774 -58.403707903164786
10.823456287384033 28.0 2.0 -4.344823806285852 2.0 -123.44823806285851 0.0
10.834125995635986 27.3 2.6999999999999993 129.67064192734819 2.6999999999999993 -123.41942985057824 65.60629245620301
10.84439992904663 27.3 2.6999999999999993 -1.5391690230369548 2.6999999999999993 -123.3916902303695 0.0
10.85609245300293 27.3 2.6999999999999993 -1.5360120415687533 2.6999999999999993 -123.3601204156875 0.0
10.867478847503662 27.3 2.6999999999999993 -1.5329377150535564 2.6999999999999993 -123.32937715053552 0.0
10.878381967544556 27.3 2.6999999999999993 -1.529993872642514 2.6999999999999993 -123.29993872642511 0.0
10.890329599380493 27.3 2.6999999999999993 -1.5267680120468121 2.6999999999999993 -123.26768012046809 0.0
10.901353120803833 27.3 2.6999999999999993 -1.5237916612625106 2.6999999999999993 -123.23791661262507 0.0
10.911779403686523 27.3 2.6999999999999993 -1.5209765648841849 2.6999999999999993 -123.20976564884181 0.0
10.923654079437256 27.3 2.6999999999999993 -1.5177704024314878 2.6999999999999993 -123.17770402431483 0.0
10.933830499649048 27.3 2.6999999999999993 -1.515022768974303 2.6999999999999993 -123.15022768974299 0.0
10.944731950759888 27.3 2.6999999999999993 -1.5120793771743752 2.6999999999999993 -123.12079377174372 0.0
10.95572566986084 27.3 2.6999999999999993 -1.5091110730171184 2.6999999999999993 -123.09111073017115 0.0
10.967547178268433 27.3 2.6999999999999993 -1.5059192657470675 2.6999999999999993 -123.05919265747065 0.0
10.977651596069336 27.3 2.6999999999999993 -1.5031910729408242 2.6999999999999993 -123.03191072940821 0.0
10.989908695220947 27.3 2.6999999999999993 -1.4998816561698902 2.6999999999999993 -122.99881656169886 0.0
11.000109195709229 27.3 2.6999999999999993 -1.4971275210380526 2.6999999999999993 -122.9712752103805 0.0
11.013919830322266 27.3 2.6999999999999993 -1.4933986496925336 2.6999999999999993 -122.9339864969253 0.0
11.034364700317383 27.3 2.6999999999999993 -1.4878785347938521 2.6999999999999993 -122.87878534793849 0.0
11.048089742660522 27.3 2.6999999999999993 -1.4841727733612053 2.6999999999999993 -122.84172773361202 0.0
11.062613010406494 27.3 2.6999999999999993 -1.4802514910697937 2.6999999999999993 -122.8025149106979 0.0
11.077603101730347 27.3 2.6999999999999993 -1.4762041664123515 2.6999999999999993 -122.76204166412349 0.0
11.088706016540527 27.3 2.6999999999999993 -1.4732063794136039 2.6999999999999993 -122.732063794136 0.0
11.100501298904419 28.0 2.0 -122.96236795035364 2.0 -122.70847322940821 -59.34576031370641
11.110490322113037 28.0 2.0 -4.268849518299099 2.0 -122.68849518299098 0.0
11.122324228286743 27.3 2.6999999999999993 116.83847780117074 2.6999999999999993 -122.65654363632197 59.15206608240147
11.132749080657959 27.3 2.6999999999999993 -1.4628396534919723 2.6999999999999993 -122.62839653491969 0.0
11.143864154815674 27.3 2.6999999999999993 -1.4598385834693897 2.6999999999999993 -122.59838583469386 0.0
11.154023170471191 27.3 2.6999999999999993 -1.4570956492423992 2.6999999999999993 -122.57095649242396 0.0
11.165276050567627 27.3 2.6999999999999993 -1.4540573716163614 2.6999999999999993 -122.54057371616358 0.0
11.176195621490479 27.3 2.6999999999999993 -1.4511090874671915 2.6999999999999993 -122.51109087467188 0.0
11.187255382537842 27.3 2.6999999999999993 -1.448122951984402 2.6999999999999993 -122.48122951984399 0.0
11.200134515762329 27.3 2.6999999999999993 -1.4446455860137917 2.6999999999999993 -122.44645586013787 0.0
11.21118688583374 27.3 2.6999999999999993 -1.4416614460945105 2.6999999999999993 -122.41661446094507 0.0
11.222300052642822 27.3 2.6999999999999993 -1.4386608910560597 2.6999999999999993 -122.38660891056055 0.0
11.233502388000488 27.3 2.6999999999999993 -1.4356362605094901 2.6999999999999993 -122.35636260509486 0.0
11.243858098983765 27.3 2.6999999999999993 -1.4328402185440048 2.6999999999999993 -122.32840218544001 0.0
11.255109310150146 27.3 2.6999999999999993 -1.4298023915290816 2.6999999999999993 -122.29802391529078 0.0
11.265833854675293 27.3 2.6999999999999993 -1.4269067645072937 2.6999999999999993 -122.2690676450729 0.0
11.277504920959473 27.3 2.6999999999999993 -1.4237555766105654 2.6999999999999993 -122.23755576610561 0.0
