0 0
0.00029015541076660156 125.4 -95.4 -131287.7946346783 -95.4 -0.02085728645324707 -436353.9821155944
0.03751635551452637 125.4 -95.4 -381.6 -95.4 -3.572236776351929 0.0
0.05051469802856445 125.2 -95.2 -376.1840268530237 -95.2 -4.809678983688355 15.38657715658783
0.06557869911193848 125.3 -95.3 -383.1915027776458 -95.3 -6.245278286933899 -6.638342592152576
0.08077836036682129 125.3 -95.3 -381.2 -95.3 -7.69380600452423 0.0
0.0945439338684082 125.4 -95.4 -383.7793498103471 -95.4 -9.007041716575621 -7.264499367823679
0.10816669464111328 125.4 -95.4 -381.6 -95.4 -10.306653094291686 0.0
0.13134121894836426 125.0 -95.0 -374.821900186212 -95.0 -12.508232903480529 17.26033271262666
0.14148664474487305 125.0 -95.0 -380.0 -95.0 -13.472048354148864 0.0
0.15128040313720703 118.1 -88.1 -141.04089585666276 -88.1 -14.334878468513487 704.5303471444574
0.1622011661529541 118.1 -88.1 -352.4 -88.1 -15.296997690200804 0.0
0.1740117073059082 118.1 -88.1 -352.4 -88.1 -16.33750636577606 0.0
0.18478798866271973 118.1 -88.1 -352.4 -88.1 -17.286896753311158 0.0
0.1947016716003418 118.1 -88.1 -352.4 -88.1 -18.16029222011566 0.0
0.2045280933380127 118.1 -88.1 -352.4 -88.1 -19.025999975204467 0.0
0.21561694145202637 118.1 -88.1 -352.4 -88.1 -20.00292749404907 0.0
0.22600030899047852 118.1 -88.1 -352.4 -88.1 -20.917702174186704 0.0
0.23768973350524902 118.1 -88.1 -352.4 -88.1 -21.947540473937988 0.0
0.24798130989074707 118.1 -88.1 -352.4 -88.1 -22.854228353500364 0.0
0.2578921318054199 118.1 -88.1 -352.4 -88.1 -23.727371764183044 0.0
0.268629789352417 118.1 -88.1 -352.4 -88.1 -24.673359394073486 0.0
0.2796297073364258 118.1 -88.1 -352.4 -88.1 -25.64245216846466 0.0
0.2899909019470215 115.4 -85.4 -263.4236863178245 -85.4 -26.527298188209535 260.58771227391856
0.29997873306274414 115.4 -85.4 -341.6 -85.4 -27.38025896549225 0.0
0.3098621368408203 121.5 -91.5 -551.1588826168763 -91.5 -28.28459041118622 -617.1962753895879
0.3215930461883545 121.5 -91.5 -366.0 -91.5 -29.357968616485596 0.0
0.3315274715423584 121.5 -91.5 -366.0 -91.5 -30.266968536376954 0.0
0.3483397960662842 118.7 -88.7 -304.83665324181754 -88.7 -31.75822172164917 166.54448919394164
0.35929417610168457 118.7 -88.7 -354.8 -88.7 -32.72987523078918 0.0
0.3706080913543701 120.2 -90.2 -400.574029586547 -90.2 -33.75039038658142 -132.58009862182323
0.38135409355163574 120.2 -90.2 -360.8 -90.2 -34.71967978477478 0.0
0.39156222343444824 120.2 -90.2 -360.8 -90.2 -35.64045310020447 0.0
0.40412473678588867 113.7 -83.7 -179.5762843749407 -83.7 -36.69193546772003 517.4123854168644
0.41414475440979004 113.7 -83.7 -334.8 -83.7 -37.530610942840575 0.0
0.4259819984436035 112.9 -82.9 -311.32501037281725 -82.9 -38.51191847324371 67.58329875727584
0.4363863468170166 112.9 -82.9 -331.6 -82.9 -39.374438953399654 0.0
0.446300745010376 112.9 -82.9 -331.6 -82.9 -40.196342563629145 0.0
0.45764636993408203 113.1 -83.1 -337.68838212116725 -83.1 -41.139163994789115 -17.62794040389082
0.46817970275878906 113.1 -83.1 -332.4 -83.1 -42.01448395252227 0.0
0.48029327392578125 113.9 -83.9 -355.41248937175277 -83.9 -43.03081257343291 -66.04163123917587
0.4903078079223633 113.9 -83.9 -335.6 -83.9 -43.87103197574614 0.0
0.5002281665802002 113.9 -83.9 -335.6 -83.9 -44.70335006713866 0.0
0.5105044841766357 109.3 -79.3 -182.9106510138738 -79.3 -45.518262052535995 447.6311632870873
0.5340604782104492 110.0 -80.0 -328.91492839141307 -80.0 -47.40274157524107 -29.716427971376927
0.5453488826751709 110.0 -80.0 -320.0 -80.0 -48.30581393241881 0.0
0.555145263671875 110.0 -80.0 -320.0 -80.0 -49.089524412155136 0.0
0.5659117698669434 109.7 -79.7 -310.44074228265214 -79.7 -49.94761495590208 27.864192391159662
0.5786504745483398 109.7 -79.7 -318.8 -79.7 -50.96288971900938 0.0
0.5899474620819092 107.2 -77.2 -242.41061984255958 -77.2 -51.835017156600934 221.29793385813477
0.6001613140106201 107.2 -77.2 -308.8 -77.2 -52.62352652549742 0.0
0.6100783348083496 109.2 -79.2 -377.30204111071043 -79.2 -53.408954572677594 -201.67347036903473
0.6216628551483154 109.2 -79.2 -316.8 -79.2 -54.32644858360289 0.0
0.631624698638916 109.2 -79.2 -316.8 -79.2 -55.115426588058455 0.0
0.6439731121063232 109.2 -79.2 -316.8 -79.2 -56.093420934677106 0.0
0.6534013748168945 109.2 -79.2 -316.8 -79.2 -56.84013934135435 0.0
0.6627423763275146 109.2 -79.2 -316.8 -79.2 -57.57994666099547 0.0
0.6751306056976318 109.2 -79.2 -316.8 -79.2 -58.56109442710875 0.0
0.6848001480102539 109.2 -79.2 -316.8 -79.2 -59.32692217826842 0.0
0.6954545974731445 105.2 -75.2 -188.17099892588615 -75.2 -60.12813677787779 375.43000358037955
0.7059273719787598 105.2 -75.2 -300.8 -75.2 -60.915689420700055 0.0
0.7163529396057129 104.4 -74.4 -274.57967069154785 -74.4 -61.691351652145364 76.7344310281739
0.7275915145874023 104.4 -74.4 -297.6 -74.4 -62.52750163078306 0.0
0.7376182079315186 104.4 -74.4 -297.6 -74.4 -63.2734876155853 0.0
0.7482059001922607 105.4 -75.4 -329.9347865249505 -75.4 -64.07179961204527 -94.44928841650153
0.7594373226165771 105.4 -75.4 -301.6 -75.4 -64.91864886283872 0.0
0.769505500793457 105.0 -75.0 -288.0812597977691 -75.0 -65.67376222610471 39.729134007436215
0.7814919948577881 105.0 -75.0 -300.0 -75.0 -66.57274928092954 0.0
0.7913570404052734 105.0 -75.0 -300.0 -75.0 -67.31262769699094 0.0
0.8018538951873779 103.0 -73.0 -234.8400208962682 -73.0 -68.07889809608457 190.533263679106
0.8117074966430664 103.0 -73.0 -292.0 -73.0 -68.79821100234983 0.0
0.8219053745269775 103.0 -73.0 -292.0 -73.0 -69.54265608787534 0.0
0.8334026336669922 104.4 -74.4 -334.13044563797376 -74.4 -70.39805216789243 -121.7681521265791
0.8433809280395508 104.4 -74.4 -297.6 -74.4 -71.14043726921079 0.0
0.8546795845031738 102.0 -72.0 -224.2756092002531 -72.0 -71.95394053459165 212.41463599915645
0.8648028373718262 102.0 -72.0 -288.0 -72.0 -72.68281474113462 0.0
0.8754191398620605 102.0 -72.0 -288.0 -72.0 -73.4471885204315 0.0
0.8873310089111328 100.4 -70.4 -241.3040566830793 -70.4 -74.28578410148619 134.3198110564024
0.897432804107666 100.4 -70.4 -281.6 -70.4 -74.99695048332212 0.0
0.907416582107544 100.4 -70.4 -281.6 -70.4 -75.69980845451353 0.0
0.9211523532867432 100.4 -70.4 -281.6 -70.4 -76.66680674552916 0.0
0.9321780204772949 100.4 -70.4 -281.6 -70.4 -77.443013715744 0.0
0.9424653053283691 100.4 -70.4 -281.6 -70.4 -78.16723856925962 0.0
0.9538319110870361 100.4 -70.4 -281.6 -70.4 -78.96744761466978 0.0
0.9641842842102051 98.2 -68.2 -209.04650192303257 -68.2 -79.6734794616699 212.51166025655817
0.9747114181518555 98.2 -68.2 -272.8 -68.2 -80.39142999649046 0.0
0.9866986274719238 97.7 -67.7 -258.28666215839934 -67.7 -81.20296406745909 41.711126138669
0.997204065322876 97.7 -67.7 -270.8 -67.7 -81.91418220996856 0.0
1.00724458694458 97.7 -67.7 -270.8 -67.7 -82.59392552375793 0.0
1.0175604820251465 98.6 -68.6 -300.5732014421741 -68.6 -83.30159592628479 -87.24400480724702
1.027557611465454 98.6 -68.6 -274.4 -68.6 -83.9873990058899 0.0
1.0386548042297363 96.2 -66.2 -199.91872639381268 -66.2 -84.72203316688538 216.27091202062442
1.0486876964569092 96.2 -66.2 -264.8 -66.2 -85.38621063232422 0.0
1.0597858428955078 96.8 -66.8 -283.41892457410455 -66.8 -86.12756681442261 -54.06308191368184
1.0702800750732422 96.8 -66.8 -267.2 -66.8 -86.82858152389527 0.0
1.0818781852722168 96.8 -66.8 -267.2 -66.8 -87.60333528518677 0.0
1.0924856662750244 94.7 -64.7 -199.40795396821846 -64.7 -88.28963930606842 197.97348677260516
1.1025876998901367 94.7 -64.7 -258.8 -64.7 -88.94324088096619 0.0
1.112546682357788 93.3 -63.3 -211.02701682985787 -63.3 -89.57364447116852 140.57661056714045
1.123885154724121 93.3 -63.3 -253.2 -63.3 -90.2913697719574 0.0
1.1345221996307373 93.3 -63.3 -253.2 -63.3 -90.96469471454621 0.0
1.144392490386963 93.3 -63.3 -253.2 -63.3 -91.58948411941529 0.0
1.1562857627868652 93.3 -63.3 -253.2 -63.3 -92.3423282623291 0.0
1.1661882400512695 93.3 -63.3 -253.2 -63.3 -92.9691550731659 0.0
1.1773927211761475 93.3 -63.3 -253.2 -63.3 -93.67839872837067 0.0
1.188063621520996 91.6 -61.599999999999994 -198.60646960252018 -61.599999999999994 -94.33572618961334 159.31176799159934
1.1986451148986816 91.6 -61.599999999999994 -246.39999999999998 -61.599999999999994 -94.98754618167877 0.0
1.2086517810821533 91.6 -61.599999999999994 -246.39999999999998 -61.599999999999994 -95.60395681858063 0.0
1.2220125198364258 90.3 -60.3 -212.00999732329277 -60.3 -96.40960936546325 97.30000892235743
1.2333507537841797 90.3 -60.3 -241.2 -60.3 -97.09330487251282 0.0
1.2443561553955078 90.2 -60.2 -238.07406585788578 -60.2 -97.75583004951477 9.086447140380766
1.2551336288452148 90.2 -60.2 -240.8 -60.2 -98.40463395118714 0.0
1.2647409439086914 90.2 -60.2 -240.8 -60.2 -98.98299431800842 0.0
1.2763662338256836 91.5 -61.5 -279.5475504511894 -61.5 -99.69794964790344 -111.82516817063141
1.2875292301177979 91.5 -61.5 -246.0 -61.5 -100.38447391986847 0.0
1.2982308864593506 86.3 -56.3 -79.42817270418385 -56.3 -100.98697717189789 485.9060909860538
1.3083527088165283 86.3 -56.3 -225.2 -56.3 -101.556835770607 0.0
1.3299510478973389 91.7 -61.7 -321.80576752400935 -61.7 -102.889453291893 -250.01922508003116
1.3412983417510986 91.7 -61.7 -246.8 -61.7 -103.58958132266999 0.0
1.352139949798584 88.6 -58.599999999999994 -148.6193670969584 -58.599999999999994 -104.22489955425263 285.93544301013867
1.3685667514801025 88.6 -58.599999999999994 -234.39999999999998 -58.599999999999994 -105.18751013278961 0.0
1.381434440612793 88.3 -58.3 -226.20573715513893 -58.3 -105.93769640922547 23.314209482870208
1.3922646045684814 88.3 -58.3 -233.2 -58.3 -106.5690949678421 0.0
1.4027736186981201 87.7 -57.7 -213.67184717999928 -57.7 -107.17546508312226 57.09384273333582
1.4127378463745117 87.7 -57.7 -230.8 -57.7 -107.75040102005006 0.0
1.4232983589172363 87.3 -57.3 -217.83691515780902 -57.3 -108.35551838874818 37.87694947396992
1.4351704120635986 87.3 -57.3 -229.2 -57.3 -109.03578703403474 0.0
1.446317434310913 87.3 -57.3 -229.2 -57.3 -109.67451140880586 0.0
1.456824541091919 87.2 -57.2 -225.94478965282522 -57.2 -110.27551791667939 9.517367823915956
1.467449426651001 87.2 -57.2 -228.8 -57.2 -110.88326137065889 0.0
1.478464126586914 86.4 -56.400000000000006 -203.81093616744963 -56.400000000000006 -111.50449044704439 72.63021277516803
1.4896516799926758 86.4 -56.400000000000006 -225.60000000000002 -56.400000000000006 -112.13546845912936 0.0
1.499621868133545 86.4 -56.400000000000006 -225.60000000000002 -56.400000000000006 -112.69778707027437 0.0
1.5102410316467285 88.3 -58.3 -286.87654422990545 -58.3 -113.31688430309298 -178.92181409968487
1.5203075408935547 88.3 -58.3 -233.2 -58.3 -113.90376179218295 0.0
1.5307326316833496 87.1 -57.099999999999994 -193.86792663403915 -57.099999999999994 -114.49903447628024 115.10691121986946
1.5422000885009766 87.1 -57.099999999999994 -228.39999999999998 -57.099999999999994 -115.15382626056675 0.0
1.5521936416625977 79.4 -49.400000000000006 33.54901803607177 -49.400000000000006 -115.64750778675082 770.496726786906
1.5643455982208252 79.4 -49.400000000000006 -197.60000000000002 -49.400000000000006 -116.24781444072727 0.0
1.5747671127319336 79.4 -49.400000000000006 -197.60000000000002 -49.400000000000006 -116.76263725757602 0.0
1.5853257179260254 79.6 -49.599999999999994 -204.08256875762058 -49.599999999999994 -117.28634407520298 -18.941895858735318
1.5965442657470703 79.6 -49.599999999999994 -198.39999999999998 -49.599999999999994 -117.8427840471268 0.0
1.6071662902832031 84.2 -54.2 -346.71873585922094 -54.2 -118.41849777698519 -433.06245286406977
1.6172423362731934 84.2 -54.2 -216.8 -54.2 -118.96461946964266 0.0
1.6272366046905518 84.2 -54.2 -216.8 -54.2 -119.50630881786348 0.0
1.638646125793457 83.9 -53.900000000000006 -207.7118512172188 -53.900000000000006 -120.12128200531008 26.29382927593748
1.6487197875976562 83.9 -53.900000000000006 -215.60000000000002 -53.900000000000006 -120.66425237655642 0.0
1.6598265171051025 78.6 -48.599999999999994 -51.243547064505435 -48.599999999999994 -121.20403943061831 477.18817645164853
1.6706106662750244 78.6 -48.599999999999994 -194.39999999999998 -48.599999999999994 -121.72814908027651 0.0
1.6821644306182861 76.2 -46.2 -122.48264795707823 -46.2 -122.2619329929352 207.72450680973927
1.6938755512237549 76.2 -46.2 -184.8 -46.2 -122.80298676490786 0.0
1.7033476829528809 76.2 -46.2 -184.8 -46.2 -123.24059925079348 0.0
1.7141118049621582 75.7 -45.7 -168.86481793213432 -45.7 -123.73251962661746 46.450606892885624
1.736280918121338 75.0 -45.0 -170.52736126645442 -45.0 -124.73012971878055 31.57546244515198
1.747603416442871 75.0 -45.0 -180.0 -45.0 -125.23964214324954 0.0
1.7585225105285645 75.7 -45.7 -202.03236473208446 -45.7 -125.73864474296573 -64.1078824402815
1.770664930343628 75.7 -45.7 -182.8 -45.7 -126.29355332851414 0.0
1.7841389179229736 75.4 -45.400000000000006 -174.9204628941502 -45.400000000000006 -126.90527236461644 22.26512368616605
1.7951171398162842 75.4 -45.400000000000006 -181.60000000000002 -45.400000000000006 -127.40368363857273 0.0
1.8051600456237793 75.4 -45.400000000000006 -181.60000000000002 -45.400000000000006 -127.859631562233 0.0
1.8151321411132812 75.4 -45.400000000000006 -181.60000000000002 -45.400000000000006 -128.3123646974564 0.0
1.8251075744628906 75.4 -45.400000000000006 -181.60000000000002 -45.400000000000006 -128.76524937152865 0.0
1.8348157405853271 75.4 -45.400000000000006 -181.60000000000002 -45.400000000000006 -129.20600011348728 0.0
1.8475162982940674 75.4 -45.400000000000006 -181.60000000000002 -45.400000000000006 -129.78260543346408 0.0
1.8580188751220703 77.3 -47.3 -243.4723951783158 -47.3 -130.2793773174286 -180.90798392771933
1.8679771423339844 77.3 -47.3 -189.2 -47.3 -130.75040335655214 0.0
1.8786485195159912 77.3 -47.3 -189.2 -47.3 -131.25515949726108 0.0
1.8886842727661133 77.3 -47.3 -189.2 -47.3 -131.72985062599184 0.0
1.8999567031860352 77.3 -47.3 -189.2 -47.3 -132.26303658485415 0.0
1.9098501205444336 77.3 -47.3 -189.2 -47.3 -132.73099522590638 0.0
1.9197008609771729 77.3 -47.3 -189.2 -47.3 -133.19693524837496 0.0
1.9296228885650635 77.3 -47.3 -189.2 -47.3 -133.66624715328217 0.0
1.9395973682403564 77.3 -47.3 -189.2 -47.3 -134.13804004192352 0.0
1.9502894878387451 77.3 -47.3 -189.2 -47.3 -134.6437772989273 0.0
1.9613916873931885 73.6 -43.599999999999994 -74.41981187991229 -43.599999999999994 -135.12783319950103 333.26729373362565
1.9728035926818848 73.6 -43.599999999999994 -174.39999999999998 -43.599999999999994 -135.62539227008818 0.0
1.9841632843017578 73.0 -43.0 -156.1544994333209 -43.0 -136.11385900974273 52.8183352222637
1.9947872161865234 73.0 -43.0 -172.0 -43.0 -136.57068808078765 0.0
2.004568099975586 73.0 -43.0 -172.0 -43.0 -136.99126608371733 0.0
2.015322685241699 73.5 -43.5 -187.94753923915934 -43.5 -137.45909054279326 -46.4917974638645
2.025580883026123 73.5 -43.5 -174.0 -43.5 -137.9053221464157 0.0
2.036505937576294 73.4 -43.400000000000006 -170.8540182877596 -43.400000000000006 -138.37946951389313 9.153272374134739
2.047481060028076 73.4 -43.400000000000006 -173.60000000000002 -43.400000000000006 -138.8557898283005 0.0
2.057968854904175 72.8 -42.8 -154.03719293459704 -42.8 -139.30466744899752 57.20935688467653
2.0681233406066895 72.8 -42.8 -171.2 -42.8 -139.73927943706514 0.0
2.079660177230835 72.8 -42.8 -171.2 -42.8 -140.23305604457857 0.0
2.089931011199951 69.6 -39.599999999999994 -64.93144594814167 -39.599999999999994 -140.63978106975557 311.5618468395277
2.1012978553771973 69.6 -39.599999999999994 -158.39999999999998 -39.599999999999994 -141.08990809917452 0.0
2.115450143814087 68.7 -38.7 -135.721813372867 -38.7 -141.63760166168214 63.593955423776755
2.134751558303833 68.9 -38.900000000000006 -158.7085804634617 -38.900000000000006 -142.38842668533326 -10.361934878205592
2.1501734256744385 68.9 -38.900000000000006 -155.60000000000002 -38.900000000000006 -142.98833732604982 0.0
2.1658661365509033 68.7 -38.7 -150.9765688240656 -38.7 -143.595645236969 12.74477058644807
2.1784932613372803 68.7 -38.7 -154.8 -38.7 -144.0843149662018 0.0
2.1886448860168457 67.9 -37.900000000000006 -127.95846403156497 -37.900000000000006 -144.46906154155732 78.80511989478353
2.2000904083251953 67.9 -37.900000000000006 -151.60000000000002 -37.900000000000006 -144.90284683704377 0.0
2.210777997970581 67.2 -37.2 -129.15104200593385 -37.2 -145.3004251718521 65.49652664688719
2.220797061920166 67.2 -37.2 -148.8 -37.2 -145.67313435077668 0.0
2.2307522296905518 67.2 -37.2 -148.8 -37.2 -146.04346659183503 0.0
2.2412641048431396 66.1 -36.099999999999994 -113.00693309140368 -36.099999999999994 -146.42294528484345 104.64355636198766
2.255181074142456 66.1 -36.099999999999994 -144.39999999999998 -36.099999999999994 -146.92534787654878 0.0
2.266174077987671 65.4 -35.400000000000006 -122.49694109482118 -35.400000000000006 -147.3145002126694 63.67686301726278
2.2772419452667236 65.4 -35.400000000000006 -141.60000000000002 -35.400000000000006 -147.70630271434786 0.0
2.288156747817993 64.4 -34.400000000000006 -110.1143905635649 -34.400000000000006 -148.08177192211153 91.61869812145042
2.2993462085723877 64.4 -34.400000000000006 -137.60000000000002 -34.400000000000006 -148.4666893720627 0.0
2.310168981552124 63.0 -33.0 -93.19294003612796 -33.0 -148.823840880394 129.35686654624013
2.320542573928833 63.0 -33.0 -132.0 -33.0 -149.16616942882538 0.0
2.3303494453430176 63.4 -33.4 -145.83631828458897 -33.4 -149.49371893405916 -40.787727615296575
2.3412880897521973 63.4 -33.4 -133.6 -33.4 -149.85906965732576 0.0
2.3540232181549072 63.4 -33.4 -133.6 -33.4 -150.28442294597627 0.0
2.364288806915283 63.0 -33.0 -120.31046101679173 -33.0 -150.62318737506868 38.965129944027545
2.3799610137939453 62.4 -32.4 -118.11469985091426 -32.4 -151.13096687793734 38.28433383028579
2.3915278911590576 62.4 -32.4 -129.6 -32.4 -151.50573370456698 0.0
2.402333974838257 60.9 -30.9 -81.95679110405084 -30.9 -151.83964169025424 138.81069631983056
2.4138288497924805 60.9 -30.9 -123.6 -30.9 -152.19483332633976 0.0
2.423854351043701 60.9 -30.9 -123.6 -30.9 -152.50462131500248 0.0
2.436167001724243 59.8 -29.799999999999997 -92.39829754274534 -29.799999999999997 -152.87153830528263 89.33900819084883
2.446371078491211 59.8 -29.799999999999997 -119.19999999999999 -29.799999999999997 -153.17561979293828 0.0
2.4581549167633057 59.5 -29.5 -110.36242063732936 -29.5 -153.52324302196507 25.458597875568802
2.468151569366455 59.5 -29.5 -118.0 -29.5 -153.81814427375798 0.0
2.4795751571655273 59.7 -29.700000000000003 -124.05229035355019 -29.700000000000003 -154.15742483139041 -17.507634511833952
2.4914045333862305 59.7 -29.700000000000003 -118.80000000000001 -29.700000000000003 -154.5087573051453 0.0
2.5033717155456543 58.6 -28.6 -86.82458620552254 -28.6 -154.85101871490482 91.91804598159155
2.513406991958618 58.6 -28.6 -114.4 -28.6 -155.1380276203156 0.0
2.5353310108184814 57.6 -27.6 -96.71637739788595 -27.6 -155.74313054084783 45.61207534038018
2.5461292266845703 57.6 -27.6 -110.4 -27.6 -156.0411612987519 0.0
2.5580945014953613 58.0 -28.0 -122.02902163950102 -28.0 -156.37618899345404 -33.430072131670066
2.568035840988159 58.0 -28.0 -112.0 -28.0 -156.65454649925238 0.0
2.579953193664551 57.4 -27.4 -94.49597439231766 -27.4 -156.9810819625855 50.3467520256078
2.591402292251587 57.4 -27.4 -109.6 -27.4 -157.2947872638703 0.0
2.601728916168213 56.3 -26.299999999999997 -73.24376699836071 -26.299999999999997 -157.56637747287755 106.5207766721309
2.6128032207489014 56.3 -26.299999999999997 -105.19999999999999 -26.299999999999997 -157.85763168334967 0.0
2.6243064403533936 55.4 -25.4 -78.12831039628588 -25.4 -158.14981346130378 78.2389653457137
2.6342945098876953 55.4 -25.4 -101.6 -25.4 -158.40351042747506 0.0
2.6462435722351074 55.1 -25.1 -92.86802825332224 -25.1 -158.7034318923951 25.106572488925895
2.657348155975342 55.1 -25.1 -100.4 -25.1 -158.98215694427498 0.0
2.6674020290374756 55.1 -25.1 -100.4 -25.1 -159.23450915813453 0.0
2.6784024238586426 54.4 -24.4 -78.50977611131572 -24.4 -159.502918791771 63.63407962894757
2.689328670501709 54.4 -24.4 -97.6 -24.4 -159.76951920986184 0.0
2.6997153759002686 55.1 -25.1 -120.6181531045565 -25.1 -160.0302255153657 -67.39384368185497
2.710771083831787 55.1 -25.1 -100.4 -25.1 -160.3077237844468 0.0
2.721501111984253 54.6 -24.6 -84.42053994000668 -24.6 -160.57168247699747 46.59820019997778
2.7316062450408936 54.6 -24.6 -98.4 -24.6 -160.82026875019082 0.0
2.7425076961517334 53.6 -23.6 -66.88072784533287 -23.6 -161.07754299640663 91.73090718222377
2.7527220249176025 53.6 -23.6 -94.4 -23.6 -161.31860115528116 0.0
2.765533685684204 53.4 -23.4 -88.91676641357742 -23.4 -161.61839401721963 15.610778621408588
2.776561737060547 53.4 -23.4 -93.6 -23.4 -161.87645041942605 0.0
2.786567211151123 53.4 -23.4 -93.6 -23.4 -162.11057851314553 0.0
2.797884464263916 53.6 -23.6 -99.70163984157756 -23.6 -162.37766568660743 -17.67213280525853
2.8088126182556152 53.6 -23.6 -94.4 -23.6 -162.63557012081154 0.0
2.819648027420044 51.8 -21.799999999999997 -37.36339560367008 -21.799999999999997 -162.8717820405961 166.12201465443303
2.8297760486602783 51.8 -21.799999999999997 -87.19999999999999 -21.799999999999997 -163.0925729036332 0.0
2.840669631958008 51.1 -21.1 -65.1225965726293 -21.1 -163.3224275112153 64.258011424569
2.8508145809173584 51.1 -21.1 -84.4 -21.1 -163.5364859342576 0.0
2.8627352714538574 48.8 -18.799999999999997 -17.31744714894286 -18.799999999999997 -163.7605949163438 192.9418428368571
2.874558448791504 48.8 -18.799999999999997 -75.19999999999999 -18.799999999999997 -163.98287065029155 0.0
2.8845674991607666 48.3 -18.299999999999997 -58.21356327862603 -18.299999999999997 -164.16603627204904 49.954789071246516
2.8961353302001953 48.3 -18.299999999999997 -73.19999999999999 -18.299999999999997 -164.3777275800706 0.0
2.9062001705169678 48.3 -18.299999999999997 -73.19999999999999 -18.299999999999997 -164.56191415786753 0.0
2.9241490364074707 48.1 -18.1 -69.05717041031848 -18.1 -164.88678863048563 11.142765298938434
2.94063663482666 47.3 -17.299999999999997 -54.64360470833204 -17.299999999999997 -165.17202408313761 48.521317638893166
2.951251983642578 47.3 -17.299999999999997 -69.19999999999999 -17.299999999999997 -165.355669617653 0.0
2.962826728820801 46.4 -16.4 -42.273352558292856 -16.4 -165.54549543857587 77.75549147235714
2.9741721153259277 46.4 -16.4 -65.6 -16.4 -165.73155977725995 0.0
2.985175848007202 45.5 -15.5 -37.46287175264884 -15.5 -165.9021176338197 81.79042749117055
2.9977033138275146 45.5 -15.5 -62.0 -15.5 -166.09629335403454 0.0
3.0079429149627686 45.4 -15.399999999999999 -58.67019837943555 -15.399999999999999 -166.25398321151746 9.766005401881484
3.019282579421997 45.4 -15.399999999999999 -61.599999999999994 -15.399999999999999 -166.42861404418957 0.0
3.030034303665161 45.4 -15.399999999999999 -61.599999999999994 -15.399999999999999 -166.5941905975343 0.0
3.040276288986206 45.4 -15.399999999999999 -61.599999999999994 -15.399999999999999 -166.7519171714784 0.0
3.0521953105926514 45.2 -15.200000000000003 -55.76602976476248 -15.200000000000003 -166.93308629989636 16.779900784125104
3.063999652862549 45.2 -15.200000000000003 -60.80000000000001 -15.200000000000003 -167.1125123023988 0.0
3.0751452445983887 44.3 -14.299999999999997 -32.97517583639926 -14.299999999999997 -167.27189426422132 80.74941387866912
3.085319995880127 44.3 -14.299999999999997 -57.19999999999999 -14.299999999999997 -167.41739320755016 0.0
3.096278190612793 43.9 -13.899999999999999 -44.64929115356167 -13.899999999999999 -167.5697121143342 36.50236282146108
3.107222318649292 43.9 -13.899999999999999 -55.599999999999994 -13.899999999999999 -167.72183549404156 0.0
3.1181046962738037 43.7 -13.700000000000003 -49.286498992200634 -13.700000000000003 -167.87092406749736 18.37833669266458
3.128817319869995 43.7 -13.700000000000003 -54.80000000000001 -13.700000000000003 -168.01768701076517 0.0
3.139303684234619 43.7 -13.700000000000003 -54.80000000000001 -13.700000000000003 -168.16135020256053 0.0
3.149960994720459 43.3 -13.299999999999997 -41.940123489932716 -13.299999999999997 -168.3030924320222 37.53292170022425
3.1602277755737305 43.3 -13.299999999999997 -53.19999999999999 -13.299999999999997 -168.4396406173707 0.0
3.1721057891845703 42.9 -12.899999999999999 -41.497300682456874 -12.899999999999999 -168.59286699295055 33.6756643918104
3.1826839447021484 42.9 -12.899999999999999 -51.599999999999994 -12.899999999999999 -168.72932519912732 0.0
3.19438099861145 42.7 -12.700000000000003 -45.67050325105493 -12.700000000000003 -168.87787778377546 17.098322496483604
3.2051942348480225 42.7 -12.700000000000003 -50.80000000000001 -12.700000000000003 -169.01520588397992 0.0
3.2172646522521973 42.0 -12.0 -30.60209295435235 -12.0 -169.16005089283001 57.99302348549217
3.2273426055908203 42.0 -12.0 -48.0 -12.0 -169.2809863328935 0.0
3.2377424240112305 42.0 -12.0 -48.0 -12.0 -169.4057841539384 0.0
3.2498960494995117 42.0 -12.0 -48.0 -12.0 -169.5516276597978 0.0
3.260286569595337 41.6 -11.600000000000001 -34.851011220486036 -11.600000000000001 -169.67215769290937 38.49662926504656
3.2715530395507812 41.6 -11.600000000000001 -46.400000000000006 -11.600000000000001 -169.80284874439252 0.0
3.2839584350585938 41.1 -11.100000000000001 -32.308487084870855 -11.100000000000001 -169.94054863452925 40.305043050430506
3.294006824493408 41.1 -11.100000000000001 -44.400000000000006 -11.100000000000001 -170.0520857572557 0.0
3.3046441078186035 41.2 -11.200000000000003 -47.620268961807476 -11.200000000000003 -170.1712233304979 -9.400896539358211
3.3159072399139404 41.2 -11.200000000000003 -44.80000000000001 -11.200000000000003 -170.29737040996568 0.0
3.3306527137756348 41.0 -11.0 -39.93095477549431 -11.0 -170.45957062244432 13.563484081685642
3.341259002685547 41.0 -11.0 -44.0 -11.0 -170.57623980045335 0.0
3.3520095348358154 41.0 -11.0 -44.0 -11.0 -170.6944956541063 0.0
3.3617117404937744 41.0 -11.0 -44.0 -11.0 -170.80121991634385 0.0
3.3741371631622314 40.8 -10.799999999999997 -38.371190421367636 -10.799999999999997 -170.93541448116318 16.0960319287745
3.3842263221740723 40.8 -10.799999999999997 -43.19999999999999 -10.799999999999997 -171.04437739849106 0.0
3.4002885818481445 40.1 -10.100000000000001 -27.325874424818252 -10.100000000000001 -171.2066062211992 43.58041858393917
3.4111757278442383 40.1 -10.100000000000001 -40.400000000000006 -10.100000000000001 -171.31656639575974 0.0
3.422717332839966 39.9 -9.899999999999999 -34.401416265570376 -9.899999999999999 -171.43082828521744 17.328612448098742
3.4338362216949463 39.9 -9.899999999999999 -39.599999999999994 -9.899999999999999 -171.54090528488175 0.0
3.446087598800659 40.1 -10.100000000000001 -45.29740863270159 -10.100000000000001 -171.66464419364945 -16.324695442338612
3.456545352935791 40.1 -10.100000000000001 -40.400000000000006 -10.100000000000001 -171.77026751041427 0.0
3.468032121658325 39.7 -9.700000000000003 -28.35319786629034 -9.700000000000003 -171.88168916702284 34.822673779032236
3.4787652492523193 39.7 -9.700000000000003 -38.80000000000001 -9.700000000000003 -171.9858005046846 0.0
3.4900074005126953 39.7 -9.700000000000003 -38.80000000000001 -9.700000000000003 -172.09484937191024 0.0
3.5013656616210938 39.7 -9.700000000000003 -38.80000000000001 -9.700000000000003 -172.2050245046617 0.0
3.512500286102295 39.3 -9.299999999999997 -26.422806732045572 -9.299999999999997 -172.30857651233688 35.923977559848055
3.524409294128418 39.3 -9.299999999999997 -37.19999999999999 -9.299999999999997 -172.41933028697983 0.0
3.5352602005004883 39.2 -9.200000000000003 -34.0352539989455 -9.200000000000003 -172.51915862560287 9.215820003515033
3.545543670654297 39.2 -9.200000000000003 -36.80000000000001 -9.200000000000003 -172.6137665510179 0.0
3.555903911590576 39.1 -9.100000000000001 -33.504314447461645 -9.100000000000001 -172.70804474353804 9.652285175127858
3.566519260406494 39.1 -9.100000000000001 -36.400000000000006 -9.100000000000001 -172.8046444177629 0.0
3.578223943710327 39.1 -9.100000000000001 -36.400000000000006 -9.100000000000001 -172.91115703582776 0.0
3.58939528465271 39.3 -9.299999999999997 -42.570886119173515 -9.299999999999997 -173.0150505065919 -17.902953730578414
3.5996932983398438 39.3 -9.299999999999997 -37.19999999999999 -9.299999999999997 -173.11082203388224 0.0
3.6103851795196533 39.1 -9.100000000000001 -30.788265358457032 -9.100000000000001 -173.2081181526185 18.70578213847658
3.621833562850952 39.1 -9.100000000000001 -36.400000000000006 -9.100000000000001 -173.31229844093332 0.0
3.632645606994629 38.9 -8.899999999999999 -30.050633090034978 -8.899999999999999 -173.40852563381205 18.49788969988339
3.64378023147583 38.9 -8.899999999999999 -35.599999999999994 -8.899999999999999 -173.50762379169473 0.0
3.6544296741485596 38.4 -8.399999999999999 -19.51475586003089 -8.399999999999999 -173.59707911014564 46.95081379989701
3.6644704341888428 38.4 -8.399999999999999 -33.599999999999994 -8.399999999999999 -173.68142149448403 0.0
3.690142869949341 38.4 -8.399999999999999 -33.599999999999994 -8.399999999999999 -173.89706995487222 0.0
3.703800916671753 38.0 -8.0 -23.213970603637918 -8.0 -174.00633432865152 29.28676465454027
3.7143683433532715 38.0 -8.0 -32.0 -8.0 -174.09087374210367 0.0
3.72932505607605 38.0 -8.0 -32.0 -8.0 -174.2105274438859 0.0
3.7393579483032227 38.0 -8.0 -32.0 -8.0 -174.29079058170328 0.0
3.7510576248168945 37.5 -7.5 -17.179132702967067 -7.5 -174.37853815555582 42.7362243234431
3.762317419052124 37.5 -7.5 -30.0 -7.5 -174.46298661232004 0.0
3.774163007736206 37.6 -7.600000000000001 -32.93258835842529 -7.600000000000001 -174.55301308631905 -8.441961194750945
3.7842421531677246 37.6 -7.600000000000001 -30.400000000000006 -7.600000000000001 -174.6296145915986 0.0
3.7962663173675537 37.6 -7.600000000000001 -30.400000000000006 -7.600000000000001 -174.7209982395173 0.0
3.8062632083892822 37.6 -7.600000000000001 -30.400000000000006 -7.600000000000001 -174.79697461128242 0.0
3.8176534175872803 37.2 -7.200000000000003 -18.26463599447403 -7.200000000000003 -174.878984117508 35.11788001841994
3.8278143405914307 37.2 -7.200000000000003 -28.80000000000001 -7.200000000000003 -174.95214276313789 0.0
3.838479518890381 37.2 -7.200000000000003 -28.80000000000001 -7.200000000000003 -175.02893204689033 0.0
3.8497934341430664 37.2 -7.200000000000003 -28.80000000000001 -7.200000000000003 -175.11039223670966 0.0
3.860365629196167 37.4 -7.399999999999999 -35.275264190514726 -7.399999999999999 -175.1886264801026 -18.917547301715764
3.870695114135742 37.4 -7.399999999999999 -29.599999999999994 -7.399999999999999 -175.26506466865547 0.0
3.882399559020996 36.5 -6.5 -2.931840625763911 -6.5 -175.34114356040962 76.89386458078697
3.8925814628601074 36.5 -6.5 -26.0 -6.5 -175.40732593536384 0.0
3.9045140743255615 37.0 -7.0 -40.570592819037344 -7.0 -175.49085421562202 -41.90197606345781
3.914501190185547 37.0 -7.0 -28.0 -7.0 -175.56076402664192 0.0
3.9248125553131104 36.5 -6.5 -11.452944576753222 -6.5 -175.62778789997108 48.49018474415593
3.9361610412597656 36.5 -6.5 -26.0 -6.5 -175.70155305862434 0.0
3.9474270343780518 36.5 -6.5 -26.0 -6.5 -175.7747820138932 0.0
3.957967758178711 36.4 -6.399999999999999 -22.753895636832418 -6.399999999999999 -175.84224264621741 9.487014543891927
3.9681379795074463 36.4 -6.399999999999999 -25.599999999999994 -6.399999999999999 -175.9073320627213 0.0
3.9796109199523926 36.6 -6.600000000000001 -31.62969680596837 -6.600000000000001 -175.98305346965796 -17.432322686561207
3.989741325378418 36.6 -6.600000000000001 -26.400000000000006 -6.600000000000001 -176.04991414546973 0.0
4.001529693603516 36.1 -6.100000000000001 -11.675592589596317 -6.100000000000001 -176.12182319164282 42.4146913680123
4.013369560241699 36.1 -6.100000000000001 -24.400000000000006 -6.100000000000001 -176.19404637813574 0.0
4.024603605270386 35.5 -5.5 -5.977276257985064 -5.5 -176.2558336257935 53.40907914004979
4.03461217880249 35.5 -5.5 -22.0 -5.5 -176.3108807802201 0.0
4.045319080352783 35.7 -5.700000000000003 -28.403862118108222 -5.700000000000003 -176.37191011905676 -18.67954039369404
4.056695461273193 35.7 -5.700000000000003 -22.80000000000001 -5.700000000000003 -176.4367554903031 0.0
4.0675342082977295 35.7 -5.700000000000003 -22.80000000000001 -5.700000000000003 -176.49853634834298 0.0
4.078103065490723 35.7 -5.700000000000003 -22.80000000000001 -5.700000000000003 -176.55877883434303 0.0
4.088778972625732 35.5 -5.5 -16.379868685515127 -5.5 -176.61749632358558 18.733771048282904
4.1001598834991455 35.5 -5.5 -22.0 -5.5 -176.68009133338936 0.0
4.110288858413696 34.8 -4.799999999999997 1.5326014499577276 -4.799999999999997 -176.7287104129792 69.10867149985906
4.12652587890625 34.8 -4.799999999999997 -19.19999999999999 -4.799999999999997 -176.80664811134346 0.0
4.137653112411499 34.8 -4.799999999999997 -19.19999999999999 -4.799999999999997 -176.86005883216865 0.0
4.147889614105225 34.8 -4.799999999999997 -19.19999999999999 -4.799999999999997 -176.90919404029853 0.0
4.1596598625183105 35.3 -5.299999999999997 -33.94399611084102 -5.299999999999997 -176.97157635688788 -42.47998703613677
4.169827938079834 35.3 -5.299999999999997 -21.19999999999999 -5.299999999999997 -177.02546715736395 0.0
4.18436861038208 35.3 -5.299999999999997 -21.19999999999999 -5.299999999999997 -177.10253272056585 0.0
4.198181390762329 35.3 -5.299999999999997 -21.19999999999999 -5.299999999999997 -177.17574045658117 0.0
4.215541362762451 34.9 -4.899999999999999 -12.68754645461664 -4.899999999999999 -177.26080431938178 23.041511817944517
4.230205535888672 34.7 -4.700000000000003 -14.708395278509514 -4.700000000000003 -177.32972593307503 13.63868240496833
4.245940923690796 34.7 -4.700000000000003 -18.80000000000001 -4.700000000000003 -177.403682255745 0.0
4.262093782424927 34.7 -4.700000000000003 -18.80000000000001 -4.700000000000003 -177.4796006917954 0.0
4.274313449859619 34.5 -4.5 -13.089882738571331 -4.5 -177.53458919525153 16.367057538095562
4.28433895111084 34.5 -4.5 -18.0 -4.5 -177.57970395088202 0.0
4.294252872467041 34.5 -4.5 -18.0 -4.5 -177.62431659698493 0.0
4.306032657623291 34.5 -4.5 -18.0 -4.5 -177.67732563018805 0.0
4.315992832183838 34.5 -4.5 -18.0 -4.5 -177.7221464157105 0.0
4.326728582382202 34.5 -4.5 -18.0 -4.5 -177.77045729160315 0.0
4.33671760559082 34.5 -4.5 -18.0 -4.5 -177.81540789604193 0.0
4.3473899364471436 34.0 -4.0 -1.9449634742979693 -4.0 -177.85809721946723 46.8501217523401
4.3583221435546875 34.0 -4.0 -16.0 -4.0 -177.9018260478974 0.0
4.368803262710571 34.0 -4.0 -16.0 -4.0 -177.94375052452094 0.0
4.379576206207275 34.0 -4.0 -16.0 -4.0 -177.98684229850775 0.0
4.390159845352173 34.0 -4.0 -16.0 -4.0 -178.02917685508734 0.0
4.399916410446167 34.0 -4.0 -16.0 -4.0 -178.06820311546332 0.0
4.416773557662964 34.0 -4.0 -16.0 -4.0 -178.1356317043305 0.0
4.4275736808776855 34.0 -4.0 -16.0 -4.0 -178.1788321971894 0.0
4.438390016555786 34.0 -4.0 -16.0 -4.0 -178.2220975399018 0.0
4.4482574462890625 34.0 -4.0 -16.0 -4.0 -178.2615672588349 0.0
4.461085081100464 34.0 -4.0 -16.0 -4.0 -178.3128777980805 0.0
4.470682382583618 34.0 -4.0 -16.0 -4.0 -178.35126700401312 0.0
4.482348680496216 33.8 -3.799999999999997 -10.056980299190629 -3.799999999999997 -178.395598936081 17.143399002697866
4.492580413818359 33.8 -3.799999999999997 -15.199999999999989 -3.799999999999997 -178.43447952270515 0.0
4.502827167510986 33.4 -3.3999999999999986 -1.8889738936200278 -3.3999999999999986 -178.4693184852601 39.03675368793322
4.514707565307617 33.4 -3.3999999999999986 -13.599999999999994 -3.3999999999999986 -178.50971183776863 0.0
4.530567407608032 33.4 -3.3999999999999986 -13.599999999999994 -3.3999999999999986 -178.56363530159004 0.0
4.5415613651275635 33.4 -3.3999999999999986 -13.599999999999994 -3.3999999999999986 -178.60101475715643 0.0
4.552536725997925 33.8 -3.799999999999997 -26.13358126602072 -3.799999999999997 -178.64272112846382 -36.44527088673576
4.564347982406616 33.8 -3.799999999999997 -15.199999999999989 -3.799999999999997 -178.68760390281685 0.0
4.575116395950317 33.6 -3.6000000000000014 -8.828148607359644 -3.6000000000000014 -178.72637019157418 18.572837975467877
4.585208177566528 33.6 -3.6000000000000014 -14.400000000000006 -3.6000000000000014 -178.76270060539252 0.0
4.595276355743408 33.6 -3.6000000000000014 -14.400000000000006 -3.6000000000000014 -178.7989460468293 0.0
4.606100797653198 33.6 -3.6000000000000014 -14.400000000000006 -3.6000000000000014 -178.83791403770454 0.0
4.617337942123413 33.6 -3.6000000000000014 -14.400000000000006 -3.6000000000000014 -178.87836775779732 0.0
4.627938985824585 33.6 -3.6000000000000014 -14.400000000000006 -3.6000000000000014 -178.91653151512153 0.0
4.638173341751099 33.6 -3.6000000000000014 -14.400000000000006 -3.6000000000000014 -178.953375196457 0.0
4.6487884521484375 33.4 -3.3999999999999986 -7.947680075466526 -3.3999999999999986 -178.98946657180795 18.84106641511156
4.660385608673096 33.4 -3.3999999999999986 -13.599999999999994 -3.3999999999999986 -179.02889690399178 0.0
4.674633741378784 33.0 -3.0 -3.57784374424795 -3.0 -179.07164130210884 28.073854185840165
4.685359716415405 33.0 -3.0 -12.0 -3.0 -179.1038192272187 0.0
4.696039438247681 33.0 -3.0 -12.0 -3.0 -179.13585839271553 0.0
4.705925703048706 33.0 -3.0 -12.0 -3.0 -179.1655171871186 0.0
4.718079566955566 33.4 -3.3999999999999986 -23.4734032995272 -3.3999999999999986 -179.20684032440192 -32.91134433175734
4.729701995849609 33.4 -3.3999999999999986 -13.599999999999994 -3.3999999999999986 -179.24635658264168 0.0
4.741201639175415 33.4 -3.3999999999999986 -13.599999999999994 -3.3999999999999986 -179.28545536994943 0.0
4.751311302185059 33.4 -3.3999999999999986 -13.599999999999994 -3.3999999999999986 -179.31982822418223 0.0
4.7647786140441895 32.9 -2.8999999999999986 -0.46191976773005194 -2.8999999999999986 -179.3588834285737 37.12693410756648
4.7762651443481445 32.9 -2.8999999999999986 -11.599999999999994 -2.8999999999999986 -179.3921943664552 0.0
4.787955045700073 32.9 -2.8999999999999986 -11.599999999999994 -2.8999999999999986 -179.42609508037577 0.0
4.798289775848389 32.9 -2.8999999999999986 -11.599999999999994 -2.8999999999999986 -179.45606579780588 0.0
4.80856990814209 32.9 -2.8999999999999986 -11.599999999999994 -2.8999999999999986 -179.48587818145762 0.0
4.819902420043945 32.9 -2.8999999999999986 -11.599999999999994 -2.8999999999999986 -179.518742465973 0.0
4.8303186893463135 32.9 -2.8999999999999986 -11.599999999999994 -2.8999999999999986 -179.54894964694986 0.0
4.841344118118286 32.9 -2.8999999999999986 -11.599999999999994 -2.8999999999999986 -179.5809233903886 0.0
4.852092742919922 33.0 -3.0 -14.791054721291879 -3.0 -179.6131692647935 -9.303515737639596
4.86383318901062 33.0 -3.0 -12.0 -3.0 -179.6483906030656 0.0
4.874265193939209 32.6 -2.6000000000000014 1.103062050051376 -2.6000000000000014 -179.67551381587992 38.34354016683794
4.8843419551849365 32.6 -2.6000000000000014 -10.400000000000006 -2.6000000000000014 -179.70171339511882 0.0
4.894564867019653 32.6 -2.6000000000000014 -10.400000000000006 -2.6000000000000014 -179.72829296588907 0.0
4.905338287353516 32.6 -2.6000000000000014 -10.400000000000006 -2.6000000000000014 -179.75630385875712 0.0
4.916593313217163 32.6 -2.6000000000000014 -10.400000000000006 -2.6000000000000014 -179.78556692600262 0.0
4.931587219238281 32.6 -2.6000000000000014 -10.400000000000006 -2.6000000000000014 -179.82455108165752 0.0
4.94331955909729 32.6 -2.6000000000000014 -10.400000000000006 -2.6000000000000014 -179.85505516529093 0.0
4.9538116455078125 32.6 -2.6000000000000014 -10.400000000000006 -2.6000000000000014 -179.8823345899583 0.0
4.964800834655762 32.6 -2.6000000000000014 -10.400000000000006 -2.6000000000000014 -179.91090648174298 0.0
4.976131916046143 32.6 -2.6000000000000014 -10.400000000000006 -2.6000000000000014 -179.94036729335798 0.0
4.986117362976074 32.6 -2.6000000000000014 -10.400000000000006 -2.6000000000000014 -179.9663294553758 0.0
4.997099161148071 33.0 -3.0 -22.92717222813222 -3.0 -179.9992748498918 -36.4239074271074
5.0072126388549805 33.0 -3.0 -12.0 -3.0 -180.02961528301253 0.0
5.018604040145874 32.8 -2.799999999999997 -5.932869252181836 -2.799999999999997 -180.06151120662705 17.55710249272718
5.028757095336914 32.8 -2.799999999999997 -11.199999999999989 -2.799999999999997 -180.08993976116196 0.0
5.039922714233398 32.8 -2.799999999999997 -11.199999999999989 -2.799999999999997 -180.12120349407212 0.0
5.0502283573150635 32.8 -2.799999999999997 -11.199999999999989 -2.799999999999997 -180.15005929470078 0.0
5.061272621154785 32.8 -2.799999999999997 -11.199999999999989 -2.799999999999997 -180.180983233452 0.0
5.073351860046387 32.8 -2.799999999999997 -11.199999999999989 -2.799999999999997 -180.2148051023485 0.0
5.084383964538574 32.8 -2.799999999999997 -11.199999999999989 -2.799999999999997 -180.24569499492662 0.0
5.094371795654297 32.8 -2.799999999999997 -11.199999999999989 -2.799999999999997 -180.27366092205065 0.0
5.10461688041687 32.8 -2.799999999999997 -11.199999999999989 -2.799999999999997 -180.30234715938585 0.0
5.114563226699829 32.8 -2.799999999999997 -11.199999999999989 -2.799999999999997 -180.33019692897813 0.0
5.12554407119751 32.6 -2.6000000000000014 -4.935939379464699 -2.6000000000000014 -180.3587471246721 18.213535401784355
5.136404752731323 32.6 -2.6000000000000014 -10.400000000000006 -2.6000000000000014 -180.38698489666 0.0
5.147377967834473 32.6 -2.6000000000000014 -10.400000000000006 -2.6000000000000014 -180.4155152559282 0.0
5.174280405044556 32.6 -2.6000000000000014 -10.400000000000006 -2.6000000000000014 -180.48546159267443 0.0
5.1842405796051025 32.6 -2.6000000000000014 -10.400000000000006 -2.6000000000000014 -180.51135804653185 0.0
5.194228887557983 32.6 -2.6000000000000014 -10.400000000000006 -2.6000000000000014 -180.53732764720934 0.0
5.204712867736816 32.6 -2.6000000000000014 -10.400000000000006 -2.6000000000000014 -180.5645859956743 0.0
5.214677572250366 32.6 -2.6000000000000014 -10.400000000000006 -2.6000000000000014 -180.59049422740952 0.0
5.226302146911621 32.6 -2.6000000000000014 -10.400000000000006 -2.6000000000000014 -180.6207181215288 0.0
5.236298561096191 32.6 -2.6000000000000014 -10.400000000000006 -2.6000000000000014 -180.64670879840867 0.0
5.247203350067139 32.6 -2.6000000000000014 -10.400000000000006 -2.6000000000000014 -180.67506124973312 0.0
5.2578606605529785 32.6 -2.6000000000000014 -10.400000000000006 -2.6000000000000014 -180.7027702569963 0.0
5.269649267196655 32.6 -2.6000000000000014 -10.400000000000006 -2.6000000000000014 -180.73342063426986 0.0
5.2803003787994385 32.6 -2.6000000000000014 -10.400000000000006 -2.6000000000000014 -180.7611135244371 0.0
5.291314125061035 32.6 -2.6000000000000014 -10.400000000000006 -2.6000000000000014 -180.78974926471724 0.0
5.302643060684204 32.6 -2.6000000000000014 -10.400000000000006 -2.6000000000000014 -180.8192044973375 0.0
5.314167737960815 32.6 -2.6000000000000014 -10.400000000000006 -2.6000000000000014 -180.84916865825667 0.0
5.329321622848511 32.6 -2.6000000000000014 -10.400000000000006 -2.6000000000000014 -180.88856875896468 0.0
5.340219974517822 32.6 -2.6000000000000014 -10.400000000000006 -2.6000000000000014 -180.9169044733049 0.0
5.351061820983887 32.6 -2.6000000000000014 -10.400000000000006 -2.6000000000000014 -180.94509327411666 0.0
5.362134695053101 32.1 -2.1000000000000014 5.146618435501578 -2.1000000000000014 -180.968346309662 45.15539478500528
5.374706983566284 32.1 -2.1000000000000014 -8.400000000000006 -2.1000000000000014 -180.9947481155397 0.0
5.385634660720825 32.1 -2.1000000000000014 -8.400000000000006 -2.1000000000000014 -181.01769623756422 0.0
5.395897150039673 32.1 -2.1000000000000014 -8.400000000000006 -2.1000000000000014 -181.0392474651338 0.0
5.406565427780151 32.1 -2.1000000000000014 -8.400000000000006 -2.1000000000000014 -181.0616508483888 0.0
5.416614294052124 32.1 -2.1000000000000014 -8.400000000000006 -2.1000000000000014 -181.08275346755994 0.0
5.433966875076294 32.1 -2.1000000000000014 -8.400000000000006 -2.1000000000000014 -181.1191938877107 0.0
5.444763422012329 32.1 -2.1000000000000014 -8.400000000000006 -2.1000000000000014 -181.14186663627638 0.0
5.456209182739258 32.1 -2.1000000000000014 -8.400000000000006 -2.1000000000000014 -181.16590273380294 0.0
5.466271638870239 32.1 -2.1000000000000014 -8.400000000000006 -2.1000000000000014 -181.187033891678 0.0
5.479175329208374 32.1 -2.1000000000000014 -8.400000000000006 -2.1000000000000014 -181.2141316413881 0.0
5.489153146743774 32.1 -2.1000000000000014 -8.400000000000006 -2.1000000000000014 -181.23508505821243 0.0
5.499951362609863 32.1 -2.1000000000000014 -8.400000000000006 -2.1000000000000014 -181.25776131153123 0.0
5.50995397567749 32.1 -2.1000000000000014 -8.400000000000006 -2.1000000000000014 -181.27876679897324 0.0
5.520260334014893 32.1 -2.1000000000000014 -8.400000000000006 -2.1000000000000014 -181.30041015148177 0.0
5.531388759613037 32.1 -2.1000000000000014 -8.400000000000006 -2.1000000000000014 -181.32377984523788 0.0
5.54412841796875 32.1 -2.1000000000000014 -8.400000000000006 -2.1000000000000014 -181.35053312778487 0.0
5.55403208732605 32.1 -2.1000000000000014 -8.400000000000006 -2.1000000000000014 -181.3713308334352 0.0
5.564511775970459 32.1 -2.1000000000000014 -8.400000000000006 -2.1000000000000014 -181.39333817958845 0.0
5.577083587646484 32.1 -2.1000000000000014 -8.400000000000006 -2.1000000000000014 -181.4197389841081 0.0
5.587179660797119 32.1 -2.1000000000000014 -8.400000000000006 -2.1000000000000014 -181.44094073772445 0.0
5.597777843475342 32.1 -2.1000000000000014 -8.400000000000006 -2.1000000000000014 -181.46319692134873 0.0
5.607841730117798 32.1 -2.1000000000000014 -8.400000000000006 -2.1000000000000014 -181.4843310832979 0.0
5.618619918823242 32.1 -2.1000000000000014 -8.400000000000006 -2.1000000000000014 -181.50696527957933 0.0
5.629928112030029 32.1 -2.1000000000000014 -8.400000000000006 -2.1000000000000014 -181.5307124853136 0.0
5.640679359436035 32.1 -2.1000000000000014 -8.400000000000006 -2.1000000000000014 -181.5532901048662 0.0
5.650624752044678 32.1 -2.1000000000000014 -8.400000000000006 -2.1000000000000014 -181.57417542934434 0.0
5.661719083786011 32.1 -2.1000000000000014 -8.400000000000006 -2.1000000000000014 -181.59747352600112 0.0
5.672205686569214 32.1 -2.1000000000000014 -8.400000000000006 -2.1000000000000014 -181.61949539184585 0.0
5.685139417648315 32.1 -2.1000000000000014 -8.400000000000006 -2.1000000000000014 -181.64665622711195 0.0
5.695095777511597 32.1 -2.1000000000000014 -8.400000000000006 -2.1000000000000014 -181.66756458282484 0.0
5.7055158615112305 32.1 -2.1000000000000014 -8.400000000000006 -2.1000000000000014 -181.68944675922407 0.0
5.715578079223633 32.1 -2.1000000000000014 -8.400000000000006 -2.1000000000000014 -181.7105774164201 0.0
5.731100797653198 32.1 -2.1000000000000014 -8.400000000000006 -2.1000000000000014 -181.7431751251222 0.0
5.741424560546875 32.1 -2.1000000000000014 -8.400000000000006 -2.1000000000000014 -181.76485502719893 0.0
5.752383708953857 32.1 -2.1000000000000014 -8.400000000000006 -2.1000000000000014 -181.7878692388536 0.0
5.764347314834595 32.1 -2.1000000000000014 -8.400000000000006 -2.1000000000000014 -181.81299281120315 0.0
5.774646520614624 32.1 -2.1000000000000014 -8.400000000000006 -2.1000000000000014 -181.8346211433412 0.0
5.785930156707764 32.1 -2.1000000000000014 -8.400000000000006 -2.1000000000000014 -181.8583167791368 0.0
5.796659708023071 32.6 -2.6000000000000014 -24.380081327911476 -2.6000000000000014 -181.8862136125566 -46.600271093038245
5.8068296909332275 32.6 -2.6000000000000014 -10.400000000000006 -2.6000000000000014 -181.912655568123 0.0
5.8171727657318115 32.6 -2.6000000000000014 -10.400000000000006 -2.6000000000000014 -181.93954756259933 0.0
5.828406572341919 32.6 -2.6000000000000014 -10.400000000000006 -2.6000000000000014 -181.9687554597856 0.0
5.83840012550354 32.6 -2.6000000000000014 -10.400000000000006 -2.6000000000000014 -181.99473869800582 0.0
5.849632024765015 32.6 -2.6000000000000014 -10.400000000000006 -2.6000000000000014 -182.02394163608565 0.0
5.859889268875122 32.6 -2.6000000000000014 -10.400000000000006 -2.6000000000000014 -182.05061047077194 0.0
5.871342897415161 32.6 -2.6000000000000014 -10.400000000000006 -2.6000000000000014 -182.08038990497604 0.0
5.88392186164856 32.6 -2.6000000000000014 -10.400000000000006 -2.6000000000000014 -182.11309521198288 0.0
5.894479513168335 32.6 -2.6000000000000014 -10.400000000000006 -2.6000000000000014 -182.1405451059343 0.0
5.904446125030518 32.6 -2.6000000000000014 -10.400000000000006 -2.6000000000000014 -182.16645829677597 0.0
5.915217399597168 32.6 -2.6000000000000014 -10.400000000000006 -2.6000000000000014 -182.19446361064925 0.0
5.925466060638428 32.6 -2.6000000000000014 -10.400000000000006 -2.6000000000000014 -182.22111012935653 0.0
5.9376513957977295 32.6 -2.6000000000000014 -10.400000000000006 -2.6000000000000014 -182.2527920007707 0.0
5.947721719741821 32.6 -2.6000000000000014 -10.400000000000006 -2.6000000000000014 -182.27897484302534 0.0
5.958368301391602 32.1 -2.1000000000000014 5.689029224051053 -2.1000000000000014 -182.30133266448988 46.96343074683686
5.969259023666382 32.1 -2.1000000000000014 -8.400000000000006 -2.1000000000000014 -182.3242031812669 0.0
5.981939315795898 32.1 -2.1000000000000014 -8.400000000000006 -2.1000000000000014 -182.3508317947389 0.0
5.992018938064575 32.1 -2.1000000000000014 -8.400000000000006 -2.1000000000000014 -182.37199900150313 0.0
6.002048015594482 32.1 -2.1000000000000014 -8.400000000000006 -2.1000000000000014 -182.39306006431593 0.0
6.012592554092407 32.1 -2.1000000000000014 -8.400000000000006 -2.1000000000000014 -182.41520359516159 0.0
6.025609254837036 32.1 -2.1000000000000014 -8.400000000000006 -2.1000000000000014 -182.4425386667253 0.0
6.037682771682739 32.1 -2.1000000000000014 -8.400000000000006 -2.1000000000000014 -182.4678930521013 0.0
6.048669338226318 32.1 -2.1000000000000014 -8.400000000000006 -2.1000000000000014 -182.4909648418428 0.0
6.059978246688843 32.1 -2.1000000000000014 -8.400000000000006 -2.1000000000000014 -182.5147135496141 0.0
6.070499897003174 32.1 -2.1000000000000014 -8.400000000000006 -2.1000000000000014 -182.5368090152742 0.0
6.082110166549683 32.1 -2.1000000000000014 -8.400000000000006 -2.1000000000000014 -182.56119058132188 0.0
6.092170238494873 32.1 -2.1000000000000014 -8.400000000000006 -2.1000000000000014 -182.58231673240678 0.0
6.103307723999023 32.1 -2.1000000000000014 -8.400000000000006 -2.1000000000000014 -182.6057054519655 0.0
6.113311767578125 32.1 -2.1000000000000014 -8.400000000000006 -2.1000000000000014 -182.6267139434816 0.0
6.124128103256226 32.1 -2.1000000000000014 -8.400000000000006 -2.1000000000000014 -182.64942824840563 0.0
6.139133453369141 32.1 -2.1000000000000014 -8.400000000000006 -2.1000000000000014 -182.68093948364276 0.0
6.150027513504028 32.1 -2.1000000000000014 -8.400000000000006 -2.1000000000000014 -182.703817009926 0.0
6.160283327102661 32.1 -2.1000000000000014 -8.400000000000006 -2.1000000000000014 -182.72535421848315 0.0
6.171828508377075 32.1 -2.1000000000000014 -8.400000000000006 -2.1000000000000014 -182.7495990991594 0.0
6.184235095977783 32.1 -2.1000000000000014 -8.400000000000006 -2.1000000000000014 -182.7756529331209 0.0
6.195340156555176 32.1 -2.1000000000000014 -8.400000000000006 -2.1000000000000014 -182.79897356033342 0.0
6.20542049407959 32.1 -2.1000000000000014 -8.400000000000006 -2.1000000000000014 -182.8201422691347 0.0
6.21654200553894 32.1 -2.1000000000000014 -8.400000000000006 -2.1000000000000014 -182.84349744319934 0.0
6.226633310317993 32.1 -2.1000000000000014 -8.400000000000006 -2.1000000000000014 -182.86468918323536 0.0
6.238086700439453 32.1 -2.1000000000000014 -8.400000000000006 -2.1000000000000014 -182.88874130249042 0.0
6.248100280761719 32.1 -2.1000000000000014 -8.400000000000006 -2.1000000000000014 -182.90976982116717 0.0
6.258749723434448 32.1 -2.1000000000000014 -8.400000000000006 -2.1000000000000014 -182.93213365077992 0.0
6.270799398422241 32.1 -2.1000000000000014 -8.400000000000006 -2.1000000000000014 -182.95743796825428 0.0
6.288014650344849 32.1 -2.1000000000000014 -8.400000000000006 -2.1000000000000014 -182.99358999729176 0.0
6.301703453063965 32.1 -2.1000000000000014 -8.400000000000006 -2.1000000000000014 -183.0223364830019 0.0
6.317334890365601 32.1 -2.1000000000000014 -8.400000000000006 -2.1000000000000014 -183.05516250133533 0.0
6.331497669219971 32.1 -2.1000000000000014 -8.400000000000006 -2.1000000000000014 -183.0849043369295 0.0
6.34331202507019 32.1 -2.1000000000000014 -8.400000000000006 -2.1000000000000014 -183.10971448421495 0.0
6.354278802871704 32.1 -2.1000000000000014 -8.400000000000006 -2.1000000000000014 -183.13274471759811 0.0
6.36415433883667 32.1 -2.1000000000000014 -8.400000000000006 -2.1000000000000014 -183.15348334312455 0.0
6.375108003616333 32.1 -2.1000000000000014 -8.400000000000006 -2.1000000000000014 -183.17648603916183 0.0
6.386052131652832 32.1 -2.1000000000000014 -8.400000000000006 -2.1000000000000014 -183.19946870803847 0.0
6.397098779678345 32.1 -2.1000000000000014 -8.400000000000006 -2.1000000000000014 -183.22266666889203 0.0
6.407182455062866 32.1 -2.1000000000000014 -8.400000000000006 -2.1000000000000014 -183.24384238719952 0.0
6.417263746261597 32.1 -2.1000000000000014 -8.400000000000006 -2.1000000000000014 -183.26501309871685 0.0
6.42777943611145 32.1 -2.1000000000000014 -8.400000000000006 -2.1000000000000014 -183.28709604740155 0.0
6.444333791732788 32.1 -2.1000000000000014 -8.400000000000006 -2.1000000000000014 -183.32186019420635 0.0
6.455279111862183 32.1 -2.1000000000000014 -8.400000000000006 -2.1000000000000014 -183.34484536647807 0.0
6.465572834014893 32.1 -2.1000000000000014 -8.400000000000006 -2.1000000000000014 -183.36646218299876 0.0
6.477159261703491 32.1 -2.1000000000000014 -8.400000000000006 -2.1000000000000014 -183.39079368114483 0.0
6.48826003074646 32.2 -2.200000000000003 -11.502515463917575 -2.200000000000003 -183.41521537303936 -9.008384879725213
6.499799013137817 32.2 -2.200000000000003 -8.800000000000011 -2.200000000000003 -183.44060113430035 0.0
6.510546445846558 32.2 -2.200000000000003 -8.800000000000011 -2.200000000000003 -183.46424548625959 0.0
6.520796775817871 32.2 -2.200000000000003 -8.800000000000011 -2.200000000000003 -183.48679621219648 0.0
6.535983324050903 32.2 -2.200000000000003 -8.800000000000011 -2.200000000000003 -183.52020661830915 0.0
6.547388792037964 32.2 -2.200000000000003 -8.800000000000011 -2.200000000000003 -183.54529864788068 0.0
6.558582305908203 32.2 -2.200000000000003 -8.800000000000011 -2.200000000000003 -183.5699243783952 0.0
6.569329023361206 32.2 -2.200000000000003 -8.800000000000011 -2.200000000000003 -183.5935671567918 0.0
6.5811309814453125 32.6 -2.6000000000000014 -20.567804286782057 -2.6000000000000014 -183.6242522478105 -33.892680955940165
6.592308521270752 32.6 -2.6000000000000014 -10.400000000000006 -2.6000000000000014 -183.65331385135664 0.0
6.603348970413208 32.2 -2.200000000000003 2.0691230267561647 -2.200000000000003 -183.67760283947004 36.23041008918725
6.613843202590942 32.2 -2.200000000000003 -8.800000000000011 -2.200000000000003 -183.70069015026107 0.0
6.623811960220337 32.2 -2.200000000000003 -8.800000000000011 -2.200000000000003 -183.72262141704573 0.0
6.634153127670288 32.2 -2.200000000000003 -8.800000000000011 -2.200000000000003 -183.7453719854356 0.0
6.645304203033447 32.2 -2.200000000000003 -8.800000000000011 -2.200000000000003 -183.76990435123457 0.0
6.656116485595703 32.2 -2.200000000000003 -8.800000000000011 -2.200000000000003 -183.79369137287154 0.0
6.666132926940918 32.2 -2.200000000000003 -8.800000000000011 -2.200000000000003 -183.815727543831 0.0
6.68624472618103 32.2 -2.200000000000003 -8.800000000000011 -2.200000000000003 -183.85997350215925 0.0
6.6983702182769775 32.6 -2.6000000000000014 -20.296505564512927 -2.6000000000000014 -183.8914997816087 -32.98835188170974
6.708795547485352 32.6 -2.6000000000000014 -10.400000000000006 -2.6000000000000014 -183.91860563755048 0.0
6.720003604888916 32.6 -2.6000000000000014 -10.400000000000006 -2.6000000000000014 -183.94774658679975 0.0
6.731337785720825 32.6 -2.6000000000000014 -10.400000000000006 -2.6000000000000014 -183.9772154569627 0.0
6.742656469345093 32.6 -2.6000000000000014 -10.400000000000006 -2.6000000000000014 -184.0066440343858 0.0
6.752686023712158 32.6 -2.6000000000000014 -10.400000000000006 -2.6000000000000014 -184.03272087574018 0.0
6.76465106010437 32.1 -2.1000000000000014 4.136526850652579 -2.1000000000000014 -184.05784745216383 41.78842283550862
6.775924444198608 32.1 -2.1000000000000014 -8.400000000000006 -2.1000000000000014 -184.08152155876172 0.0
6.78751015663147 32.1 -2.1000000000000014 -8.400000000000006 -2.1000000000000014 -184.10585155487072 0.0
6.798776388168335 32.1 -2.1000000000000014 -8.400000000000006 -2.1000000000000014 -184.12951064109814 0.0
6.808775186538696 32.1 -2.1000000000000014 -8.400000000000006 -2.1000000000000014 -184.15050811767588 0.0
6.82008695602417 32.1 -2.1000000000000014 -8.400000000000006 -2.1000000000000014 -184.17426283359538 0.0
6.830043792724609 32.1 -2.1000000000000014 -8.400000000000006 -2.1000000000000014 -184.1951721906663 0.0
6.840664863586426 32.1 -2.1000000000000014 -8.400000000000006 -2.1000000000000014 -184.21747643947612 0.0
6.851702928543091 32.1 -2.1000000000000014 -8.400000000000006 -2.1000000000000014 -184.24065637588512 0.0
6.862472057342529 32.1 -2.1000000000000014 -8.400000000000006 -2.1000000000000014 -184.26327154636394 0.0
6.873453378677368 32.1 -2.1000000000000014 -8.400000000000006 -2.1000000000000014 -184.2863323211671 0.0
6.884203672409058 32.1 -2.1000000000000014 -8.400000000000006 -2.1000000000000014 -184.30890793800364 0.0
6.8954198360443115 32.1 -2.1000000000000014 -8.400000000000006 -2.1000000000000014 -184.33246188163767 0.0
6.906226634979248 32.1 -2.1000000000000014 -8.400000000000006 -2.1000000000000014 -184.35515615940105 0.0
6.918282747268677 32.1 -2.1000000000000014 -8.400000000000006 -2.1000000000000014 -184.38047399520886 0.0
6.928718328475952 32.1 -2.1000000000000014 -8.400000000000006 -2.1000000000000014 -184.40238871574414 0.0
6.94342303276062 32.1 -2.1000000000000014 -8.400000000000006 -2.1000000000000014 -184.43326859474195 0.0
6.956078767776489 32.1 -2.1000000000000014 -8.400000000000006 -2.1000000000000014 -184.45984563827528 0.0
6.966292142868042 32.1 -2.1000000000000014 -8.400000000000006 -2.1000000000000014 -184.48129372596753 0.0
6.977707862854004 32.1 -2.1000000000000014 -8.400000000000006 -2.1000000000000014 -184.50526673793806 0.0
6.987711191177368 32.1 -2.1000000000000014 -8.400000000000006 -2.1000000000000014 -184.52627372741713 0.0
6.999902725219727 32.1 -2.1000000000000014 -8.400000000000006 -2.1000000000000014 -184.5518759489061 0.0
7.009910345077515 32.1 -2.1000000000000014 -8.400000000000006 -2.1000000000000014 -184.57289195060744 0.0
7.020719766616821 32.1 -2.1000000000000014 -8.400000000000006 -2.1000000000000014 -184.59559173583997 0.0
7.030786752700806 32.1 -2.1000000000000014 -8.400000000000006 -2.1000000000000014 -184.61673240661634 0.0
7.041500806808472 32.1 -2.1000000000000014 -8.400000000000006 -2.1000000000000014 -184.63923192024242 0.0
7.052546262741089 32.1 -2.1000000000000014 -8.400000000000006 -2.1000000000000014 -184.6624273777009 0.0
7.062776327133179 32.1 -2.1000000000000014 -8.400000000000006 -2.1000000000000014 -184.68391051292429 0.0
7.0746259689331055 32.1 -2.1000000000000014 -8.400000000000006 -2.1000000000000014 -184.70879476070414 0.0
7.084547758102417 32.1 -2.1000000000000014 -8.400000000000006 -2.1000000000000014 -184.7296305179597 0.0
7.095614671707153 32.1 -2.1000000000000014 -8.400000000000006 -2.1000000000000014 -184.75287103652963 0.0
7.1071813106536865 32.1 -2.1000000000000014 -8.400000000000006 -2.1000000000000014 -184.77716097831734 0.0
7.118054389953613 32.1 -2.1000000000000014 -8.400000000000006 -2.1000000000000014 -184.7999944448472 0.0
7.128082275390625 32.1 -2.1000000000000014 -8.400000000000006 -2.1000000000000014 -184.8210530042649 0.0
7.138404130935669 32.2 -2.200000000000003 -11.706454161180844 -2.200000000000003 -184.843761086464 -9.688180537269442
7.149869680404663 32.2 -2.200000000000003 -8.800000000000011 -2.200000000000003 -184.8689852952958 0.0
7.1605000495910645 32.2 -2.200000000000003 -8.800000000000011 -2.200000000000003 -184.89237210750588 0.0
7.170657634735107 32.2 -2.200000000000003 -8.800000000000011 -2.200000000000003 -184.91471879482276 0.0
7.181843280792236 32.2 -2.200000000000003 -8.800000000000011 -2.200000000000003 -184.93932721614846 0.0
7.191895246505737 32.2 -2.200000000000003 -8.800000000000011 -2.200000000000003 -184.96144154071817 0.0
7.204547166824341 32.2 -2.200000000000003 -8.800000000000011 -2.200000000000003 -184.9892757654191 0.0
7.214479923248291 32.2 -2.200000000000003 -8.800000000000011 -2.200000000000003 -185.0111278295518 0.0
7.224452972412109 32.2 -2.200000000000003 -8.800000000000011 -2.200000000000003 -185.0330685377122 0.0
7.2382683753967285 32.2 -2.200000000000003 -8.800000000000011 -2.200000000000003 -185.06346242427838 0.0
7.250295400619507 32.2 -2.200000000000003 -8.800000000000011 -2.200000000000003 -185.0899218797685 0.0
7.260576248168945 32.2 -2.200000000000003 -8.800000000000011 -2.200000000000003 -185.11253974437727 0.0
7.270643949508667 32.2 -2.200000000000003 -8.800000000000011 -2.200000000000003 -185.13468868732465 0.0
7.282246828079224 32.2 -2.200000000000003 -8.800000000000011 -2.200000000000003 -185.1602150201799 0.0
7.292242765426636 32.2 -2.200000000000003 -8.800000000000011 -2.200000000000003 -185.1822060823442 0.0
7.306410074234009 32.2 -2.200000000000003 -8.800000000000011 -2.200000000000003 -185.21337416172042 0.0
7.316514492034912 32.2 -2.200000000000003 -8.800000000000011 -2.200000000000003 -185.23560388088242 0.0
7.327483177185059 32.2 -2.200000000000003 -8.800000000000011 -2.200000000000003 -185.25973498821276 0.0
7.34157133102417 32.2 -2.200000000000003 -8.800000000000011 -2.200000000000003 -185.2907289266588 0.0
7.352652072906494 32.2 -2.200000000000003 -8.800000000000011 -2.200000000000003 -185.31510655879993 0.0
7.36341667175293 32.2 -2.200000000000003 -8.800000000000011 -2.200000000000003 -185.33878867626208 0.0
7.3747358322143555 32.2 -2.200000000000003 -8.800000000000011 -2.200000000000003 -185.36369082927723 0.0
7.384695529937744 32.2 -2.200000000000003 -8.800000000000011 -2.200000000000003 -185.38560216426868 0.0
7.395453929901123 32.2 -2.200000000000003 -8.800000000000011 -2.200000000000003 -185.4092706441881 0.0
7.407177209854126 32.2 -2.200000000000003 -8.800000000000011 -2.200000000000003 -185.43506186008472 0.0
7.417994499206543 32.2 -2.200000000000003 -8.800000000000011 -2.200000000000003 -185.45885989666004 0.0
7.428009510040283 32.2 -2.200000000000003 -8.800000000000011 -2.200000000000003 -185.48089292049428 0.0
7.438278436660767 32.2 -2.200000000000003 -8.800000000000011 -2.200000000000003 -185.50348455905936 0.0
7.44828200340271 32.2 -2.200000000000003 -8.800000000000011 -2.200000000000003 -185.52549240589164 0.0
7.466078996658325 32.2 -2.200000000000003 -8.800000000000011 -2.200000000000003 -185.564645791054 0.0
7.476687431335449 32.2 -2.200000000000003 -8.800000000000011 -2.200000000000003 -185.58798434734368 0.0
7.4875617027282715 32.2 -2.200000000000003 -8.800000000000011 -2.200000000000003 -185.6119077444079 0.0
7.497575759887695 32.2 -2.200000000000003 -8.800000000000011 -2.200000000000003 -185.6339386701586 0.0
7.510806322097778 32.2 -2.200000000000003 -8.800000000000011 -2.200000000000003 -185.6630459070208 0.0
7.5207977294921875 32.2 -2.200000000000003 -8.800000000000011 -2.200000000000003 -185.6850270032885 0.0
7.531663179397583 32.2 -2.200000000000003 -8.800000000000011 -2.200000000000003 -185.70893099308037 0.0
7.542017936706543 32.2 -2.200000000000003 -8.800000000000011 -2.200000000000003 -185.7317114591601 0.0
7.552652835845947 32.2 -2.200000000000003 -8.800000000000011 -2.200000000000003 -185.7551082372668 0.0
7.56414794921875 32.2 -2.200000000000003 -8.800000000000011 -2.200000000000003 -185.78039748668695 0.0
7.577127695083618 32.2 -2.200000000000003 -8.800000000000011 -2.200000000000003 -185.80895292758967 0.0
7.587162256240845 32.2 -2.200000000000003 -8.800000000000011 -2.200000000000003 -185.83102896213558 0.0
7.597935199737549 32.0 -2.0 -2.430491534801294 -2.0 -185.85257484912898 18.565028217329022
7.609419822692871 32.0 -2.0 -8.0 -2.0 -185.87554409503963 0.0
7.620210409164429 32.0 -2.0 -8.0 -2.0 -185.89712526798274 0.0
7.630002737045288 32.0 -2.0 -8.0 -2.0 -185.91670992374446 0.0
7.639827489852905 32.0 -2.0 -8.0 -2.0 -185.9363594293597 0.0
7.650118112564087 32.0 -2.0 -8.0 -2.0 -185.95694067478206 0.0
7.660787343978882 32.0 -2.0 -8.0 -2.0 -185.97827913761165 0.0
7.671254634857178 32.0 -2.0 -8.0 -2.0 -185.99921371936824 0.0
7.681619882583618 32.0 -2.0 -8.0 -2.0 -186.01994421482112 0.0
7.692043781280518 32.0 -2.0 -8.0 -2.0 -186.04079201221492 0.0
7.701699495315552 32.0 -2.0 -8.0 -2.0 -186.060103440285 0.0
7.714296817779541 32.0 -2.0 -8.0 -2.0 -186.08529808521297 0.0
7.724250793457031 32.0 -2.0 -8.0 -2.0 -186.10520603656795 0.0
7.7376868724823 32.1 -2.1000000000000014 -10.632794250732005 -2.1000000000000014 -186.133421802521 -7.442647502439995
7.748112201690674 32.1 -2.1000000000000014 -8.400000000000006 -2.1000000000000014 -186.1553149938586 0.0
7.7606916427612305 32.1 -2.1000000000000014 -8.400000000000006 -2.1000000000000014 -186.1817318201068 0.0
7.771099328994751 32.1 -2.1000000000000014 -8.400000000000006 -2.1000000000000014 -186.20358796119717 0.0
7.7822864055633545 32.1 -2.1000000000000014 -8.400000000000006 -2.1000000000000014 -186.22708082199125 0.0
7.792272329330444 32.1 -2.1000000000000014 -8.400000000000006 -2.1000000000000014 -186.24805126190213 0.0
7.8033411502838135 32.1 -2.1000000000000014 -8.400000000000006 -2.1000000000000014 -186.27129578590421 0.0
7.815284490585327 32.1 -2.1000000000000014 -8.400000000000006 -2.1000000000000014 -186.2963768005374 0.0
7.826093673706055 32.1 -2.1000000000000014 -8.400000000000006 -2.1000000000000014 -186.31907608509093 0.0
7.8362908363342285 32.1 -2.1000000000000014 -8.400000000000006 -2.1000000000000014 -186.3404901266101 0.0
7.849283933639526 32.1 -2.1000000000000014 -8.400000000000006 -2.1000000000000014 -186.36777563095123 0.0
7.860172510147095 32.1 -2.1000000000000014 -8.400000000000006 -2.1000000000000014 -186.39064164161712 0.0
7.8701417446136475 32.1 -2.1000000000000014 -8.400000000000006 -2.1000000000000014 -186.41157703399688 0.0
7.881727695465088 32.1 -2.1000000000000014 -8.400000000000006 -2.1000000000000014 -186.4359075307849 0.0
7.891718149185181 32.1 -2.1000000000000014 -8.400000000000006 -2.1000000000000014 -186.4568874835971 0.0
7.902634620666504 32.1 -2.1000000000000014 -8.400000000000006 -2.1000000000000014 -186.47981207370788 0.0
7.914684534072876 32.1 -2.1000000000000014 -8.400000000000006 -2.1000000000000014 -186.50511689186126 0.0
7.925609588623047 32.0 -2.0 -5.254018287759383 -2.0 -186.5269670009616 9.15327237413539
7.935923099517822 32.0 -2.0 -8.0 -2.0 -186.54759402275116 0.0
7.946260452270508 32.0 -2.0 -8.0 -2.0 -186.56826872825653 0.0
7.956207513809204 32.0 -2.0 -8.0 -2.0 -186.58816285133392 0.0
7.967764616012573 32.0 -2.0 -8.0 -2.0 -186.61127705574066 0.0
7.978095054626465 32.0 -2.0 -8.0 -2.0 -186.63193793296844 0.0
7.988364934921265 30.8 -0.8000000000000007 31.853962623331377 -0.8000000000000007 -186.64015383720428 116.84654207777126
7.998539209365845 30.8 -0.8000000000000007 -3.200000000000003 -0.8000000000000007 -186.64829325675996 0.0
8.00879454612732 30.8 -0.8000000000000007 -3.200000000000003 -0.8000000000000007 -186.65649752616915 0.0
8.021554708480835 30.8 -0.8000000000000007 -3.200000000000003 -0.8000000000000007 -186.66670565605196 0.0
8.031553745269775 32.0 -2.0 -44.0034678938458 -2.0 -186.68670372962984 -120.01155964615268
8.041913509368896 32.0 -2.0 -8.0 -2.0 -186.70742325782808 0.0
8.051662683486938 32.0 -2.0 -8.0 -2.0 -186.72692160606417 0.0
8.063974142074585 32.0 -2.0 -8.0 -2.0 -186.75154452323946 0.0
8.074132204055786 32.0 -2.0 -8.0 -2.0 -186.77186064720186 0.0
8.085912704467773 30.8 -0.8000000000000007 27.358973507923317 -0.8000000000000007 -186.78128504753144 101.86324502641106
8.09610629081726 30.8 -0.8000000000000007 -3.200000000000003 -0.8000000000000007 -186.78943991661103 0.0
8.107093334197998 30.8 -0.8000000000000007 -3.200000000000003 -0.8000000000000007 -186.79822955131561 0.0
8.118348360061646 30.8 -0.8000000000000007 -3.200000000000003 -0.8000000000000007 -186.80723357200654 0.0
8.129281997680664 30.8 -0.8000000000000007 -3.200000000000003 -0.8000000000000007 -186.81598048210176 0.0
8.144254922866821 30.8 -0.8000000000000007 -3.200000000000003 -0.8000000000000007 -186.82795882225068 0.0
8.155319929122925 30.8 -0.8000000000000007 -3.200000000000003 -0.8000000000000007 -186.83681082725556 0.0
8.166682481765747 30.8 -0.8000000000000007 -3.200000000000003 -0.8000000000000007 -186.8459008693698 0.0
8.178055047988892 30.8 -0.8000000000000007 -3.200000000000003 -0.8000000000000007 -186.85499892234833 0.0
8.18810224533081 30.8 -0.8000000000000007 -3.200000000000003 -0.8000000000000007 -186.86303668022185 0.0
8.198766708374023 30.8 -0.8000000000000007 -3.200000000000003 -0.8000000000000007 -186.87156825065642 0.0
8.208821296691895 30.8 -0.8000000000000007 -3.200000000000003 -0.8000000000000007 -186.87961192131073 0.0
8.22133207321167 30.8 -0.8000000000000007 -3.200000000000003 -0.8000000000000007 -186.88962054252656 0.0
8.231392860412598 30.8 -0.8000000000000007 -3.200000000000003 -0.8000000000000007 -186.8976691722873 0.0
8.242051601409912 30.8 -0.8000000000000007 -3.200000000000003 -0.8000000000000007 -186.90619616508513 0.0
8.252205848693848 30.8 -0.8000000000000007 -3.200000000000003 -0.8000000000000007 -186.91431956291228 0.0
8.262455224990845 30.8 -0.8000000000000007 -3.200000000000003 -0.8000000000000007 -186.9225190639499 0.0
8.275411128997803 30.8 -0.8000000000000007 -3.200000000000003 -0.8000000000000007 -186.93288378715545 0.0
8.28547191619873 30.8 -0.8000000000000007 -3.200000000000003 -0.8000000000000007 -186.94093241691618 0.0
8.29612112045288 30.8 -0.8000000000000007 -3.200000000000003 -0.8000000000000007 -186.9494517803195 0.0
8.306179285049438 30.8 -0.8000000000000007 -3.200000000000003 -0.8000000000000007 -186.95749831199674 0.0
8.318161487579346 30.8 -0.8000000000000007 -3.200000000000003 -0.8000000000000007 -186.96708407402068 0.0
8.328597784042358 30.8 -0.8000000000000007 -3.200000000000003 -0.8000000000000007 -186.97543311119108 0.0
8.339263677597046 30.8 -0.8000000000000007 -3.200000000000003 -0.8000000000000007 -186.98396582603482 0.0
8.351157426834106 30.8 -0.8000000000000007 -3.200000000000003 -0.8000000000000007 -186.99348082542446 0.0
8.367905616760254 30.8 -0.8000000000000007 -3.200000000000003 -0.8000000000000007 -187.00687937736538 0.0
8.383994579315186 30.8 -0.8000000000000007 -3.200000000000003 -0.8000000000000007 -187.01975054740933 0.0
8.397770881652832 30.8 -0.8000000000000007 -3.200000000000003 -0.8000000000000007 -187.03077158927945 0.0
8.411931037902832 30.8 -0.8000000000000007 -3.200000000000003 -0.8000000000000007 -187.04209971427946 0.0
8.427806377410889 30.8 -0.8000000000000007 -3.200000000000003 -0.8000000000000007 -187.0547999858859 0.0
8.437991857528687 30.8 -0.8000000000000007 -3.200000000000003 -0.8000000000000007 -187.06294836998012 0.0
8.447991609573364 30.8 -0.8000000000000007 -3.200000000000003 -0.8000000000000007 -187.07094817161587 0.0
8.45857310295105 30.8 -0.8000000000000007 -3.200000000000003 -0.8000000000000007 -187.07941336631802 0.0
8.476022720336914 30.8 -0.8000000000000007 -3.200000000000003 -0.8000000000000007 -187.09337306022672 0.0
8.486811876296997 30.8 -0.8000000000000007 -3.200000000000003 -0.8000000000000007 -187.10200438499479 0.0
8.497872829437256 30.8 -0.8000000000000007 -3.200000000000003 -0.8000000000000007 -187.110853147507 0.0
8.507920265197754 30.8 -0.8000000000000007 -3.200000000000003 -0.8000000000000007 -187.1188910961154 0.0
8.518608093261719 30.8 -0.8000000000000007 -3.200000000000003 -0.8000000000000007 -187.12744135856656 0.0
8.531710147857666 30.8 -0.8000000000000007 -3.200000000000003 -0.8000000000000007 -187.13792300224333 0.0
8.547392129898071 30.8 -0.8000000000000007 -3.200000000000003 -0.8000000000000007 -187.15046858787565 0.0
8.557732343673706 30.8 -0.8000000000000007 -3.200000000000003 -0.8000000000000007 -187.15874075889616 0.0
8.568455934524536 30.8 -0.8000000000000007 -3.200000000000003 -0.8000000000000007 -187.16731963157682 0.0
8.580130815505981 30.8 -0.8000000000000007 -3.200000000000003 -0.8000000000000007 -187.17665953636197 0.0
8.592032670974731 30.8 -0.8000000000000007 -3.200000000000003 -0.8000000000000007 -187.18618102073697 0.0
8.602162599563599 30.8 -0.8000000000000007 -3.200000000000003 -0.8000000000000007 -187.19428496360806 0.0
8.612784385681152 30.8 -0.8000000000000007 -3.200000000000003 -0.8000000000000007 -187.2027823925021 0.0
8.624479532241821 30.8 -0.8000000000000007 -3.200000000000003 -0.8000000000000007 -187.21213850975062 0.0
8.635424375534058 30.8 -0.8000000000000007 -3.200000000000003 -0.8000000000000007 -187.2208943843844 0.0
8.64546537399292 30.8 -0.8000000000000007 -3.200000000000003 -0.8000000000000007 -187.22892718315148 0.0
8.65555739402771 30.8 -0.8000000000000007 -3.200000000000003 -0.8000000000000007 -187.23700079917933 0.0
8.67144513130188 30.8 -0.8000000000000007 -3.200000000000003 -0.8000000000000007 -187.24971098899866 0.0
8.696038484573364 30.8 -0.8000000000000007 -3.200000000000003 -0.8000000000000007 -187.26938567161585 0.0
8.707193613052368 30.8 -0.8000000000000007 -3.200000000000003 -0.8000000000000007 -187.27830977439905 0.0
8.717262983322144 30.8 -0.8000000000000007 -3.200000000000003 -0.8000000000000007 -187.28636527061488 0.0
8.727824926376343 30.8 -0.8000000000000007 -3.200000000000003 -0.8000000000000007 -187.29481482505824 0.0
8.73836374282837 30.8 -0.8000000000000007 -3.200000000000003 -0.8000000000000007 -187.30324587821985 0.0
8.750348329544067 30.8 -0.8000000000000007 -3.200000000000003 -0.8000000000000007 -187.31283354759242 0.0
8.761514663696289 30.8 -0.8000000000000007 -3.200000000000003 -0.8000000000000007 -187.3217666149142 0.0
8.771510601043701 30.8 -0.8000000000000007 -3.200000000000003 -0.8000000000000007 -187.32976336479211 0.0
8.78270173072815 30.8 -0.8000000000000007 -3.200000000000003 -0.8000000000000007 -187.33871626853968 0.0
