0 0
0.0002899169921875 105.4 -75.4 -36036.12221468927 -75.4 -0.015909433364868164 -357345.2221468927
0.03752279281616211 105.4 -75.4 -301.6 -75.4 -2.823268270492554 0.0
0.04848456382751465 105.4 -75.4 -301.6 -75.4 -3.6497858047485354 0.0
0.058562278747558594 105.4 -75.4 -301.6 -75.4 -4.409645509719849 0.0
0.06941771507263184 105.4 -75.4 -301.6 -75.4 -5.228145408630372 0.0
0.08076286315917969 105.4 -75.4 -301.6 -75.4 -6.08356957435608 0.0
0.0911095142364502 105.4 -75.4 -301.6 -75.4 -6.863707065582276 0.0
0.10201025009155273 105.4 -75.4 -301.6 -75.4 -7.685622549057008 0.0
0.11212539672851562 105.4 -75.4 -301.6 -75.4 -8.44830460548401 0.0
0.12236380577087402 105.4 -75.4 -301.6 -75.4 -9.220280647277834 0.0
0.14525485038757324 105.0 -75.0 -298.2525917593634 -75.0 -10.937108993530275 17.47408240636612
0.15616631507873535 104.5 -74.5 -293.4176637678626 -74.5 -11.750013113021852 45.82336232137395
0.16773772239685059 104.5 -74.5 -298.0 -74.5 -12.612082958221437 0.0
0.17854714393615723 104.5 -74.5 -298.0 -74.5 -13.417384862899782 0.0
0.19080448150634766 103.7 -73.7 -288.2732971543055 -73.7 -14.320750641822817 65.26702845694479
0.20118069648742676 103.7 -73.7 -294.8 -73.7 -15.085477685928348 0.0
0.21167635917663574 103.6 -73.6 -293.4472254781699 -73.6 -15.85795845985413 9.527745218300753
0.2223365306854248 103.6 -73.6 -294.4 -73.6 -16.642547082901004 0.0
0.23418688774108887 103.1 -73.1 -288.18071784967003 -73.1 -17.508808183670048 42.192821503299534
0.24785304069519043 103.1 -73.1 -292.4 -73.1 -18.507803964614872 0.0
0.2763710021972656 102.4 -72.4 -287.14540660296126 -72.4 -20.572504377365117 24.545933970387434
0.2896556854248047 102.2 -72.2 -287.29450681981336 -72.2 -21.531658506393438 15.054931801866688
0.3002750873565674 102.2 -72.2 -288.8 -72.2 -22.298379325866705 0.0
0.31035614013671875 102.2 -72.2 -288.8 -72.2 -23.026231336593632 0.0
0.3240494728088379 100.7 -70.7 -271.84576383326953 -70.7 -23.994349956512455 109.54236166730509
0.33536624908447266 100.7 -70.7 -282.8 -70.7 -24.794446039199833 0.0
0.3462860584259033 84.1 -54.099999999999994 -64.38269382764557 -54.099999999999994 -25.38520772457123 1520.173061723544
0.3565647602081299 84.1 -54.099999999999994 -216.39999999999998 -54.099999999999994 -25.94128549098969 0.0
0.36667323112487793 84.1 -54.099999999999994 -216.39999999999998 -54.099999999999994 -26.488153767585757 0.0
0.3814113140106201 84.1 -54.099999999999994 -216.39999999999998 -54.099999999999994 -27.285484051704408 0.0
0.3915419578552246 84.1 -54.099999999999994 -216.39999999999998 -54.099999999999994 -27.83355188369751 0.0
0.40203142166137695 84.1 -54.099999999999994 -216.39999999999998 -54.099999999999994 -28.40103187561035 0.0
0.41219067573547363 84.1 -54.099999999999994 -216.39999999999998 -54.099999999999994 -28.95064752101898 0.0
0.42389559745788574 84.1 -54.099999999999994 -216.39999999999998 -54.099999999999994 -29.583883786201476 0.0
0.43477773666381836 84.1 -54.099999999999994 -216.39999999999998 -54.099999999999994 -30.17260751724243 0.0
0.44516849517822266 84.1 -54.099999999999994 -216.39999999999998 -54.099999999999994 -30.734747552871703 0.0
0.4553077220916748 84.1 -54.099999999999994 -216.39999999999998 -54.099999999999994 -31.283279728889465 0.0
0.4658370018005371 84.1 -54.099999999999994 -216.39999999999998 -54.099999999999994 -31.852913761138915 0.0
0.4763507843017578 84.1 -54.099999999999994 -216.39999999999998 -54.099999999999994 -32.42170939445496 0.0
0.48764657974243164 84.1 -54.099999999999994 -216.39999999999998 -54.099999999999994 -33.032811927795414 0.0
0.4978320598602295 84.1 -54.099999999999994 -216.39999999999998 -54.099999999999994 -33.58384640216828 0.0
0.5079669952392578 84.1 -54.099999999999994 -216.39999999999998 -54.099999999999994 -34.13214640617371 0.0
0.5182864665985107 84.1 -54.099999999999994 -216.39999999999998 -54.099999999999994 -34.6904298067093 0.0
0.529155969619751 84.1 -54.099999999999994 -216.39999999999998 -54.099999999999994 -35.27846992015839 0.0
0.5401768684387207 84.1 -54.099999999999994 -216.39999999999998 -54.099999999999994 -35.874700546264656 0.0
0.5505390167236328 84.1 -54.099999999999994 -216.39999999999998 -54.099999999999994 -36.4352927684784 0.0
0.5607409477233887 84.1 -54.099999999999994 -216.39999999999998 -54.099999999999994 -36.98721723556519 0.0
0.571120023727417 84.1 -54.099999999999994 -216.39999999999998 -54.099999999999994 -37.548725247383125 0.0
0.5887248516082764 84.1 -54.099999999999994 -216.39999999999998 -54.099999999999994 -38.50114643573762 0.0
0.599158525466919 84.1 -54.099999999999994 -216.39999999999998 -54.099999999999994 -39.06560819149018 0.0
0.6093299388885498 84.1 -54.099999999999994 -216.39999999999998 -54.099999999999994 -39.615881657600404 0.0
0.6194186210632324 84.1 -54.099999999999994 -216.39999999999998 -54.099999999999994 -40.161679363250734 0.0
0.6302540302276611 84.1 -54.099999999999994 -216.39999999999998 -54.099999999999994 -40.747874999046324 0.0
0.6433467864990234 84.1 -54.099999999999994 -216.39999999999998 -54.099999999999994 -41.456193113327025 0.0
0.6582469940185547 73.0 -43.0 -97.50439324116748 -43.0 -42.09690203666687 744.9560675883253
0.6685264110565186 73.0 -43.0 -172.0 -43.0 -42.538916969299315 0.0
0.6821200847625732 74.3 -44.3 -186.76327206398201 -44.3 -43.14111671447754 -95.63272063982019
0.6938788890838623 74.3 -44.3 -177.2 -44.3 -43.662031745910646 0.0
0.7052791118621826 74.3 -44.3 -177.2 -44.3 -44.16706161499024 0.0
0.7153604030609131 74.3 -44.3 -177.2 -44.3 -44.613662815093996 0.0
0.7262654304504395 74.3 -44.3 -177.2 -44.3 -45.09675552845001 0.0
0.737342357635498 74.3 -44.3 -177.2 -44.3 -45.58746340274811 0.0
0.7474780082702637 74.3 -44.3 -177.2 -44.3 -46.03647272586822 0.0
0.7577588558197021 74.3 -44.3 -177.2 -44.3 -46.49191427230835 0.0
0.7678420543670654 74.3 -44.3 -177.2 -44.3 -46.93859996795654 0.0
0.7781229019165039 78.4 -48.400000000000006 -233.47998051993238 -48.400000000000006 -47.436192989349365 -398.79980519932366
0.7899484634399414 78.4 -48.400000000000006 -193.60000000000002 -48.400000000000006 -48.00855016708374 0.0
0.800023078918457 78.4 -48.400000000000006 -193.60000000000002 -48.400000000000006 -48.4961615562439 0.0
0.810295820236206 78.4 -48.400000000000006 -193.60000000000002 -48.400000000000006 -48.99336223602295 0.0
0.8206632137298584 78.4 -48.400000000000006 -193.60000000000002 -48.400000000000006 -49.495144081115725 0.0
0.8314530849456787 78.4 -48.400000000000006 -193.60000000000002 -48.400000000000006 -50.01737384796143 0.0
0.8425960540771484 78.4 -48.400000000000006 -193.60000000000002 -48.400000000000006 -50.55669355392457 0.0
0.8527853488922119 78.4 -48.400000000000006 -193.60000000000002 -48.400000000000006 -51.04985542297364 0.0
0.8633043766021729 78.4 -48.400000000000006 -193.60000000000002 -48.400000000000006 -51.55897636413575 0.0
0.8733689785003662 78.4 -48.400000000000006 -193.60000000000002 -48.400000000000006 -52.04610309600831 0.0
0.8845422267913818 78.4 -48.400000000000006 -193.60000000000002 -48.400000000000006 -52.586888313293464 0.0
0.895923376083374 78.4 -48.400000000000006 -193.60000000000002 -48.400000000000006 -53.13773593902589 0.0
0.9060585498809814 78.4 -48.400000000000006 -193.60000000000002 -48.400000000000006 -53.62827835083009 0.0
0.916146993637085 78.4 -48.400000000000006 -193.60000000000002 -48.400000000000006 -54.116559028625495 0.0
0.9441914558410645 78.4 -48.400000000000006 -193.60000000000002 -48.400000000000006 -55.473910999298106 0.0
0.9544885158538818 78.4 -48.400000000000006 -193.60000000000002 -48.400000000000006 -55.972288703918466 0.0
0.9646797180175781 78.4 -48.400000000000006 -193.60000000000002 -48.400000000000006 -56.465542888641366 0.0
0.9754030704498291 67.0 -37.0 -41.689962425239514 -37.0 -56.86230692863465 1063.1003757476049
0.9862179756164551 67.0 -37.0 -148.0 -37.0 -57.26245841979981 0.0
0.99749755859375 67.0 -37.0 -148.0 -37.0 -57.679802989959725 0.0
1.021244764328003 67.0 -37.0 -148.0 -37.0 -58.558449602127084 0.0
1.0381577014923096 79.6 -49.599999999999994 -272.8991829484902 -49.599999999999994 -59.397331285476696 -744.9918294849019
1.0495741367340088 79.6 -49.599999999999994 -198.39999999999998 -49.599999999999994 -59.96358647346498 0.0
1.0655274391174316 79.6 -49.599999999999994 -198.39999999999998 -49.599999999999994 -60.754870271682755 0.0
1.078552007675171 79.6 -49.599999999999994 -198.39999999999998 -49.599999999999994 -61.40088887214662 0.0
1.0896539688110352 79.6 -49.599999999999994 -198.39999999999998 -49.599999999999994 -61.95154614448549 0.0
1.1005642414093018 79.6 -49.599999999999994 -198.39999999999998 -49.599999999999994 -62.49269566535951 0.0
1.110703468322754 79.6 -49.599999999999994 -198.39999999999998 -49.599999999999994 -62.995601320266736 0.0
1.1225254535675049 79.6 -49.599999999999994 -198.39999999999998 -49.599999999999994 -63.581971788406385 0.0
1.1338238716125488 79.6 -49.599999999999994 -198.39999999999998 -49.599999999999994 -64.14237332344057 0.0
1.1438918113708496 79.6 -49.599999999999994 -198.39999999999998 -49.599999999999994 -64.64174313545229 0.0
1.154691219329834 79.6 -49.599999999999994 -198.39999999999998 -49.599999999999994 -65.17739377021792 0.0
1.1647789478302002 79.6 -49.599999999999994 -198.39999999999998 -49.599999999999994 -65.67774510383609 0.0
1.179912805557251 79.6 -49.599999999999994 -198.39999999999998 -49.599999999999994 -66.42838444709781 0.0
1.1915218830108643 79.6 -49.599999999999994 -198.39999999999998 -49.599999999999994 -67.00419468879703 0.0
1.2060163021087646 79.6 -49.599999999999994 -198.39999999999998 -49.599999999999994 -67.72311787605288 0.0
1.2255833148956299 79.6 -49.599999999999994 -198.39999999999998 -49.599999999999994 -68.6936417102814 0.0
1.2399535179138184 79.6 -49.599999999999994 -198.39999999999998 -49.599999999999994 -69.40640377998355 0.0
1.255401372909546 79.6 -49.599999999999994 -198.39999999999998 -49.599999999999994 -70.17261738777164 0.0
1.2681927680969238 79.6 -49.599999999999994 -198.39999999999998 -49.599999999999994 -70.80707058906559 0.0
1.278801441192627 74.8 -44.8 -133.9540021574973 -44.8 -71.28233914375309 452.4599784250267
1.290381908416748 74.8 -44.8 -179.2 -44.8 -71.80114407539372 0.0
1.3026328086853027 73.6 -43.599999999999994 -164.60480149462865 -43.599999999999994 -72.3352833271027 97.95198505371344
1.3128242492675781 73.6 -43.599999999999994 -174.39999999999998 -43.599999999999994 -72.77963013648991 0.0
1.3242497444152832 73.1 -43.099999999999994 -168.02382204415505 -43.099999999999994 -73.272068977356 43.76177955844915
1.3353099822998047 73.1 -43.099999999999994 -172.39999999999998 -43.099999999999994 -73.74876523017888 0.0
1.3454346656799316 73.1 -43.099999999999994 -172.39999999999998 -43.099999999999994 -74.18513908386235 0.0
1.35758638381958 72.0 -42.0 -158.947782137812 -42.0 -74.69551124572759 90.52217862187993
1.3676495552062988 72.0 -42.0 -168.0 -42.0 -75.11816444396977 0.0
1.378197193145752 70.4 -40.400000000000006 -146.4307269439422 -40.400000000000006 -75.54428901672368 151.69273056057813
1.3883380889892578 70.4 -40.400000000000006 -161.60000000000002 -40.400000000000006 -75.95398120880132 0.0
1.399735689163208 70.6 -40.599999999999994 -164.15475536031784 -40.599999999999994 -76.4167237758637 -17.547553603178585
1.4113667011260986 70.6 -40.599999999999994 -162.39999999999998 -40.599999999999994 -76.88894286155706 0.0
1.421877384185791 70.6 -40.599999999999994 -162.39999999999998 -40.599999999999994 -77.31567659378057 0.0
1.433887243270874 69.1 -39.099999999999994 -143.91026144958607 -39.099999999999994 -77.78526208400731 124.89738550413912
1.444000482559204 69.1 -39.099999999999994 -156.39999999999998 -39.099999999999994 -78.18068974018102 0.0
1.4560019969940186 68.9 -38.900000000000006 -153.9335436449602 -38.900000000000006 -78.6475486516953 16.664563550398352
1.4702622890472412 68.9 -38.900000000000006 -155.60000000000002 -38.900000000000006 -79.20227401256567 0.0
1.4813153743743896 67.7 -37.7 -139.94330284728213 -37.7 -79.61897532939916 108.56697152717886
1.4916703701019287 67.7 -37.7 -150.8 -37.7 -80.00935866832738 0.0
1.5066559314727783 67.2 -37.2 -145.46345499093138 -37.2 -80.56682155132299 33.36545009068635
1.5202603340148926 67.2 -37.2 -148.8 -37.2 -81.07290532588964 0.0
1.5373821258544922 66.4 -36.400000000000006 -140.92759183446128 -36.400000000000006 -81.69613854885107 46.724081655387366
1.54756760597229 66.4 -36.400000000000006 -145.60000000000002 -36.400000000000006 -82.0668900251389 0.0
1.5594193935394287 65.8 -35.8 -138.13747254073618 -35.8 -82.49118402004247 50.625274592638014
1.5696778297424316 65.8 -35.8 -143.2 -35.8 -82.85843603610998 0.0
1.580169439315796 65.3 -35.3 -136.43428701283943 -35.3 -83.22878985404974 47.6571298716055
1.5905532836914062 65.3 -35.3 -141.2 -35.3 -83.59533956050878 0.0
1.602823257446289 64.9 -34.900000000000006 -136.34000932690822 -34.900000000000006 -84.02356164455419 32.59990673091801
1.6138064861297607 64.9 -34.900000000000006 -139.60000000000002 -34.900000000000006 -84.40687632560736 0.0
1.6244184970855713 63.7 -33.7 -123.49205841383957 -33.7 -84.76450109481817 113.0794158616044
1.6353774070739746 63.7 -33.7 -134.8 -33.7 -85.13381636142736 0.0
1.6455721855163574 63.7 -33.7 -134.8 -33.7 -85.47738039493566 0.0
1.6577625274658203 63.5 -33.5 -132.35935693330723 -33.5 -85.88575685024267 16.406430666927672
1.6678829193115234 63.5 -33.5 -134.0 -33.5 -86.22478997707373 0.0
1.6785223484039307 61.7 -31.700000000000003 -109.88179899159667 -31.700000000000003 -86.56205987930304 169.18201008403335
1.6887059211730957 61.7 -31.700000000000003 -126.80000000000001 -31.700000000000003 -86.88487913608557 0.0
1.6999609470367432 61.6 -31.6 -125.511508039062 -31.6 -87.24053795337683 8.884919609380091
1.7115509510040283 61.6 -31.6 -126.4 -31.6 -87.60678207874304 0.0
1.7252576351165771 60.5 -30.5 -113.97471838580621 -30.5 -88.02483594417578 80.25281614193783
1.7353861331939697 60.5 -30.5 -122.0 -30.5 -88.33375513553625 0.0
1.7454311847686768 60.3 -30.299999999999997 -119.20896990411084 -30.299999999999997 -88.63812019824988 19.910300958891387
1.7572739124298096 60.3 -30.299999999999997 -121.19999999999999 -30.299999999999997 -88.99695484638221 0.0
1.767449140548706 60.3 -30.299999999999997 -121.19999999999999 -30.299999999999997 -89.30526425838477 0.0
1.7781758308410645 59.5 -29.5 -110.54196794914542 -29.5 -89.62170162200934 74.5803205085459
1.7883381843566895 59.5 -29.5 -118.0 -29.5 -89.92149105072028 0.0
1.8001859188079834 58.8 -28.799999999999997 -109.2916974221721 -28.799999999999997 -90.26270580291754 59.08302577827887
1.8119230270385742 58.8 -28.799999999999997 -115.19999999999999 -28.799999999999997 -90.60073451995855 0.0
1.8238275051116943 58.2 -28.200000000000003 -107.75987983417122 -28.200000000000003 -90.93644080162053 50.40120165828796
1.8339860439300537 58.2 -28.200000000000003 -112.80000000000001 -28.200000000000003 -91.22291159629827 0.0
1.8444406986236572 57.3 -27.299999999999997 -100.59139429874566 -27.299999999999997 -91.50832366943365 86.08605701254331
1.8547000885009766 57.3 -27.299999999999997 -109.19999999999999 -27.299999999999997 -91.78840501308447 0.0
1.8703832626342773 56.3 -26.299999999999997 -98.82373973852233 -26.299999999999997 -92.20087249279028 63.762602614776526
1.8811850547790527 56.3 -26.299999999999997 -105.19999999999999 -26.299999999999997 -92.48495962619788 0.0
1.8921759128570557 56.3 -26.299999999999997 -105.19999999999999 -26.299999999999997 -92.77401919364935 0.0
1.9025399684906006 56.3 -26.299999999999997 -105.19999999999999 -26.299999999999997 -93.04659385681158 0.0
1.9146206378936768 56.3 -26.299999999999997 -105.19999999999999 -26.299999999999997 -93.36431546211249 0.0
1.9320826530456543 56.3 -26.299999999999997 -105.19999999999999 -26.299999999999997 -93.8235664606095 0.0
1.9453842639923096 55.3 -25.299999999999997 -93.68211360255238 -25.299999999999997 -94.16009721755988 75.17886397447617
1.9562122821807861 55.3 -25.299999999999997 -101.19999999999999 -25.299999999999997 -94.43404607772834 0.0
1.9679434299468994 55.1 -25.1 -98.69513698073331 -25.1 -94.72849788665778 17.0486301926669
1.9795124530792236 55.1 -25.1 -100.4 -25.1 -95.01888036727911 0.0
1.9903814792633057 54.6 -24.6 -93.7997718697903 -24.6 -95.28625841140753 46.002281302097046
2.0007197856903076 54.6 -24.6 -98.4 -24.6 -95.54058074951178 0.0
2.0146665573120117 53.7 -23.700000000000003 -88.34689368685576 -23.700000000000003 -95.87111923694616 64.53106313144254
2.0262880325317383 53.7 -23.700000000000003 -94.80000000000001 -23.700000000000003 -96.14654819965368 0.0
2.040255546569824 54.2 -24.200000000000003 -100.37973508125087 -24.200000000000003 -96.48456203937536 -35.79735081250853
2.050541639328003 54.2 -24.200000000000003 -96.80000000000001 -24.200000000000003 -96.73348548412329 0.0
2.0626842975616455 53.2 -23.200000000000003 -84.56457097977618 -23.200000000000003 -97.0151951551438 82.35429020223836
2.073415756225586 53.2 -23.200000000000003 -92.80000000000001 -23.200000000000003 -97.26416499614722 0.0
2.084531307220459 54.6 -24.6 -110.99496718287503 -24.6 -97.53760755062109 -125.94967182875025
2.094686985015869 54.6 -24.6 -98.4 -24.6 -97.78743722438819 0.0
2.1047887802124023 54.6 -24.6 -98.4 -24.6 -98.0359413862229 0.0
2.1177573204040527 53.7 -23.700000000000003 -87.86012869066444 -23.700000000000003 -98.34329578876502 69.39871309335578
2.1284594535827637 53.7 -23.700000000000003 -94.80000000000001 -23.700000000000003 -98.59693634510047 0.0
2.139967203140259 51.9 -21.9 -71.95836658586607 -21.9 -98.84895606040962 156.41633414133918
2.150141716003418 51.9 -21.9 -87.6 -21.9 -99.0717778921128 0.0
2.1620731353759766 50.4 -20.4 -69.0281512269203 -20.4 -99.315178847313 125.7184877307969
2.172360897064209 50.4 -20.4 -81.6 -20.4 -99.52504918575295 0.0
2.1884679794311523 48.7 -18.700000000000003 -64.245636638148 -18.700000000000003 -99.8262516260148 105.54363361852012
2.2003350257873535 48.7 -18.700000000000003 -74.80000000000001 -18.700000000000003 -100.04816539287576 0.0
2.2124576568603516 47.9 -17.9 -65.00077252881245 -17.9 -100.26516048908242 65.99227471187542
2.2266008853912354 47.9 -17.9 -71.6 -17.9 -100.51832427978523 0.0
2.2383227348327637 47.4 -17.4 -65.33446150716973 -17.4 -100.72228446006783 42.65538492830265
2.2491531372070312 47.4 -17.4 -69.6 -17.4 -100.91073346138008 0.0
2.2719264030456543 46.9 -16.9 -65.4044431416068 -16.9 -101.2956016540528 21.955568583931825
2.2846992015838623 45.5 -15.5 -51.03920706325949 -15.5 -101.49358003139503 109.6079293674051
2.295276641845703 45.5 -15.5 -62.0 -15.5 -101.65753035545356 0.0
2.3073601722717285 45.4 -15.399999999999999 -60.77242729174064 -15.399999999999999 -101.84361672401435 8.275727082593543
2.319303512573242 45.4 -15.399999999999999 -61.599999999999994 -15.399999999999999 -102.02754416465767 0.0
2.330724000930786 44.7 -14.700000000000003 -52.670664913049876 -14.700000000000003 -102.19542534351356 61.29335086950131
2.341280221939087 44.7 -14.700000000000003 -58.80000000000001 -14.700000000000003 -102.35060179233558 0.0
2.3520562648773193 44.6 -14.600000000000001 -57.47201557591043 -14.600000000000001 -102.50793201923378 9.279844240895747
2.3623595237731934 44.6 -14.600000000000001 -58.400000000000006 -14.600000000000001 -102.65835959911354 0.0
2.3753111362457275 43.9 -13.899999999999999 -50.195267566224224 -13.899999999999999 -102.83838701248176 54.04732433775771
2.3860018253326416 43.9 -13.899999999999999 -55.599999999999994 -13.899999999999999 -102.98698759078987 0.0
2.3967323303222656 43.7 -13.700000000000003 -52.93615482036133 -13.700000000000003 -103.13399550914771 18.638451796386832
2.4072959423065186 43.7 -13.700000000000003 -54.80000000000001 -13.700000000000003 -103.27871699333197 0.0
2.4195756912231445 43.5 -13.5 -52.37130220366952 -13.5 -103.44449360370642 16.286977963304764
2.4301555156707764 43.5 -13.5 -54.0 -13.5 -103.58732123374945 0.0
2.4411959648132324 42.8 -12.799999999999997 -44.85967823439217 -12.799999999999997 -103.72863898277289 63.40321765607817
2.451448440551758 42.8 -12.799999999999997 -51.19999999999999 -12.799999999999997 -103.85987067222602 0.0
2.462381601333618 42.7 -12.700000000000003 -49.88535141854031 -12.700000000000003 -103.99872181415564 9.146485814597034
2.4740703105926514 42.7 -12.700000000000003 -50.80000000000001 -12.700000000000003 -104.14716842174536 0.0
2.4844086170196533 42.0 -12.0 -41.22906508002396 -12.0 -104.27122809886939 67.70934919976044
2.4945261478424072 42.0 -12.0 -48.0 -12.0 -104.39263846874243 0.0
2.5047295093536377 41.6 -11.600000000000001 -42.479723338629796 -11.600000000000001 -104.51099746227271 39.202766613702074
2.5170998573303223 41.6 -11.600000000000001 -46.400000000000006 -11.600000000000001 -104.65449349880225 0.0
2.5284454822540283 41.6 -11.600000000000001 -46.400000000000006 -11.600000000000001 -104.78610274791724 0.0
2.5396182537078857 41.6 -11.600000000000001 -46.400000000000006 -11.600000000000001 -104.91570689678198 0.0
2.5497608184814453 41.6 -11.600000000000001 -46.400000000000006 -11.600000000000001 -105.03336064815528 0.0
2.560798406600952 41.0 -11.0 -38.56402980883463 -11.0 -105.15477411746986 54.35970191165365
2.5720391273498535 41.0 -11.0 -44.0 -11.0 -105.27842204570777 0.0
2.582664728164673 40.8 -10.799999999999997 -41.31775349473822 -10.799999999999997 -105.39317853450783 18.822465052617677
2.5934197902679443 40.8 -10.799999999999997 -43.19999999999999 -10.799999999999997 -105.50933320522316 0.0
2.604356050491333 40.8 -10.799999999999997 -43.19999999999999 -10.799999999999997 -105.62744481563576 0.0
2.6144042015075684 40.8 -10.799999999999997 -43.19999999999999 -10.799999999999997 -105.7359648466111 0.0
2.627527952194214 40.3 -10.299999999999997 -37.39011354346442 -10.299999999999997 -105.87113947868355 38.09886456535562
2.637753486633301 40.3 -10.299999999999997 -41.19999999999999 -10.299999999999997 -105.97646248340614 0.0
2.6483712196350098 40.4 -10.399999999999999 -42.54182063142768 -10.399999999999999 -106.08688690662392 -9.418206314276865
2.6586296558380127 40.4 -10.399999999999999 -41.599999999999994 -10.399999999999999 -106.19357464313515 0.0
2.6754071712493896 40.1 -10.100000000000001 -38.61189256785564 -10.100000000000001 -106.36302754879006 17.881074321443627
2.6862752437591553 40.1 -10.100000000000001 -40.400000000000006 -10.100000000000001 -106.47279508113868 0.0
2.697242498397827 39.7 -9.700000000000003 -35.15277913043481 -9.700000000000003 -106.5791774511338 36.47220869565204
2.7075283527374268 39.7 -9.700000000000003 -38.80000000000001 -9.700000000000003 -106.67895023822791 0.0
2.7185463905334473 39.9 -9.899999999999999 -41.41520524527726 -9.899999999999999 -106.78802881240851 -18.152052452772644
2.731079578399658 39.9 -9.899999999999999 -39.599999999999994 -9.899999999999999 -106.912107372284 0.0
2.742129325866699 39.3 -9.299999999999997 -31.770011651490936 -9.299999999999997 -107.01487002372748 54.29988348509053
2.7524044513702393 39.3 -9.299999999999997 -37.19999999999999 -9.299999999999997 -107.11042869091041 0.0
2.764204502105713 39.2 -9.200000000000003 -35.952546016608466 -9.200000000000003 -107.21898915767677 8.474539833915426
2.7754459381103516 39.2 -9.200000000000003 -36.80000000000001 -9.200000000000003 -107.32241036891945 0.0
2.7862298488616943 38.9 -8.899999999999999 -32.818077866949615 -8.899999999999999 -107.4183871746064 27.81922133050381
2.796731948852539 38.9 -8.899999999999999 -35.599999999999994 -8.899999999999999 -107.51185586452492 0.0
2.808255910873413 39.1 -9.100000000000001 -38.13551422364749 -9.100000000000001 -107.61672391891487 -17.35514223647485
2.8187363147735596 39.1 -9.100000000000001 -36.400000000000006 -9.100000000000001 -107.71209559440621 0.0
2.8323237895965576 38.9 -8.899999999999999 -34.128056150201765 -8.899999999999999 -107.83302412033089 14.719438497982312
2.8426144123077393 38.9 -8.899999999999999 -35.599999999999994 -8.899999999999999 -107.92461066246041 0.0
2.8542892932891846 39.1 -9.100000000000001 -38.11307956216307 -9.100000000000001 -108.03085207939156 -17.130795621630696
2.864663600921631 39.1 -9.100000000000001 -36.400000000000006 -9.100000000000001 -108.12525827884683 0.0
2.876713514328003 38.9 -8.899999999999999 -33.94023703527826 -8.899999999999999 -108.23250250816353 16.597629647217346
2.887402057647705 38.9 -8.899999999999999 -35.599999999999994 -8.899999999999999 -108.32763054370888 0.0
2.897584915161133 38.4 -8.399999999999999 -28.68978693514399 -8.399999999999999 -108.41316654682167 49.102130648560056
2.908224582672119 38.4 -8.399999999999999 -33.599999999999994 -8.399999999999999 -108.50253975391395 0.0
2.9185092449188232 38.4 -8.399999999999999 -33.599999999999994 -8.399999999999999 -108.58893091678627 0.0
2.9311673641204834 38.5 -8.5 -34.7900067806826 -8.5 -108.69652493000038 -7.900067806826
2.9413862228393555 38.5 -8.5 -34.0 -8.5 -108.78338522911079 0.0
2.954737901687622 38.3 -8.299999999999997 -31.70206103462435 -8.299999999999997 -108.89420416355141 14.979389653756396
2.9652109146118164 38.3 -8.299999999999997 -33.19999999999999 -8.299999999999997 -108.98113017082223 0.0
2.9774527549743652 38.0 -8.0 -29.5493880730729 -8.0 -109.07906489372262 24.506119269270986
2.987649440765381 38.0 -8.0 -32.0 -8.0 -109.16063838005074 0.0
2.998168468475342 38.3 -8.299999999999997 -36.051974614687175 -8.299999999999997 -109.24794631004342 -28.519746146871896
3.0095937252044678 38.3 -8.299999999999997 -33.19999999999999 -8.299999999999997 -109.34277594089517 0.0
3.0207228660583496 38.0 -8.0 -29.30437412969432 -8.0 -109.43180906772622 26.956258703056793
3.0323684215545654 38.0 -8.0 -32.0 -8.0 -109.52497351169595 0.0
3.0443811416625977 37.6 -7.600000000000001 -27.070196288577968 -7.600000000000001 -109.61627018451699 33.298037114220385
3.0546610355377197 37.6 -7.600000000000001 -30.400000000000006 -7.600000000000001 -109.69439737796792 0.0
3.0691587924957275 37.6 -7.600000000000001 -30.400000000000006 -7.600000000000001 -109.80458033084878 0.0
3.0802700519561768 37.6 -7.600000000000001 -30.400000000000006 -7.600000000000001 -109.88902590274819 0.0
3.0912883281707764 37.6 -7.600000000000001 -30.400000000000006 -7.600000000000001 -109.97276480197914 0.0
3.101667881011963 37.6 -7.600000000000001 -30.400000000000006 -7.600000000000001 -110.05164940357216 0.0
3.112504005432129 37.2 -7.200000000000003 -25.108643344334457 -7.200000000000003 -110.12966949939735 36.91356655665553
3.124373197555542 37.2 -7.200000000000003 -28.80000000000001 -7.200000000000003 -110.21512768268593 0.0
3.136794090270996 37.2 -7.200000000000003 -28.80000000000001 -7.200000000000003 -110.3045581102372 0.0
3.1474673748016357 37.2 -7.200000000000003 -28.80000000000001 -7.200000000000003 -110.3814057588578 0.0
3.1581833362579346 37.0 -7.0 -26.133625239175874 -7.0 -110.45641748905189 18.663747608241266
3.1683220863342285 37.0 -7.0 -28.0 -7.0 -110.52738873958594 0.0
3.179973840713501 36.4 -6.399999999999999 -20.450560864316245 -6.399999999999999 -110.60195996761328 51.49439135683751
3.1901955604553223 36.4 -6.399999999999999 -25.599999999999994 -6.399999999999999 -110.66737897396094 0.0
3.2007884979248047 36.2 -6.200000000000003 -22.911949583614728 -6.200000000000003 -110.73305518627173 18.88050416385285
3.220207452774048 36.1 -6.100000000000001 -23.885039227000945 -6.100000000000001 -110.8515108108521 5.1496077299906196
3.232635974884033 36.1 -6.100000000000001 -24.400000000000006 -6.100000000000001 -110.92732479572301 0.0
3.244091272354126 35.5 -5.5 -16.762248631548264 -5.5 -110.99032893180852 52.37751368451737
3.254694938659668 35.5 -5.5 -22.0 -5.5 -111.048649096489 0.0
3.2662065029144287 35.5 -5.5 -22.0 -5.5 -111.11196269989019 0.0
3.2795817852020264 35.7 -5.700000000000003 -24.295295543672047 -5.700000000000003 -111.18820180892949 -14.952955436720355
3.2939200401306152 35.7 -5.700000000000003 -22.80000000000001 -5.700000000000003 -111.26992986202245 0.0
3.3066742420196533 35.7 -5.700000000000003 -22.80000000000001 -5.700000000000003 -111.34262881278997 0.0
3.3215386867523193 34.8 -4.799999999999997 -13.145283418342746 -4.799999999999997 -111.41397814750677 60.54716581657242
3.338284492492676 34.8 -4.799999999999997 -19.19999999999999 -4.799999999999997 -111.49435801506048 0.0
3.352151870727539 34.8 -4.799999999999997 -19.19999999999999 -4.799999999999997 -111.56092143058783 0.0
3.3652262687683105 35.3 -5.299999999999997 -25.0242678434662 -5.299999999999997 -111.63021574020391 -38.242678434662096
3.3754210472106934 35.3 -5.299999999999997 -21.19999999999999 -5.299999999999997 -111.68424806594854 0.0
3.3873414993286133 35.3 -5.299999999999997 -21.19999999999999 -5.299999999999997 -111.74742646217351 0.0
3.3977179527282715 35.3 -5.299999999999997 -21.19999999999999 -5.299999999999997 -111.8024216651917 0.0
3.40849232673645 34.7 -4.700000000000003 -13.23123099732254 -4.700000000000003 -111.85306122303014 55.68769002677472
3.4187498092651367 34.7 -4.700000000000003 -18.80000000000001 -4.700000000000003 -111.90127139091497 0.0
3.431654453277588 34.0 -4.0 -10.57559620145584 -4.0 -111.95288996696478 54.2440379854416
3.442291259765625 34.0 -4.0 -16.0 -4.0 -111.99543719291692 0.0
3.4523377418518066 34.7 -4.700000000000003 -25.767613080829694 -4.700000000000003 -112.04265565872198 -69.67613080829683
3.467909097671509 34.7 -4.700000000000003 -18.80000000000001 -4.700000000000003 -112.11584103107458 0.0
3.478574514389038 34.5 -4.5 -16.124780256628043 -4.5 -112.16383540630346 18.752197433719584
3.49023699760437 34.5 -4.5 -18.0 -4.5 -112.21631658077246 0.0
3.5011603832244873 34.5 -4.5 -18.0 -4.5 -112.26547181606298 0.0
3.5112876892089844 34.5 -4.5 -18.0 -4.5 -112.31104469299322 0.0
3.5222268104553223 34.0 -4.0 -11.429248942940585 -4.0 -112.35480117797857 45.70751057059413
3.5344045162200928 34.0 -4.0 -16.0 -4.0 -112.40351200103765 0.0
3.545612335205078 33.8 -3.799999999999997 -13.415531493969203 -3.799999999999997 -112.4461017131806 17.844685060307853
3.5561091899871826 33.8 -3.799999999999997 -15.199999999999989 -3.799999999999997 -112.4859897613526 0.0
3.566300392150879 33.8 -3.799999999999997 -15.199999999999989 -3.799999999999997 -112.52471632957464 0.0
3.5776453018188477 33.8 -3.799999999999997 -15.199999999999989 -3.799999999999997 -112.56782698631292 0.0
3.588524341583252 33.8 -3.799999999999997 -15.199999999999989 -3.799999999999997 -112.60916733741766 0.0
3.599687337875366 33.8 -3.799999999999997 -15.199999999999989 -3.799999999999997 -112.6515867233277 0.0
3.609776496887207 33.8 -3.799999999999997 -15.199999999999989 -3.799999999999997 -112.6899255275727 0.0
3.620647430419922 33.8 -3.799999999999997 -15.199999999999989 -3.799999999999997 -112.73123507499702 0.0
3.6315228939056396 33.8 -3.799999999999997 -15.199999999999989 -3.799999999999997 -112.77256183624274 0.0
3.644331932067871 33.8 -3.799999999999997 -15.199999999999989 -3.799999999999997 -112.82123618125922 0.0
3.65507173538208 33.8 -3.799999999999997 -15.199999999999989 -3.799999999999997 -112.86204743385322 0.0
3.665996551513672 34.0 -4.0 -17.830694426258155 -4.0 -112.90574669837959 -18.306944262581553
3.6761553287506104 34.0 -4.0 -16.0 -4.0 -112.94638180732734 0.0
3.6876044273376465 34.0 -4.0 -16.0 -4.0 -112.99217820167549 0.0
3.6977546215057373 34.0 -4.0 -16.0 -4.0 -113.03277897834785 0.0
3.7080888748168945 34.0 -4.0 -16.0 -4.0 -113.07411599159248 0.0
3.718064546585083 34.0 -4.0 -16.0 -4.0 -113.11401867866523 0.0
3.7306370735168457 33.6 -3.6000000000000014 -11.218459787988563 -3.6000000000000014 -113.15927977561958 31.815402120114427
3.742189645767212 33.6 -3.6000000000000014 -14.400000000000006 -3.6000000000000014 -113.2008690357209 0.0
3.753969192504883 33.4 -3.3999999999999986 -11.90214180176895 -3.3999999999999986 -113.24091949462898 16.97858198231044
3.764336585998535 33.4 -3.3999999999999986 -13.599999999999994 -3.3999999999999986 -113.2761686325074 0.0
3.77443528175354 33.4 -3.3999999999999986 -13.599999999999994 -3.3999999999999986 -113.31050419807443 0.0
3.785227060317993 33.4 -3.3999999999999986 -13.599999999999994 -3.3999999999999986 -113.34719624519357 0.0
3.7965848445892334 33.4 -3.3999999999999986 -13.599999999999994 -3.3999999999999986 -113.38581271171579 0.0
3.807408571243286 33.4 -3.3999999999999986 -13.599999999999994 -3.3999999999999986 -113.42261338233956 0.0
3.81775164604187 33.4 -3.3999999999999986 -13.599999999999994 -3.3999999999999986 -113.45777983665475 0.0
3.830195903778076 33.4 -3.3999999999999986 -13.599999999999994 -3.3999999999999986 -113.50009031295785 0.0
3.8415215015411377 33.4 -3.3999999999999986 -13.599999999999994 -3.3999999999999986 -113.53859734535226 0.0
3.8525941371917725 33.6 -3.6000000000000014 -16.206254683260873 -3.6000000000000014 -113.57845883369454 -18.06254683260867
3.8633060455322266 33.6 -3.6000000000000014 -14.400000000000006 -3.6000000000000014 -113.61702170372017 0.0
3.8783328533172607 33.6 -3.6000000000000014 -14.400000000000006 -3.6000000000000014 -113.67111821174629 0.0
3.8898627758026123 33.6 -3.6000000000000014 -14.400000000000006 -3.6000000000000014 -113.71262593269356 0.0
3.9010984897613525 33.6 -3.6000000000000014 -14.400000000000006 -3.6000000000000014 -113.75307450294503 0.0
3.9144504070281982 32.9 -2.8999999999999986 -6.357307239027151 -2.8999999999999986 -113.79179506301888 52.42692760972844
3.926331043243408 32.9 -2.8999999999999986 -11.599999999999994 -2.8999999999999986 -113.82624890804298 0.0
3.9366977214813232 32.9 -2.8999999999999986 -11.599999999999994 -2.8999999999999986 -113.85631227493293 0.0
3.948484182357788 32.9 -2.8999999999999986 -11.599999999999994 -2.8999999999999986 -113.89049301147467 0.0
3.959371328353882 33.0 -3.0 -12.918514365802396 -3.0 -113.92315444946296 -9.185143658023957
3.970067024230957 33.0 -3.0 -12.0 -3.0 -113.95524153709418 0.0
3.9799928665161133 33.0 -3.0 -12.0 -3.0 -113.98501906394965 0.0
3.9913718700408936 33.0 -3.0 -12.0 -3.0 -114.01915607452399 0.0
4.0015175342559814 33.0 -3.0 -12.0 -3.0 -114.04959306716925 0.0
4.0133302211761475 33.0 -3.0 -12.0 -3.0 -114.08503112792975 0.0
4.024251222610474 33.0 -3.0 -12.0 -3.0 -114.11779413223273 0.0
4.034711122512817 32.6 -2.6000000000000014 -6.575871626549983 -2.6000000000000014 -114.14498987197882 38.24128373450023
4.046151399612427 32.6 -2.6000000000000014 -10.400000000000006 -2.6000000000000014 -114.1747345924378 0.0
4.057643890380859 33.0 -3.0 -15.480533576748323 -3.0 -114.2092120647431 -34.80533576748323
4.067745685577393 33.0 -3.0 -12.0 -3.0 -114.2395174503327 0.0
4.078198194503784 33.0 -3.0 -12.0 -3.0 -114.27087497711187 0.0
4.088200569152832 33.0 -3.0 -12.0 -3.0 -114.30088210105902 0.0
4.099744558334351 33.0 -3.0 -12.0 -3.0 -114.33551406860357 0.0
4.10980749130249 33.0 -3.0 -12.0 -3.0 -114.36570286750799 0.0
4.11997127532959 33.0 -3.0 -12.0 -3.0 -114.39619421958929 0.0
4.131133317947388 33.0 -3.0 -12.0 -3.0 -114.42968034744268 0.0
4.141108989715576 33.0 -3.0 -12.0 -3.0 -114.45960736274725 0.0
4.152611970901489 32.8 -2.799999999999997 -9.461320289344378 -2.799999999999997 -114.49181571006781 17.386797106556095
4.16415548324585 32.8 -2.799999999999997 -11.199999999999989 -2.799999999999997 -114.52413754463203 0.0
4.175164699554443 32.8 -2.799999999999997 -11.199999999999989 -2.799999999999997 -114.55496335029609 0.0
4.185465335845947 32.8 -2.799999999999997 -11.199999999999989 -2.799999999999997 -114.5838051319123 0.0
4.19774866104126 32.9 -2.8999999999999986 -12.414111801242242 -2.8999999999999986 -114.6194267749787 -8.141118012422476
4.207950592041016 32.9 -2.8999999999999986 -11.599999999999994 -2.8999999999999986 -114.649012374878 0.0
4.224784851074219 32.9 -2.8999999999999986 -11.599999999999994 -2.8999999999999986 -114.69783172607428 0.0
4.236310958862305 32.8 -2.799999999999997 -10.332404434883312 -2.799999999999997 -114.73010482788092 8.675955651166763
4.2482099533081055 32.8 -2.799999999999997 -11.199999999999989 -2.799999999999997 -114.76342201232916 0.0
4.258362770080566 32.8 -2.799999999999997 -11.199999999999989 -2.799999999999997 -114.79184989929205 0.0
4.2754292488098145 32.8 -2.799999999999997 -11.199999999999989 -2.799999999999997 -114.83963603973395 0.0
4.286655902862549 32.8 -2.799999999999997 -11.199999999999989 -2.799999999999997 -114.8710706710816 0.0
4.298048496246338 32.8 -2.799999999999997 -11.199999999999989 -2.799999999999997 -114.9029699325562 0.0
4.308661699295044 32.8 -2.799999999999997 -11.199999999999989 -2.799999999999997 -114.93268690109258 0.0
4.319341421127319 32.8 -2.799999999999997 -11.199999999999989 -2.799999999999997 -114.96259012222295 0.0
4.332122564315796 32.6 -2.6000000000000014 -8.835194747052718 -2.6000000000000014 -114.99582109451299 15.64805252947288
4.34238338470459 32.6 -2.6000000000000014 -10.400000000000006 -2.6000000000000014 -115.02249922752385 0.0
4.354305028915405 32.6 -2.6000000000000014 -10.400000000000006 -2.6000000000000014 -115.05349550247197 0.0
4.36519455909729 32.6 -2.6000000000000014 -10.400000000000006 -2.6000000000000014 -115.08180828094487 0.0
4.375320672988892 32.6 -2.6000000000000014 -10.400000000000006 -2.6000000000000014 -115.10813617706303 0.0
4.386242628097534 32.6 -2.6000000000000014 -10.400000000000006 -2.6000000000000014 -115.1365332603455 0.0
4.397439479827881 32.6 -2.6000000000000014 -10.400000000000006 -2.6000000000000014 -115.1656450748444 0.0
4.407923221588135 32.6 -2.6000000000000014 -10.400000000000006 -2.6000000000000014 -115.19290280342106 0.0
4.4182493686676025 32.6 -2.6000000000000014 -10.400000000000006 -2.6000000000000014 -115.21975078582769 0.0
4.429889678955078 32.6 -2.6000000000000014 -10.400000000000006 -2.6000000000000014 -115.25001559257512 0.0
4.440028667449951 32.6 -2.6000000000000014 -10.400000000000006 -2.6000000000000014 -115.2763769626618 0.0
4.45206880569458 32.6 -2.6000000000000014 -10.400000000000006 -2.6000000000000014 -115.30768132209784 0.0
4.462218523025513 32.6 -2.6000000000000014 -10.400000000000006 -2.6000000000000014 -115.33407058715827 0.0
4.4741761684417725 32.6 -2.6000000000000014 -10.400000000000006 -2.6000000000000014 -115.36516046524054 0.0
4.484408617019653 32.6 -2.6000000000000014 -10.400000000000006 -2.6000000000000014 -115.39176483154303 0.0
4.495311260223389 32.6 -2.6000000000000014 -10.400000000000006 -2.6000000000000014 -115.42011170387273 0.0
4.506384611129761 32.6 -2.6000000000000014 -10.400000000000006 -2.6000000000000014 -115.4489024162293 0.0
4.517334461212158 32.6 -2.6000000000000014 -10.400000000000006 -2.6000000000000014 -115.47737202644353 0.0
4.528193950653076 32.6 -2.6000000000000014 -10.400000000000006 -2.6000000000000014 -115.50560669898992 0.0
4.539592981338501 32.6 -2.6000000000000014 -10.400000000000006 -2.6000000000000014 -115.53524417877203 0.0
4.550705909729004 32.6 -2.6000000000000014 -10.400000000000006 -2.6000000000000014 -115.56413779258735 0.0
4.561559677124023 32.6 -2.6000000000000014 -10.400000000000006 -2.6000000000000014 -115.59235758781439 0.0
4.572284936904907 32.6 -2.6000000000000014 -10.400000000000006 -2.6000000000000014 -115.62024326324469 0.0
4.582652568817139 32.6 -2.6000000000000014 -10.400000000000006 -2.6000000000000014 -115.64719910621649 0.0
4.593991756439209 32.6 -2.6000000000000014 -10.400000000000006 -2.6000000000000014 -115.67668099403387 0.0
4.605253458023071 32.1 -2.1000000000000014 -3.960173600084688 -2.1000000000000014 -115.70033056735998 44.39826399915317
4.616174221038818 32.1 -2.1000000000000014 -8.400000000000006 -2.1000000000000014 -115.72326416969305 0.0
4.62712025642395 32.1 -2.1000000000000014 -8.400000000000006 -2.1000000000000014 -115.74625084400184 0.0
4.637922763824463 32.1 -2.1000000000000014 -8.400000000000006 -2.1000000000000014 -115.7689361095429 0.0
4.6480138301849365 32.1 -2.1000000000000014 -8.400000000000006 -2.1000000000000014 -115.7901273488999 0.0
4.659681558609009 32.1 -2.1000000000000014 -8.400000000000006 -2.1000000000000014 -115.81462957859046 0.0
4.674563407897949 32.1 -2.1000000000000014 -8.400000000000006 -2.1000000000000014 -115.84588146209722 0.0
4.685971260070801 32.1 -2.1000000000000014 -8.400000000000006 -2.1000000000000014 -115.86983795166022 0.0
4.696280002593994 32.1 -2.1000000000000014 -8.400000000000006 -2.1000000000000014 -115.89148631095892 0.0
4.708182096481323 32.1 -2.1000000000000014 -8.400000000000006 -2.1000000000000014 -115.91648070812232 0.0
4.718444585800171 32.1 -2.1000000000000014 -8.400000000000006 -2.1000000000000014 -115.9380319356919 0.0
4.730165481567383 32.1 -2.1000000000000014 -8.400000000000006 -2.1000000000000014 -115.96264581680305 0.0
4.740222692489624 32.1 -2.1000000000000014 -8.400000000000006 -2.1000000000000014 -115.98376595973976 0.0
4.752013683319092 32.1 -2.1000000000000014 -8.400000000000006 -2.1000000000000014 -116.00852704048164 0.0
4.762120723724365 32.1 -2.1000000000000014 -8.400000000000006 -2.1000000000000014 -116.02975182533271 0.0
4.7736687660217285 32.1 -2.1000000000000014 -8.400000000000006 -2.1000000000000014 -116.05400271415718 0.0
4.784207105636597 32.1 -2.1000000000000014 -8.400000000000006 -2.1000000000000014 -116.07613322734841 0.0
4.7950758934021 32.1 -2.1000000000000014 -8.400000000000006 -2.1000000000000014 -116.09895768165596 0.0
4.80617094039917 32.1 -2.1000000000000014 -8.400000000000006 -2.1000000000000014 -116.12225728034981 0.0
4.817107677459717 32.1 -2.1000000000000014 -8.400000000000006 -2.1000000000000014 -116.14522442817696 0.0
4.8279128074646 32.1 -2.1000000000000014 -8.400000000000006 -2.1000000000000014 -116.16791520118721 0.0
4.842303276062012 32.1 -2.1000000000000014 -8.400000000000006 -2.1000000000000014 -116.19813518524178 0.0
4.854001760482788 32.1 -2.1000000000000014 -8.400000000000006 -2.1000000000000014 -116.22270200252541 0.0
4.864533424377441 32.1 -2.1000000000000014 -8.400000000000006 -2.1000000000000014 -116.24481849670418 0.0
4.874562740325928 32.1 -2.1000000000000014 -8.400000000000006 -2.1000000000000014 -116.26588006019601 0.0
4.885919094085693 32.1 -2.1000000000000014 -8.400000000000006 -2.1000000000000014 -116.28972840309152 0.0
4.896214008331299 32.1 -2.1000000000000014 -8.400000000000006 -2.1000000000000014 -116.31134772300729 0.0
4.907744646072388 32.6 -2.6000000000000014 -14.736273597584937 -2.6000000000000014 -116.34132738113412 -43.362735975849304
4.9179816246032715 32.6 -2.6000000000000014 -10.400000000000006 -2.6000000000000014 -116.36794352531442 0.0
4.928595066070557 32.1 -2.1000000000000014 -3.68899272171804 -2.1000000000000014 -116.39023175239572 47.11007278281966
4.939879655838013 32.1 -2.1000000000000014 -8.400000000000006 -2.1000000000000014 -116.41392939090738 0.0
4.950026273727417 32.1 -2.1000000000000014 -8.400000000000006 -2.1000000000000014 -116.43523728847514 0.0
4.961724519729614 32.6 -2.6000000000000014 -14.674145029144423 -2.6000000000000014 -116.46565272808085 -42.741450291444174
4.972337245941162 32.6 -2.6000000000000014 -10.400000000000006 -2.6000000000000014 -116.49324581623088 0.0
4.984379768371582 32.6 -2.6000000000000014 -10.400000000000006 -2.6000000000000014 -116.52455637454997 0.0
4.994473218917847 32.6 -2.6000000000000014 -10.400000000000006 -2.6000000000000014 -116.55079934597026 0.0
5.006726503372192 32.6 -2.6000000000000014 -10.400000000000006 -2.6000000000000014 -116.58265788555155 0.0
5.017336130142212 32.6 -2.6000000000000014 -10.400000000000006 -2.6000000000000014 -116.6102429151536 0.0
5.028517007827759 32.6 -2.6000000000000014 -10.400000000000006 -2.6000000000000014 -116.63931319713603 0.0
5.038720369338989 32.6 -2.6000000000000014 -10.400000000000006 -2.6000000000000014 -116.66584193706524 0.0
5.049911737442017 32.6 -2.6000000000000014 -10.400000000000006 -2.6000000000000014 -116.69493949413311 0.0
5.061060905456543 32.6 -2.6000000000000014 -10.400000000000006 -2.6000000000000014 -116.72392733097088 0.0
5.076757431030273 32.6 -2.6000000000000014 -10.400000000000006 -2.6000000000000014 -116.76473829746259 0.0
5.087747573852539 32.6 -2.6000000000000014 -10.400000000000006 -2.6000000000000014 -116.79331266880048 0.0
5.098689556121826 32.6 -2.6000000000000014 -10.400000000000006 -2.6000000000000014 -116.82176182270062 0.0
5.1100170612335205 32.6 -2.6000000000000014 -10.400000000000006 -2.6000000000000014 -116.85121333599103 0.0
5.12078857421875 32.6 -2.6000000000000014 -10.400000000000006 -2.6000000000000014 -116.87921926975262 0.0
5.131677627563477 32.6 -2.6000000000000014 -10.400000000000006 -2.6000000000000014 -116.90753080844891 0.0
5.143297433853149 32.6 -2.6000000000000014 -10.400000000000006 -2.6000000000000014 -116.93774230480206 0.0
5.153366327285767 32.6 -2.6000000000000014 -10.400000000000006 -2.6000000000000014 -116.96392142772686 0.0
5.165478229522705 32.6 -2.6000000000000014 -10.400000000000006 -2.6000000000000014 -116.9954123735429 0.0
5.175637722015381 32.6 -2.6000000000000014 -10.400000000000006 -2.6000000000000014 -117.02182705402386 0.0
5.186758756637573 32.1 -2.1000000000000014 -3.9040154357380263 -2.1000000000000014 -117.04518122673046 44.95984564261979
5.197505474090576 32.1 -2.1000000000000014 -8.400000000000006 -2.1000000000000014 -117.06774933338177 0.0
5.209271669387817 32.1 -2.1000000000000014 -8.400000000000006 -2.1000000000000014 -117.09245834350598 0.0
5.21940016746521 32.1 -2.1000000000000014 -8.400000000000006 -2.1000000000000014 -117.1137281894685 0.0
5.2310919761657715 32.1 -2.1000000000000014 -8.400000000000006 -2.1000000000000014 -117.13828098773968 0.0
5.241254568099976 32.1 -2.1000000000000014 -8.400000000000006 -2.1000000000000014 -117.1596224308015 0.0
5.251369953155518 32.1 -2.1000000000000014 -8.400000000000006 -2.1000000000000014 -117.18086473941814 0.0
5.263371467590332 32.1 -2.1000000000000014 -8.400000000000006 -2.1000000000000014 -117.20606791973125 0.0
5.273796558380127 32.1 -2.1000000000000014 -8.400000000000006 -2.1000000000000014 -117.22796061038983 0.0
5.28443455696106 32.1 -2.1000000000000014 -8.400000000000006 -2.1000000000000014 -117.25030040740978 0.0
5.295133113861084 32.1 -2.1000000000000014 -8.400000000000006 -2.1000000000000014 -117.27276737689984 0.0
5.305958986282349 32.1 -2.1000000000000014 -8.400000000000006 -2.1000000000000014 -117.29550170898449 0.0
5.317429065704346 32.1 -2.1000000000000014 -8.400000000000006 -2.1000000000000014 -117.31958887577068 0.0
5.328205347061157 32.1 -2.1000000000000014 -8.400000000000006 -2.1000000000000014 -117.34221906661998 0.0
5.3382391929626465 32.1 -2.1000000000000014 -8.400000000000006 -2.1000000000000014 -117.3632901430131 0.0
5.350103139877319 32.1 -2.1000000000000014 -8.400000000000006 -2.1000000000000014 -117.38820443153392 0.0
5.364121198654175 32.1 -2.1000000000000014 -8.400000000000006 -2.1000000000000014 -117.41764235496532 0.0
5.378273010253906 32.1 -2.1000000000000014 -8.400000000000006 -2.1000000000000014 -117.44736115932476 0.0
5.39244818687439 32.1 -2.1000000000000014 -8.400000000000006 -2.1000000000000014 -117.47712903022777 0.0
5.412609100341797 32.1 -2.1000000000000014 -8.400000000000006 -2.1000000000000014 -117.51946694850933 0.0
5.42775297164917 32.1 -2.1000000000000014 -8.400000000000006 -2.1000000000000014 -117.55126907825482 0.0
5.438603401184082 32.1 -2.1000000000000014 -8.400000000000006 -2.1000000000000014 -117.57405498027813 0.0
5.448684215545654 32.1 -2.1000000000000014 -8.400000000000006 -2.1000000000000014 -117.59522469043743 0.0
5.460162162780762 32.1 -2.1000000000000014 -8.400000000000006 -2.1000000000000014 -117.61932837963116 0.0
5.476650953292847 32.1 -2.1000000000000014 -8.400000000000006 -2.1000000000000014 -117.65395483970653 0.0
5.4878785610198975 32.1 -2.1000000000000014 -8.400000000000006 -2.1000000000000014 -117.67753281593333 0.0
5.49927544593811 32.1 -2.1000000000000014 -8.400000000000006 -2.1000000000000014 -117.70146627426158 0.0
5.509909152984619 32.1 -2.1000000000000014 -8.400000000000006 -2.1000000000000014 -117.72379705905925 0.0
5.522381782531738 32.1 -2.1000000000000014 -8.400000000000006 -2.1000000000000014 -117.7499895811082 0.0
5.534716367721558 32.1 -2.1000000000000014 -8.400000000000006 -2.1000000000000014 -117.77589221000682 0.0
5.544774055480957 32.1 -2.1000000000000014 -8.400000000000006 -2.1000000000000014 -117.79701335430155 0.0
5.555382966995239 32.1 -2.1000000000000014 -8.400000000000006 -2.1000000000000014 -117.81929206848154 0.0
5.566781282424927 32.1 -2.1000000000000014 -8.400000000000006 -2.1000000000000014 -117.84322853088389 0.0
5.577719449996948 32.1 -2.1000000000000014 -8.400000000000006 -2.1000000000000014 -117.86619868278514 0.0
5.587843656539917 32.1 -2.1000000000000014 -8.400000000000006 -2.1000000000000014 -117.88745951652537 0.0
5.602215766906738 32.1 -2.1000000000000014 -8.400000000000006 -2.1000000000000014 -117.9176409482957 0.0
5.612365007400513 32.1 -2.1000000000000014 -8.400000000000006 -2.1000000000000014 -117.93895435333262 0.0
5.625151872634888 32.1 -2.1000000000000014 -8.400000000000006 -2.1000000000000014 -117.9658067703248 0.0
5.635215759277344 32.1 -2.1000000000000014 -8.400000000000006 -2.1000000000000014 -117.98694093227397 0.0
5.646178245544434 32.1 -2.1000000000000014 -8.400000000000006 -2.1000000000000014 -118.00996215343486 0.0
5.657409429550171 32.1 -2.1000000000000014 -8.400000000000006 -2.1000000000000014 -118.0335476398469 0.0
5.6682024002075195 32.1 -2.1000000000000014 -8.400000000000006 -2.1000000000000014 -118.05621287822733 0.0
5.6793904304504395 32.1 -2.1000000000000014 -8.400000000000006 -2.1000000000000014 -118.07970774173747 0.0
5.689608812332153 32.1 -2.1000000000000014 -8.400000000000006 -2.1000000000000014 -118.10116634368906 0.0
5.700659990310669 32.1 -2.1000000000000014 -8.400000000000006 -2.1000000000000014 -118.12437381744394 0.0
5.712150573730469 32.1 -2.1000000000000014 -8.400000000000006 -2.1000000000000014 -118.14850404262552 0.0
5.741623401641846 32.1 -2.1000000000000014 -8.400000000000006 -2.1000000000000014 -118.21039698123941 0.0
5.752033948898315 32.1 -2.1000000000000014 -8.400000000000006 -2.1000000000000014 -118.232259130478 0.0
5.7626423835754395 32.1 -2.1000000000000014 -8.400000000000006 -2.1000000000000014 -118.25453684329996 0.0
5.77437162399292 32.1 -2.1000000000000014 -8.400000000000006 -2.1000000000000014 -118.27916824817667 0.0
5.785285949707031 32.1 -2.1000000000000014 -8.400000000000006 -2.1000000000000014 -118.30208833217631 0.0
5.795476675033569 32.1 -2.1000000000000014 -8.400000000000006 -2.1000000000000014 -118.32348885536204 0.0
5.806281805038452 32.1 -2.1000000000000014 -8.400000000000006 -2.1000000000000014 -118.3461796283723 0.0
5.818013429641724 32.1 -2.1000000000000014 -8.400000000000006 -2.1000000000000014 -118.37081604003917 0.0
5.8284947872161865 32.1 -2.1000000000000014 -8.400000000000006 -2.1000000000000014 -118.39282689094554 0.0
5.839799880981445 32.1 -2.1000000000000014 -8.400000000000006 -2.1000000000000014 -118.41656758785258 0.0
5.849970579147339 32.1 -2.1000000000000014 -8.400000000000006 -2.1000000000000014 -118.43792605400095 0.0
5.860688924789429 32.1 -2.1000000000000014 -8.400000000000006 -2.1000000000000014 -118.46043457984935 0.0
5.877539873123169 32.1 -2.1000000000000014 -8.400000000000006 -2.1000000000000014 -118.4958215713502 0.0
5.887828826904297 32.1 -2.1000000000000014 -8.400000000000006 -2.1000000000000014 -118.51742837429057 0.0
5.8980982303619385 32.1 -2.1000000000000014 -8.400000000000006 -2.1000000000000014 -118.53899412155162 0.0
5.909623146057129 32.1 -2.1000000000000014 -8.400000000000006 -2.1000000000000014 -118.56319644451152 0.0
5.931726455688477 32.1 -2.1000000000000014 -8.400000000000006 -2.1000000000000014 -118.60961339473735 0.0
5.949389219284058 32.1 -2.1000000000000014 -8.400000000000006 -2.1000000000000014 -118.64670519828807 0.0
5.959793567657471 32.1 -2.1000000000000014 -8.400000000000006 -2.1000000000000014 -118.66855432987224 0.0
5.970383405685425 32.1 -2.1000000000000014 -8.400000000000006 -2.1000000000000014 -118.69079298973094 0.0
5.980821847915649 32.1 -2.1000000000000014 -8.400000000000006 -2.1000000000000014 -118.7127137184144 0.0
5.992364168167114 32.1 -2.1000000000000014 -8.400000000000006 -2.1000000000000014 -118.73695259094248 0.0
6.003836154937744 32.1 -2.1000000000000014 -8.400000000000006 -2.1000000000000014 -118.7610437631608 0.0
6.015432119369507 32.1 -2.1000000000000014 -8.400000000000006 -2.1000000000000014 -118.7853952884675 0.0
6.02632212638855 32.1 -2.1000000000000014 -8.400000000000006 -2.1000000000000014 -118.8082643032075 0.0
6.0366370677948 32.1 -2.1000000000000014 -8.400000000000006 -2.1000000000000014 -118.82992568016061 0.0
6.048372268676758 32.1 -2.1000000000000014 -8.400000000000006 -2.1000000000000014 -118.85456960201273 0.0
6.058530569076538 32.1 -2.1000000000000014 -8.400000000000006 -2.1000000000000014 -118.87590203285227 0.0
6.069595813751221 32.1 -2.1000000000000014 -8.400000000000006 -2.1000000000000014 -118.8991390466691 0.0
6.079737186431885 32.1 -2.1000000000000014 -8.400000000000006 -2.1000000000000014 -118.9204359292985 0.0
6.0906336307525635 32.1 -2.1000000000000014 -8.400000000000006 -2.1000000000000014 -118.94331846237193 0.0
6.104355335235596 32.1 -2.1000000000000014 -8.400000000000006 -2.1000000000000014 -118.9721340417863 0.0
6.1153764724731445 32.1 -2.1000000000000014 -8.400000000000006 -2.1000000000000014 -118.99527842998516 0.0
6.126192569732666 32.1 -2.1000000000000014 -8.400000000000006 -2.1000000000000014 -119.01799223423016 0.0
6.137479066848755 32.1 -2.1000000000000014 -8.400000000000006 -2.1000000000000014 -119.04169387817394 0.0
6.148382663726807 32.1 -2.1000000000000014 -8.400000000000006 -2.1000000000000014 -119.06459143161786 0.0
6.159375190734863 32.1 -2.1000000000000014 -8.400000000000006 -2.1000000000000014 -119.08767573833478 0.0
6.169653415679932 32.1 -2.1000000000000014 -8.400000000000006 -2.1000000000000014 -119.10926001071942 0.0
6.1803672313690186 32.1 -2.1000000000000014 -8.400000000000006 -2.1000000000000014 -119.1317590236665 0.0
6.19059419631958 32.1 -2.1000000000000014 -8.400000000000006 -2.1000000000000014 -119.15323565006268 0.0
6.202484369277954 32.1 -2.1000000000000014 -8.400000000000006 -2.1000000000000014 -119.17820501327527 0.0
6.213876485824585 32.1 -2.1000000000000014 -8.400000000000006 -2.1000000000000014 -119.2021284580232 0.0
6.226067543029785 32.1 -2.1000000000000014 -8.400000000000006 -2.1000000000000014 -119.22772967815412 0.0
6.236182928085327 32.1 -2.1000000000000014 -8.400000000000006 -2.1000000000000014 -119.24897198677075 0.0
6.247631311416626 32.1 -2.1000000000000014 -8.400000000000006 -2.1000000000000014 -119.27301359176649 0.0
6.257749795913696 32.1 -2.1000000000000014 -8.400000000000006 -2.1000000000000014 -119.29426240921033 0.0
6.268057584762573 32.1 -2.1000000000000014 -8.400000000000006 -2.1000000000000014 -119.31590876579297 0.0
6.28382420539856 32.1 -2.1000000000000014 -8.400000000000006 -2.1000000000000014 -119.34901866912854 0.0
6.294566631317139 32.1 -2.1000000000000014 -8.400000000000006 -2.1000000000000014 -119.37157776355755 0.0
6.306194067001343 32.1 -2.1000000000000014 -8.400000000000006 -2.1000000000000014 -119.39599537849438 0.0
6.3173604011535645 32.1 -2.1000000000000014 -8.400000000000006 -2.1000000000000014 -119.41944468021404 0.0
6.327984809875488 32.1 -2.1000000000000014 -8.400000000000006 -2.1000000000000014 -119.44175593853008 0.0
6.339257001876831 32.1 -2.1000000000000014 -8.400000000000006 -2.1000000000000014 -119.4654275417329 0.0
6.350318670272827 32.1 -2.1000000000000014 -8.400000000000006 -2.1000000000000014 -119.48865704536449 0.0
6.360511064529419 32.1 -2.1000000000000014 -8.400000000000006 -2.1000000000000014 -119.51006107330333 0.0
6.371403455734253 32.1 -2.1000000000000014 -8.400000000000006 -2.1000000000000014 -119.53293509483349 0.0
6.381572723388672 32.1 -2.1000000000000014 -8.400000000000006 -2.1000000000000014 -119.55429055690777 0.0
6.392399549484253 32.1 -2.1000000000000014 -8.400000000000006 -2.1000000000000014 -119.5770268917085 0.0
6.4044508934021 32.1 -2.1000000000000014 -8.400000000000006 -2.1000000000000014 -119.60233471393597 0.0
6.416133642196655 32.1 -2.1000000000000014 -8.400000000000006 -2.1000000000000014 -119.62686848640455 0.0
6.427136421203613 32.1 -2.1000000000000014 -8.400000000000006 -2.1000000000000014 -119.64997432231915 0.0
6.437834024429321 32.1 -2.1000000000000014 -8.400000000000006 -2.1000000000000014 -119.67243928909313 0.0
6.447925806045532 32.1 -2.1000000000000014 -8.400000000000006 -2.1000000000000014 -119.69363203048718 0.0
6.459823131561279 32.1 -2.1000000000000014 -8.400000000000006 -2.1000000000000014 -119.71861641407025 0.0
6.469951152801514 32.1 -2.1000000000000014 -8.400000000000006 -2.1000000000000014 -119.73988525867475 0.0
6.48065185546875 32.1 -2.1000000000000014 -8.400000000000006 -2.1000000000000014 -119.76235673427594 0.0
6.490756511688232 32.1 -2.1000000000000014 -8.400000000000006 -2.1000000000000014 -119.78357651233685 0.0
6.507845401763916 32.1 -2.1000000000000014 -8.400000000000006 -2.1000000000000014 -119.81946318149579 0.0
6.519651889801025 32.1 -2.1000000000000014 -8.400000000000006 -2.1000000000000014 -119.84425680637372 0.0
6.53052830696106 32.1 -2.1000000000000014 -8.400000000000006 -2.1000000000000014 -119.86709728240979 0.0
6.540635824203491 32.1 -2.1000000000000014 -8.400000000000006 -2.1000000000000014 -119.88832306861889 0.0
6.552444696426392 32.1 -2.1000000000000014 -8.400000000000006 -2.1000000000000014 -119.91312170028698 0.0
6.564482927322388 32.1 -2.1000000000000014 -8.400000000000006 -2.1000000000000014 -119.93840198516857 0.0
6.5752012729644775 32.1 -2.1000000000000014 -8.400000000000006 -2.1000000000000014 -119.96091051101696 0.0
6.585527420043945 32.1 -2.1000000000000014 -8.400000000000006 -2.1000000000000014 -119.98259541988385 0.0
6.596302509307861 32.1 -2.1000000000000014 -8.400000000000006 -2.1000000000000014 -120.00522310733807 0.0
6.607447862625122 32.1 -2.1000000000000014 -8.400000000000006 -2.1000000000000014 -120.02862834930431 0.0
6.619577646255493 32.6 -2.6000000000000014 -14.522085069580948 -2.6000000000000014 -120.06016578674328 -41.22085069580942
