0 0
0.0007059574127197266 83.1 -53.099999999999994 -48189.77327685791
0.035477399826049805 82.9 -52.900000000000006 -5287.124076740583
0.047768354415893555 83.4 -53.400000000000006 -5360.340161390442
0.0576329231262207 83.4 -53.400000000000006 -5340.000000000001
0.06788444519042969 83.4 -53.400000000000006 -5340.000000000001
0.0786900520324707 82.7 -52.7 -5237.609408234412
0.08952808380126953 82.7 -52.7 -5270.0
0.10074996948242188 82.7 -52.7 -5270.0
0.11026740074157715 82.7 -52.7 -5270.0
0.12085628509521484 82.7 -52.7 -5270.0
0.1311020851135254 85.5 -55.5 -5686.641355238051
0.14168310165405273 85.5 -55.5 -5550.0
0.1526322364807129 83.3 -53.3 -5229.535441163662
0.1625969409942627 83.3 -53.3 -5330.0
0.17282652854919434 84.3 -54.3 -5478.877825945089
0.18400859832763672 84.3 -54.3 -5430.0
0.19492220878601074 84.3 -54.3 -5430.0
0.2053697109222412 82.3 -52.3 -5134.28334094021
0.21578741073608398 82.3 -52.3 -5230.0
0.22602367401123047 84.9 -54.900000000000006 -5616.999468952346
0.23688602447509766 84.9 -54.900000000000006 -5490.000000000001
0.2474961280822754 84.9 -54.900000000000006 -5490.000000000001
0.25778889656066895 84.9 -54.900000000000006 -5490.000000000001
0.28280067443847656 84.9 -54.900000000000006 -5490.000000000001
0.2945129871368408 84.9 -54.900000000000006 -5490.000000000001
0.3041543960571289 81.6 -51.599999999999994 -4988.863186527855
0.31548213958740234 81.6 -51.599999999999994 -5159.999999999999
0.32540464401245117 81.6 -51.599999999999994 -5159.999999999999
0.33753156661987305 80.2 -50.2 -4962.277194086191
0.3481597900390625 80.2 -50.2 -5020.0
0.35877299308776855 83.1 -53.099999999999994 -5446.622280130292
0.3687019348144531 83.1 -53.099999999999994 -5309.999999999999
0.37892580032348633 83.1 -53.099999999999994 -5309.999999999999
0.39157676696777344 79.6 -49.599999999999994 -4821.670649428969
0.4017164707183838 79.6 -49.599999999999994 -4959.999999999999
0.41286516189575195 77.4 -47.400000000000006 -4641.333709715363
0.42400550842285156 77.4 -47.400000000000006 -4740.000000000001
0.43349266052246094 77.4 -47.400000000000006 -4740.000000000001
0.44477057456970215 77.4 -47.400000000000006 -4740.000000000001
0.4545905590057373 77.4 -47.400000000000006 -4740.000000000001
0.4645557403564453 77.4 -47.400000000000006 -4740.000000000001
0.4741671085357666 77.4 -47.400000000000006 -4740.000000000001
0.48512768745422363 79.2 -49.2 -5002.112451057165
0.4971015453338623 79.2 -49.2 -4920.0
0.5076737403869629 79.2 -49.2 -4920.0
0.5222287178039551 76.4 -46.400000000000006 -4543.812973397983
0.5372183322906494 75.6 -45.599999999999994 -4533.314857406434
0.552605390548706 75.6 -45.599999999999994 -4559.999999999999
0.567234992980957 75.8 -45.8 -4586.835455745506
0.5815799236297607 75.8 -45.8 -4580.0
0.5951261520385742 75.8 -45.8 -4580.0
0.6049933433532715 75.8 -45.8 -4580.0
0.6171233654022217 75.8 -45.8 -4580.0
0.6270151138305664 75.8 -45.8 -4580.0
0.6369578838348389 75.8 -45.8 -4580.0
0.6475160121917725 75.8 -45.8 -4580.0
0.6573081016540527 75.8 -45.8 -4580.0
0.6709532737731934 75.8 -45.8 -4580.0
0.6812608242034912 75.8 -45.8 -4580.0
0.6917262077331543 93.1 -63.099999999999994 -7136.534448114819
0.7029733657836914 93.1 -63.099999999999994 -6309.999999999999
0.7128345966339111 93.1 -63.099999999999994 -6309.999999999999
0.7235510349273682 93.1 -63.099999999999994 -6309.999999999999
0.7330567836761475 93.1 -63.099999999999994 -6309.999999999999
0.7429063320159912 93.1 -63.099999999999994 -6309.999999999999
0.7546329498291016 93.1 -63.099999999999994 -6309.999999999999
0.7646470069885254 93.1 -63.099999999999994 -6309.999999999999
0.7741971015930176 93.1 -63.099999999999994 -6309.999999999999
0.7847030162811279 93.1 -63.099999999999994 -6309.999999999999
0.7945301532745361 93.1 -63.099999999999994 -6309.999999999999
0.8052477836608887 93.1 -63.099999999999994 -6309.999999999999
0.8162670135498047 90.7 -60.7 -5961.099467739842
0.8271806240081787 90.7 -60.7 -6070.0
0.8370194435119629 90.7 -60.7 -6070.0
0.8468873500823975 90.7 -60.7 -6070.0
0.8575286865234375 90.7 -60.7 -6070.0
0.867511510848999 90.7 -60.7 -6070.0
0.8781428337097168 90.7 -60.7 -6070.0
0.8886146545410156 90.7 -60.7 -6070.0
0.899763822555542 76.4 -46.400000000000006 -3998.6965421380164
0.9097673892974854 76.4 -46.400000000000006 -4640.000000000001
0.92087721824646 76.4 -46.400000000000006 -4640.000000000001
0.9308679103851318 76.4 -46.400000000000006 -4640.000000000001
0.9468581676483154 76.4 -46.400000000000006 -4640.000000000001
0.9580423831939697 76.4 -46.400000000000006 -4640.000000000001
0.9678988456726074 76.4 -46.400000000000006 -4640.000000000001
0.978708028793335 85.3 -55.3 -5941.686984140988
0.9890921115875244 85.3 -55.3 -5530.0
1.0012450218200684 85.3 -55.3 -5530.0
1.011028528213501 85.3 -55.3 -5530.0
1.021270990371704 85.3 -55.3 -5530.0
1.0310590267181396 85.3 -55.3 -5530.0
1.0408246517181396 85.3 -55.3 -5530.0
1.052077293395996 82.3 -52.3 -5096.697968091192
1.0679113864898682 82.3 -52.3 -5230.0
1.0782122611999512 82.4 -52.400000000000006 -5244.853956717974
1.0882306098937988 82.4 -52.400000000000006 -5240.000000000001
1.0987427234649658 81.7 -51.7 -5136.705078133859
1.1101593971252441 81.7 -51.7 -5170.0
1.1210639476776123 81.7 -51.7 -5170.0
1.1313645839691162 80.0 -50.0 -4917.480825849459
1.1411309242248535 80.0 -50.0 -5000.0
1.1508653163909912 80.0 -50.0 -5000.0
1.161344051361084 80.0 -50.0 -5000.0
1.1710920333862305 80.0 -50.0 -5000.0
1.1809275150299072 80.0 -50.0 -5000.0
1.1908245086669922 80.0 -50.0 -5000.0
1.201507806777954 78.8 -48.8 -4823.837568345644
1.2124793529510498 78.8 -48.8 -4880.0
1.2230644226074219 78.0 -48.0 -4762.210924161543
1.2339684963226318 78.0 -48.0 -4800.0
1.24342942237854 78.0 -48.0 -4800.0
1.2549967765808105 76.5 -46.5 -4585.162355463033
1.264913558959961 76.5 -46.5 -4650.0
1.275136947631836 76.6 -46.599999999999994 -4664.890746268656
1.285076379776001 76.6 -46.599999999999994 -4659.999999999999
1.2953743934631348 76.6 -46.599999999999994 -4659.999999999999
1.3073527812957764 75.8 -45.8 -4546.606524551661
1.3179047107696533 75.8 -45.8 -4580.0
1.3277478218078613 75.8 -45.8 -4580.0
1.337594985961914 75.8 -45.8 -4580.0
1.347367763519287 75.8 -45.8 -4580.0
1.3588330745697021 74.4 -44.400000000000006 -4378.946270456862
1.3687398433685303 74.4 -44.400000000000006 -4440.000000000001
1.3790533542633057 73.6 -43.599999999999994 -4321.215923066252
1.389021396636963 73.6 -43.599999999999994 -4359.999999999999
1.4001030921936035 73.4 -43.400000000000006 -4330.976110154907
1.4110815525054932 73.4 -43.400000000000006 -4340.000000000001
1.421783208847046 73.4 -43.400000000000006 -4340.000000000001
1.4325573444366455 72.6 -42.599999999999994 -4222.874051781366
1.4422225952148438 72.6 -42.599999999999994 -4259.999999999999
1.4529716968536377 71.8 -41.8 -4142.787587889542
1.4681692123413086 71.8 -41.8 -4180.0
1.4791128635406494 70.6 -40.599999999999994 -4005.173691204984
1.4892888069152832 70.6 -40.599999999999994 -4059.9999999999995
1.5000648498535156 69.7 -39.7 -3928.2407009159706
1.5113656520843506 69.7 -39.7 -3970.0000000000005
1.5216774940490723 69.7 -39.7 -3970.0000000000005
1.5325357913970947 69.7 -39.7 -3970.0000000000005
1.5425426959991455 69.7 -39.7 -3970.0000000000005
1.5528922080993652 68.5 -38.5 -3792.026252620424
1.5642516613006592 68.5 -38.5 -3850.0
1.5757644176483154 67.9 -37.900000000000006 -3763.9419483101397
1.5860621929168701 67.9 -37.900000000000006 -3790.0000000000005
1.5957751274108887 67.9 -37.900000000000006 -3790.0000000000005
1.6072998046875 67.7 -37.7 -3761.322967437627
1.6186909675598145 67.7 -37.7 -3770.0000000000005
1.6293954849243164 66.1 -36.099999999999994 -3535.2651966680023
1.6392998695373535 66.1 -36.099999999999994 -3609.9999999999995
1.6490716934204102 65.8 -35.8 -3564.649743814961
1.659752607345581 65.8 -35.8 -3579.9999999999995
1.6710500717163086 65.8 -35.8 -3579.9999999999995
1.681441068649292 65.8 -35.8 -3579.9999999999995
1.6912755966186523 65.8 -35.8 -3579.9999999999995
1.7016334533691406 63.4 -33.4 -3224.145916582267
1.7151219844818115 63.4 -33.4 -3340.0
1.7254149913787842 63.0 -33.0 -3280.5693319744278
1.735245943069458 63.0 -33.0 -3300.0
1.7450675964355469 63.0 -33.0 -3300.0
1.7554619312286377 63.3 -33.3 -3344.430937908571
1.7690119743347168 63.3 -33.3 -3329.9999999999995
1.779797077178955 61.6 -31.6 -3081.1875851092054
1.7989521026611328 61.4 -31.4 -3134.7794379029647
1.8235363960266113 60.9 -30.9 -3079.8309055996274
1.8335175514221191 60.9 -30.9 -3090.0
1.843503475189209 60.5 -30.5 -3029.9718078502533
1.854151725769043 60.5 -30.5 -3050.0
1.8635361194610596 59.5 -29.5 -2896.720052844186
1.8802316188812256 59.5 -29.5 -2950.0
1.8906714916229248 59.5 -29.5 -2950.0
1.90110445022583 58.8 -28.799999999999997 -2846.452469206334
1.9113163948059082 58.8 -28.799999999999997 -2879.9999999999995
1.924166202545166 57.7 -27.700000000000003 -2727.197803176489
1.93391752243042 57.7 -27.700000000000003 -2770.0000000000005
1.9441542625427246 57.1 -27.1 -2680.6937954164337
1.9586517810821533 57.1 -27.1 -2710.0
1.9699857234954834 57.2 -27.200000000000003 -2724.4115276200096
1.981001377105713 57.2 -27.200000000000003 -2720.0000000000005
1.9913744926452637 56.3 -26.299999999999997 -2586.618626459501
2.00117564201355 56.3 -26.299999999999997 -2629.9999999999995
2.013672351837158 55.3 -25.299999999999997 -2489.9894686635503
2.0257551670074463 55.3 -25.299999999999997 -2529.9999999999995
2.035707950592041 55.3 -25.299999999999997 -2529.9999999999995
2.0467162132263184 55.3 -25.299999999999997 -2529.9999999999995
2.056243419647217 55.3 -25.299999999999997 -2529.9999999999995
2.0676119327545166 54.6 -24.6 -2429.2132122559406
2.078977108001709 54.6 -24.6 -2460.0
2.0895650386810303 54.4 -24.4 -2430.555283838861
2.099745988845825 54.4 -24.4 -2440.0
2.110517740249634 53.5 -23.5 -2308.22406374502
2.1211647987365723 53.5 -23.5 -2350.0
2.1318089962005615 54.2 -24.200000000000003 -2452.881765035279
2.1422505378723145 54.2 -24.200000000000003 -2420.0000000000005
2.152064085006714 54.2 -24.200000000000003 -2420.0000000000005
2.162945032119751 54.4 -24.4 -2449.190376440685
2.1727888584136963 54.4 -24.4 -2440.0
2.1850383281707764 52.7 -22.700000000000003 -2200.6092413095107
2.194922685623169 52.7 -22.700000000000003 -2270.0000000000005
2.2050118446350098 51.7 -21.700000000000003 -2120.441855519059
2.2169368267059326 51.7 -21.700000000000003 -2170.0000000000005
2.227771520614624 51.7 -21.700000000000003 -2170.0000000000005
2.2387590408325195 49.2 -19.200000000000003 -1806.2345665617881
2.2486555576324463 49.2 -19.200000000000003 -1920.0000000000002
2.2590463161468506 48.3 -18.299999999999997 -1786.6922858060661
2.2728726863861084 48.3 -18.299999999999997 -1829.9999999999998
2.285377264022827 47.4 -17.4 -1704.013178767541
2.2953691482543945 47.4 -17.4 -1739.9999999999998
2.3061251640319824 47.1 -17.1 -1696.0543157334755
2.3173141479492188 47.1 -17.1 -1710.0000000000002
2.3293263912200928 45.5 -15.5 -1483.4012821785125
2.339118480682373 45.5 -15.5 -1550.0
2.349729537963867 45.2 -15.200000000000003 -1505.863802633353
2.3598999977111816 45.2 -15.200000000000003 -1520.0000000000002
2.3698830604553223 43.9 -13.899999999999999 -1324.8897210546422
2.3816680908203125 43.9 -13.899999999999999 -1389.9999999999998
2.3915865421295166 43.9 -13.899999999999999 -1389.9999999999998
2.402031898498535 43.7 -13.700000000000003 -1360.4263678071723
2.4118876457214355 43.7 -13.700000000000003 -1370.0000000000002
2.424730062484741 42.7 -12.700000000000003 -1231.0665181472202
2.435394763946533 42.7 -12.700000000000003 -1270.0000000000002
2.4459903240203857 42.4 -12.399999999999999 -1225.8431268423299
2.455726146697998 42.4 -12.399999999999999 -1239.9999999999998
2.466264247894287 41.1 -11.100000000000001 -1048.3190588235298
2.476189613342285 41.1 -11.100000000000001 -1110.0000000000002
2.4877278804779053 40.4 -10.399999999999999 -1009.6661555945859
2.497830390930176 40.4 -10.399999999999999 -1039.9999999999998
2.507694721221924 40.4 -10.399999999999999 -1039.9999999999998
2.518885374069214 40.3 -10.299999999999997 -1025.5319854272745
2.5290963649749756 40.3 -10.299999999999997 -1029.9999999999998
2.5407321453094482 39.9 -9.899999999999999 -972.8116383902958
2.5505125522613525 39.9 -9.899999999999999 -989.9999999999999
2.5610973834991455 39.1 -9.100000000000001 -872.2100729795479
2.57092547416687 39.1 -9.100000000000001 -910.0000000000001
2.5840320587158203 38.5 -8.5 -827.1107416368035
2.5970354080200195 38.5 -8.5 -850.0
2.6100010871887207 38.4 -8.399999999999999 -836.1436651833326
2.626924991607666 38.5 -8.5 -852.9544009917728
2.640885829925537 38.5 -8.5 -850.0
2.6548168659210205 37.0 -7.0 -646.1633721825743
2.664630889892578 37.0 -7.0 -700.0
2.67899489402771 36.6 -6.600000000000001 -646.0763058741516
2.689995050430298 36.6 -6.600000000000001 -660.0000000000001
2.7008347511291504 35.7 -5.700000000000003 -528.4859386341144
2.7105443477630615 35.7 -5.700000000000003 -570.0000000000002
2.721749782562256 34.9 -4.899999999999999 -454.3030362348132
2.7320396900177 34.9 -4.899999999999999 -489.9999999999999
2.7441835403442383 34.0 -4.0 -362.9442073230589
2.7540972232818604 34.0 -4.0 -400.0
2.763047695159912 33.0 -3.0 -244.13702352095044
2.773515462875366 33.0 -3.0 -300.0
2.782863140106201 33.0 -3.0 -300.0
2.794851779937744 32.8 -2.799999999999997 -271.65877018534684
2.804926872253418 32.8 -2.799999999999997 -279.9999999999997
2.816195249557495 32.6 -2.6000000000000014 -251.1256077692913
2.8261098861694336 32.6 -2.6000000000000014 -260.0000000000001
2.837963104248047 32.1 -2.1000000000000014 -188.90868130984003
2.847855806350708 32.1 -2.1000000000000014 -210.00000000000014
2.8582215309143066 32.2 -2.200000000000003 -224.82358948409538
2.8681020736694336 32.2 -2.200000000000003 -220.00000000000028
2.8798210620880127 32.0 -2.0 -191.4668402742456
2.8907816410064697 32.0 -2.0 -200.0
2.9001858234405518 32.0 -2.0 -200.0
2.9107561111450195 30.3 -0.3000000000000007 50.41408368106451
2.9213638305664062 30.3 -0.3000000000000007 -30.00000000000007
2.9321906566619873 28.6 1.3999999999999986 218.5086961308932
2.9442341327667236 28.6 1.3999999999999986 139.99999999999986
2.9550600051879883 28.0 2.0 227.7113925165724
2.9698407649993896 26.9 3.1000000000000014 347.2105363335754
2.9808661937713623 26.9 3.1000000000000014 310.0000000000001
2.9927492141723633 26.7 3.3000000000000007 338.41536887301623
3.002581834793091 26.7 3.3000000000000007 330.00000000000006
3.012576103210449 26.5 3.5 360.00573486962946
3.0250463485717773 26.5 3.5 350.0
3.03489351272583 26.5 3.5 350.0
3.0470755100250244 26.5 3.5 350.0
3.056940793991089 26.7 3.3000000000000007 319.86344434240425
3.0674829483032227 26.7 3.3000000000000007 330.00000000000006
3.0914132595062256 27.3 2.6999999999999993 257.46359805122984
3.102461338043213 28.2 1.8000000000000007 139.26893545393742
3.1121809482574463 28.2 1.8000000000000007 180.00000000000006
3.122950315475464 28.8 1.1999999999999993 92.1432100951958
3.1345317363739014 28.8 1.1999999999999993 119.99999999999993
3.146669387817383 30.3 -0.3000000000000007 -91.7911960557073
3.157459259033203 30.3 -0.3000000000000007 -30.00000000000007
3.167440176010132 30.3 -0.3000000000000007 -30.00000000000007
3.178006410598755 30.8 -0.8000000000000007 -103.66027347804511
3.187875509262085 30.8 -0.8000000000000007 -80.00000000000007
3.2007243633270264 32.1 -2.1000000000000014 -260.58816893045366
3.2106430530548096 32.1 -2.1000000000000014 -210.00000000000014
3.2218034267425537 32.4 -2.3999999999999986 -253.44041016876707
3.231743097305298 32.4 -2.3999999999999986 -239.99999999999986
3.244688034057617 32.6 -2.6000000000000014 -267.7250280873011
3.254201650619507 32.6 -2.6000000000000014 -260.0000000000001
3.2654459476470947 32.1 -2.1000000000000014 -187.76650693354833
3.275498867034912 32.1 -2.1000000000000014 -210.00000000000014
3.2855985164642334 32.1 -2.1000000000000014 -210.00000000000014
3.2970495223999023 32.1 -2.1000000000000014 -210.00000000000014
3.3069512844085693 32.1 -2.1000000000000014 -210.00000000000014
3.317877769470215 32.1 -2.1000000000000014 -210.00000000000014
3.3277084827423096 32.1 -2.1000000000000014 -210.00000000000014
3.3381729125976562 32.6 -2.6000000000000014 -283.8904559021213
3.3493995666503906 32.6 -2.6000000000000014 -260.0000000000001
3.3599538803100586 32.1 -2.1000000000000014 -186.31300262040315
3.369877815246582 32.1 -2.1000000000000014 -210.00000000000014
3.380680561065674 32.1 -2.1000000000000014 -210.00000000000014
3.3929672241210938 32.1 -2.1000000000000014 -210.00000000000014
3.405242681503296 32.1 -2.1000000000000014 -210.00000000000014
3.416059970855713 32.1 -2.1000000000000014 -210.00000000000014
3.4269473552703857 30.3 -0.3000000000000007 52.66448264535198
3.436957836151123 30.3 -0.3000000000000007 -30.00000000000007
3.4490084648132324 28.9 1.1000000000000014 168.0882557771449
3.459170341491699 28.9 1.1000000000000014 110.00000000000014
3.469055652618408 28.6 1.3999999999999986 155.17402923158525
3.49023699760437 28.6 1.3999999999999986 139.99999999999986
3.501699447631836 27.8 2.1999999999999993 254.89655344551446
3.511584520339966 27.8 2.1999999999999993 219.99999999999994
3.5222392082214355 27.3 2.6999999999999993 293.46385016446993
3.532245397567749 27.3 2.6999999999999993 269.99999999999994
3.5441131591796875 27.3 2.6999999999999993 269.99999999999994
3.556525468826294 27.3 2.6999999999999993 269.99999999999994
3.567018985748291 27.3 2.6999999999999993 269.99999999999994
3.577049970626831 27.3 2.6999999999999993 269.99999999999994
3.5874829292297363 27.3 2.6999999999999993 269.99999999999994
3.5979442596435547 27.3 2.6999999999999993 269.99999999999994
3.6099183559417725 28.0 2.0 170.77023674412123
3.620732069015503 28.0 2.0 200.0
3.631110906600952 28.8 1.1999999999999993 81.46003859229981
3.641195774078369 28.8 1.1999999999999993 119.99999999999993
3.6529922485351562 29.8 0.1999999999999993 -22.38554509074747
3.6635169982910156 29.8 0.1999999999999993 19.99999999999993
3.674696683883667 30.8 -0.8000000000000007 -124.7239768825575
3.684581756591797 30.8 -0.8000000000000007 -80.00000000000007
3.6945133209228516 32.1 -2.1000000000000014 -275.44789706164795
3.706186294555664 32.1 -2.1000000000000014 -210.00000000000014
3.7171645164489746 32.1 -2.1000000000000014 -210.00000000000014
3.727653741836548 32.1 -2.1000000000000014 -210.00000000000014
3.737534284591675 32.1 -2.1000000000000014 -210.00000000000014
3.7480170726776123 32.1 -2.1000000000000014 -210.00000000000014
3.759766101837158 32.1 -2.1000000000000014 -210.00000000000014
3.7701823711395264 32.1 -2.1000000000000014 -210.00000000000014
3.780031442642212 32.1 -2.1000000000000014 -210.00000000000014
3.7911181449890137 32.1 -2.1000000000000014 -210.00000000000014
3.8009819984436035 32.1 -2.1000000000000014 -210.00000000000014
3.8125174045562744 32.1 -2.1000000000000014 -210.00000000000014
3.8230066299438477 32.1 -2.1000000000000014 -210.00000000000014
3.8328781127929688 32.1 -2.1000000000000014 -210.00000000000014
3.842994213104248 32.1 -2.1000000000000014 -210.00000000000014
3.8548948764801025 32.6 -2.6000000000000014 -281.0072322949014
3.8651883602142334 32.6 -2.6000000000000014 -260.0000000000001
3.887561082839966 32.1 -2.1000000000000014 -198.82567829663904
3.897812843322754 32.1 -2.1000000000000014 -210.00000000000014
3.909074068069458 32.1 -2.1000000000000014 -210.00000000000014
3.9199631214141846 32.1 -2.1000000000000014 -210.00000000000014
3.930753231048584 32.0 -2.0 -195.3661267870163
3.94162917137146 32.0 -2.0 -200.0
3.9518582820892334 30.3 -0.3000000000000007 53.09617751258614
3.9647531509399414 30.3 -0.3000000000000007 -30.00000000000007
3.9800939559936523 28.9 1.1000000000000014 155.62993907745886
3.9913761615753174 28.9 1.1000000000000014 110.00000000000014
4.00406289100647 28.8 1.1999999999999993 123.94112606179041
4.015981912612915 27.5 2.5 304.5346775484078
4.026837587356567 27.5 2.5 250.0
4.0366456508636475 27.5 2.5 250.0
4.047253131866455 27.3 2.6999999999999993 279.4273088939335
4.058053970336914 27.3 2.6999999999999993 269.99999999999994
4.06929087638855 27.3 2.6999999999999993 269.99999999999994
4.079086065292358 27.3 2.6999999999999993 269.99999999999994
4.089460611343384 27.3 2.6999999999999993 269.99999999999994
4.099305152893066 27.3 2.6999999999999993 269.99999999999994
4.111150503158569 27.3 2.6999999999999993 269.99999999999994
4.121716022491455 27.3 2.6999999999999993 269.99999999999994
4.1325695514678955 27.8 2.1999999999999993 196.96601717812968
4.142493963241577 27.8 2.1999999999999993 219.99999999999994
4.152889251708984 28.6 1.3999999999999986 101.52102933418941
4.165060997009277 28.6 1.3999999999999986 139.99999999999986
4.17538595199585 28.9 1.1000000000000014 95.47209162702656
4.185482025146484 28.9 1.1000000000000014 110.00000000000014
4.196199417114258 30.3 -0.3000000000000007 -95.31439757964067
4.2062742710113525 30.3 -0.3000000000000007 -30.00000000000007
4.21786093711853 30.8 -0.8000000000000007 -101.5765257829541
4.228536605834961 30.8 -0.8000000000000007 -80.00000000000007
4.2386040687561035 30.8 -0.8000000000000007 -80.00000000000007
4.249090671539307 32.1 -2.1000000000000014 -271.9838486722446
4.259919881820679 32.1 -2.1000000000000014 -210.00000000000014
4.281770944595337 32.1 -2.1000000000000014 -210.00000000000014
4.29552960395813 32.1 -2.1000000000000014 -210.00000000000014
4.305680513381958 32.1 -2.1000000000000014 -210.00000000000014
4.318177700042725 32.6 -2.6000000000000014 -280.00450235610595
4.328033924102783 32.6 -2.6000000000000014 -260.0000000000001
4.339497327804565 32.1 -2.1000000000000014 -188.19146856346595
4.349282503128052 32.1 -2.1000000000000014 -210.00000000000014
4.360121726989746 32.1 -2.1000000000000014 -210.00000000000014
4.371872901916504 32.1 -2.1000000000000014 -210.00000000000014
4.382652282714844 32.1 -2.1000000000000014 -210.00000000000014
4.392563581466675 32.1 -2.1000000000000014 -210.00000000000014
4.404558181762695 32.1 -2.1000000000000014 -210.00000000000014
4.415738344192505 32.1 -2.1000000000000014 -210.00000000000014
4.4257824420928955 32.6 -2.6000000000000014 -284.89023927079387
4.436721086502075 32.6 -2.6000000000000014 -260.0000000000001
4.446208477020264 32.6 -2.6000000000000014 -260.0000000000001
4.456944704055786 32.1 -2.1000000000000014 -186.7143523350582
4.46763801574707 32.1 -2.1000000000000014 -210.00000000000014
4.478602170944214 32.1 -2.1000000000000014 -210.00000000000014
4.488214492797852 32.1 -2.1000000000000014 -210.00000000000014
4.498891830444336 32.6 -2.6000000000000014 -283.4140764558772
4.508750915527344 32.6 -2.6000000000000014 -260.0000000000001
4.521260499954224 32.6 -2.6000000000000014 -260.0000000000001
4.531081914901733 32.6 -2.6000000000000014 -260.0000000000001
4.541062831878662 32.6 -2.6000000000000014 -260.0000000000001
4.551450252532959 32.6 -2.6000000000000014 -260.0000000000001
4.561248064041138 32.6 -2.6000000000000014 -260.0000000000001
4.572997331619263 32.2 -2.200000000000003 -202.97766233766268
4.582862615585327 32.2 -2.200000000000003 -220.00000000000028
4.594125509262085 30.3 -0.3000000000000007 54.3477730736664
4.604219436645508 30.3 -0.3000000000000007 -30.00000000000007
4.616851568222046 29.0 1.0 151.4560821395542
4.6266868114471436 29.0 1.0 100.0
4.636754751205444 28.1 1.8999999999999986 234.69633418584803
4.6465535163879395 28.1 1.8999999999999986 189.99999999999986
4.657294988632202 27.3 2.6999999999999993 307.2388431403014
4.6689064502716064 27.3 2.6999999999999993 269.99999999999994
4.6890785694122314 27.1 2.8999999999999986 294.9573373676247
4.703536748886108 26.7 3.3000000000000007 343.8330002308632
4.71916937828064 27.1 2.8999999999999986 277.2062469497314
4.73395299911499 27.1 2.8999999999999986 289.9999999999999
4.747135639190674 27.3 2.6999999999999993 262.4142660782753
4.757014513015747 27.3 2.6999999999999993 269.99999999999994
4.767451286315918 27.8 2.1999999999999993 196.04623643632203
4.778876781463623 27.8 2.1999999999999993 219.99999999999994
4.789716958999634 28.1 1.8999999999999986 176.1625882508191
4.804009437561035 28.1 1.8999999999999986 189.99999999999986
4.8153722286224365 29.8 0.1999999999999993 -54.80556453135823
4.826959609985352 29.8 0.1999999999999993 19.99999999999993
4.837486743927002 30.4 -0.3999999999999986 -68.49778502513904
4.848042011260986 30.4 -0.3999999999999986 -39.99999999999986
4.859179735183716 32.1 -2.1000000000000014 -286.31720860537325
4.8690502643585205 32.1 -2.1000000000000014 -210.00000000000014
4.88204288482666 32.1 -2.1000000000000014 -210.00000000000014
4.891881227493286 32.1 -2.1000000000000014 -210.00000000000014
4.902039051055908 32.6 -2.6000000000000014 -284.61157141180627
4.914979457855225 32.6 -2.6000000000000014 -260.0000000000001
4.9287683963775635 32.1 -2.1000000000000014 -191.8695253739087
4.938689231872559 32.1 -2.1000000000000014 -210.00000000000014
4.948597431182861 32.6 -2.6000000000000014 -285.23162808604854
4.959147691726685 32.6 -2.6000000000000014 -260.0000000000001
4.968977212905884 32.6 -2.6000000000000014 -260.0000000000001
4.980235576629639 32.6 -2.6000000000000014 -260.0000000000001
4.9908246994018555 32.6 -2.6000000000000014 -260.0000000000001
5.001300811767578 32.6 -2.6000000000000014 -260.0000000000001
5.011192560195923 32.1 -2.1000000000000014 -184.7264094097232
5.029575824737549 32.1 -2.1000000000000014 -210.00000000000014
5.039541721343994 32.1 -2.1000000000000014 -210.00000000000014
5.050105810165405 32.1 -2.1000000000000014 -210.00000000000014
5.060027599334717 32.1 -2.1000000000000014 -210.00000000000014
5.071778774261475 32.1 -2.1000000000000014 -210.00000000000014
5.0970776081085205 32.6 -2.6000000000000014 -269.881878410344
5.10714316368103 32.6 -2.6000000000000014 -260.0000000000001
5.12716007232666 32.6 -2.6000000000000014 -260.0000000000001
5.137943267822266 32.6 -2.6000000000000014 -260.0000000000001
5.1478376388549805 32.6 -2.6000000000000014 -260.0000000000001
5.1586012840271 30.2 -0.1999999999999993 91.48639525096371
5.168593883514404 30.2 -0.1999999999999993 -19.99999999999993
5.1794774532318115 28.8 1.1999999999999993 184.3171329054304
5.190802812576294 28.8 1.1999999999999993 119.99999999999993
5.200875520706177 28.2 1.8000000000000007 209.78345010414708
5.211031675338745 28.2 1.8000000000000007 180.00000000000006
5.221519231796265 28.2 1.8000000000000007 180.00000000000006
5.2329933643341064 27.3 2.6999999999999993 309.2186510410172
5.242872953414917 27.3 2.6999999999999993 269.99999999999994
5.2539894580841064 26.7 3.3000000000000007 356.9869000128685
5.263983488082886 26.7 3.3000000000000007 330.00000000000006
5.274555444717407 27.3 2.6999999999999993 241.62303910513722
5.285223007202148 27.3 2.6999999999999993 269.99999999999994
5.296121597290039 26.7 3.3000000000000007 357.5264963248164
5.306093215942383 26.7 3.3000000000000007 330.00000000000006
5.317554235458374 27.3 2.6999999999999993 243.82431819600163
5.328179359436035 27.3 2.6999999999999993 269.99999999999994
5.338818788528442 27.9 2.1000000000000014 181.80299831932797
5.348867654800415 27.9 2.1000000000000014 210.00000000000014
5.359667062759399 29.0 1.0 49.07128223242664
5.369674921035767 29.0 1.0 100.0
5.381537199020386 29.7 0.3000000000000007 0.4947059532902891
5.391837120056152 29.7 0.3000000000000007 30.00000000000007
5.401870965957642 30.8 -0.8000000000000007 -134.8144754663183
5.412649393081665 30.8 -0.8000000000000007 -80.00000000000007
5.424063682556152 30.8 -0.8000000000000007 -80.00000000000007
5.435771465301514 32.1 -2.1000000000000014 -265.51862501527324
5.44598913192749 32.1 -2.1000000000000014 -210.00000000000014
5.456906795501709 32.6 -2.6000000000000014 -282.89867225716296
5.466737508773804 32.6 -2.6000000000000014 -260.0000000000001
5.477009534835815 32.1 -2.1000000000000014 -185.66205551945052
5.4994587898254395 32.6 -2.6000000000000014 -271.1362270202531
5.509540796279907 32.6 -2.6000000000000014 -260.0000000000001
5.5208821296691895 32.6 -2.6000000000000014 -260.0000000000001
5.531474828720093 32.6 -2.6000000000000014 -260.0000000000001
5.543501138687134 32.1 -2.1000000000000014 -189.2122437651165
5.552959680557251 32.1 -2.1000000000000014 -210.00000000000014
5.563000679016113 32.1 -2.1000000000000014 -210.00000000000014
5.5742292404174805 32.1 -2.1000000000000014 -210.00000000000014
5.585028886795044 32.1 -2.1000000000000014 -210.00000000000014
5.595376968383789 32.6 -2.6000000000000014 -284.1590673455753
5.60763144493103 32.6 -2.6000000000000014 -260.0000000000001
5.61914587020874 32.6 -2.6000000000000014 -260.0000000000001
5.629012584686279 32.6 -2.6000000000000014 -260.0000000000001
5.640868663787842 32.2 -2.200000000000003 -203.13101673101707
5.650647401809692 32.2 -2.200000000000003 -220.00000000000028
5.6612465381622314 30.4 -0.3999999999999986 44.912578729530665
5.671217203140259 30.4 -0.3999999999999986 -39.99999999999986
5.683062791824341 29.4 0.6000000000000014 102.20980597375427
5.693016290664673 29.4 0.6000000000000014 60.00000000000014
5.704889535903931 28.1 1.8999999999999986 244.74493172690737
5.715317726135254 28.1 1.8999999999999986 189.99999999999986
5.7260026931762695 27.3 2.6999999999999993 307.4357729382363
5.737223386764526 27.3 2.6999999999999993 269.99999999999994
5.7477967739105225 27.3 2.6999999999999993 269.99999999999994
5.75774073600769 27.3 2.6999999999999993 269.99999999999994
5.767599821090698 26.7 3.3000000000000007 360.42878699941974
5.777969598770142 26.7 3.3000000000000007 330.00000000000006
5.78882098197937 26.7 3.3000000000000007 330.00000000000006
5.799844026565552 26.7 3.3000000000000007 330.00000000000006
5.810133695602417 26.7 3.3000000000000007 330.00000000000006
5.821061372756958 28.0 2.0 140.51800846533138
5.830826759338379 28.0 2.0 200.0
5.84186863899231 28.0 2.0 200.0
5.851672172546387 28.0 2.0 200.0
5.862239599227905 28.8 1.1999999999999993 82.14783295354546
5.8725690841674805 28.8 1.1999999999999993 119.99999999999993
5.8978962898254395 29.8 0.1999999999999993 0.2583827544007562
5.909481525421143 30.8 -0.8000000000000007 -123.15837998024372
5.920708656311035 30.8 -0.8000000000000007 -80.00000000000007
5.931304693222046 32.6 -2.6000000000000014 -344.9374164660353
5.942062616348267 32.6 -2.6000000000000014 -260.0000000000001
5.954821348190308 32.1 -2.1000000000000014 -190.4055761109244
5.964659929275513 32.1 -2.1000000000000014 -210.00000000000014
5.974777698516846 32.6 -2.6000000000000014 -284.7090039352453
5.984848260879517 32.6 -2.6000000000000014 -260.0000000000001
5.995521306991577 32.1 -2.1000000000000014 -186.57650895769126
6.007818222045898 32.1 -2.1000000000000014 -210.00000000000014
6.018618822097778 32.6 -2.6000000000000014 -283.14686210017453
6.035020589828491 32.6 -2.6000000000000014 -260.0000000000001
6.047359466552734 32.6 -2.6000000000000014 -260.0000000000001
6.0572803020477295 32.6 -2.6000000000000014 -260.0000000000001
6.067562103271484 32.6 -2.6000000000000014 -260.0000000000001
6.078058481216431 32.6 -2.6000000000000014 -260.0000000000001
6.0882248878479 32.1 -2.1000000000000014 -185.40920710114693
6.09990930557251 32.1 -2.1000000000000014 -210.00000000000014
6.110512971878052 32.1 -2.1000000000000014 -210.00000000000014
6.121450901031494 32.6 -2.6000000000000014 -282.85624604921867
6.131530523300171 32.6 -2.6000000000000014 -260.0000000000001
6.145055055618286 32.6 -2.6000000000000014 -260.0000000000001
6.155011415481567 32.6 -2.6000000000000014 -260.0000000000001
6.165510177612305 32.6 -2.6000000000000014 -260.0000000000001
6.175377130508423 32.6 -2.6000000000000014 -260.0000000000001
6.185786008834839 32.6 -2.6000000000000014 -260.0000000000001
6.1969029903411865 32.6 -2.6000000000000014 -260.0000000000001
6.207357883453369 32.6 -2.6000000000000014 -260.0000000000001
6.218676328659058 32.6 -2.6000000000000014 -260.0000000000001
6.229405164718628 30.2 -0.1999999999999993 91.84810666666684
6.239444732666016 30.2 -0.1999999999999993 -19.99999999999993
6.250514984130859 28.9 1.1000000000000014 168.71592005513457
6.26134467124939 28.9 1.1000000000000014 110.00000000000014
6.27117133140564 28.9 1.1000000000000014 110.00000000000014
6.294679164886475 28.2 1.8000000000000007 194.8886540431445
6.306881666183472 28.2 1.8000000000000007 180.00000000000006
6.318172216415405 26.7 3.3000000000000007 396.4272320297323
6.328022718429565 26.7 3.3000000000000007 330.00000000000006
6.33802342414856 26.5 3.5 359.99929433080626
6.358234167098999 27.3 2.6999999999999993 250.2085454759938
6.371458053588867 27.3 2.6999999999999993 269.99999999999994
6.381321430206299 27.3 2.6999999999999993 269.99999999999994
6.391708850860596 26.9 3.1000000000000014 329.2540580242382
6.402915716171265 26.9 3.1000000000000014 310.0000000000001
6.416567802429199 27.3 2.6999999999999993 255.35022441103007
6.426189422607422 27.8 2.1999999999999993 194.0168500346912
6.437077760696411 27.8 2.1999999999999993 219.99999999999994
6.447831392288208 27.8 2.1999999999999993 219.99999999999994
6.458634853363037 28.8 1.1999999999999993 73.718535519608
6.471165657043457 28.8 1.1999999999999993 119.99999999999993
6.481445074081421 32.1 -2.1000000000000014 -370.514939116317
6.4912919998168945 32.1 -2.1000000000000014 -210.00000000000014
6.502593278884888 32.6 -2.6000000000000014 -282.12138984409626
6.512242555618286 32.6 -2.6000000000000014 -260.0000000000001
6.525233745574951 32.1 -2.1000000000000014 -190.7561893226157
6.5351402759552 32.1 -2.1000000000000014 -210.00000000000014
6.545475006103516 32.1 -2.1000000000000014 -210.00000000000014
6.556650638580322 32.1 -2.1000000000000014 -210.00000000000014
6.566862106323242 32.6 -2.6000000000000014 -284.4822787765586
6.576895475387573 32.6 -2.6000000000000014 -260.0000000000001
6.586718797683716 32.6 -2.6000000000000014 -260.0000000000001
6.597193241119385 32.6 -2.6000000000000014 -260.0000000000001
6.607882738113403 32.6 -2.6000000000000014 -260.0000000000001
6.6187169551849365 32.6 -2.6000000000000014 -260.0000000000001
6.62892746925354 32.6 -2.6000000000000014 -260.0000000000001
6.6398046016693115 32.1 -2.1000000000000014 -187.01600105212412
6.651080369949341 32.1 -2.1000000000000014 -210.00000000000014
6.661315441131592 32.1 -2.1000000000000014 -210.00000000000014
6.671095609664917 32.1 -2.1000000000000014 -210.00000000000014
6.680924415588379 32.6 -2.6000000000000014 -285.43543966040033
6.704960107803345 32.6 -2.6000000000000014 -260.0000000000001
6.715610980987549 32.6 -2.6000000000000014 -260.0000000000001
6.7267444133758545 32.1 -2.1000000000000014 -187.54510996423767
6.737274646759033 32.1 -2.1000000000000014 -210.00000000000014
6.747887134552002 32.1 -2.1000000000000014 -210.00000000000014
6.765061378479004 32.1 -2.1000000000000014 -210.00000000000014
6.778978109359741 32.6 -2.6000000000000014 -277.9639889671242
6.8220624923706055 32.6 -2.6000000000000014 -260.0000000000001
6.844880104064941 32.6 -2.6000000000000014 -260.0000000000001
6.855025291442871 32.6 -2.6000000000000014 -260.0000000000001
6.865082502365112 32.6 -2.6000000000000014 -260.0000000000001
6.875231742858887 32.6 -2.6000000000000014 -260.0000000000001
6.886195182800293 32.6 -2.6000000000000014 -260.0000000000001
6.897630214691162 32.6 -2.6000000000000014 -260.0000000000001
6.907626628875732 32.6 -2.6000000000000014 -260.0000000000001
6.918605327606201 32.6 -2.6000000000000014 -260.0000000000001
6.928883790969849 32.6 -2.6000000000000014 -260.0000000000001
6.939775705337524 32.1 -2.1000000000000014 -187.04719376587002
6.9507856369018555 32.1 -2.1000000000000014 -210.00000000000014
6.961125135421753 47.3 -17.299999999999997 -2465.0453201743258
6.970956802368164 47.3 -17.299999999999997 -1729.9999999999998
6.980819463729858 47.3 -17.299999999999997 -1729.9999999999998
6.99130654335022 32.1 -2.1000000000000014 514.7012776792612
7.002481698989868 32.1 -2.1000000000000014 -210.00000000000014
7.012965679168701 32.6 -2.6000000000000014 -283.8459054419759
7.024163722991943 32.6 -2.6000000000000014 -260.0000000000001
7.035012722015381 39.9 -9.899999999999999 -1326.4365682137832
7.051374673843384 32.6 -2.6000000000000014 -36.921479884010864
7.062217950820923 32.6 -2.6000000000000014 -260.0000000000001
7.07207989692688 32.6 -2.6000000000000014 -260.0000000000001
7.081859111785889 32.6 -2.6000000000000014 -260.0000000000001
7.098253011703491 32.6 -2.6000000000000014 -260.0000000000001
7.10888671875 32.6 -2.6000000000000014 -260.0000000000001
7.119860410690308 32.6 -2.6000000000000014 -260.0000000000001
7.1298205852508545 32.6 -2.6000000000000014 -260.0000000000001
7.140116930007935 32.6 -2.6000000000000014 -260.0000000000001
7.151150465011597 32.6 -2.6000000000000014 -260.0000000000001
7.1620495319366455 32.6 -2.6000000000000014 -260.0000000000001
7.1721861362457275 32.6 -2.6000000000000014 -260.0000000000001
7.183500289916992 6.5 23.5 3503.4225518912654
7.1930015087127686 6.5 23.5 2350.0
7.205088138580322 8.6 21.4 2053.1271486339874
7.215522527694702 8.6 21.4 2140.0
7.226054906845093 6.7 23.3 2420.198044186889
7.236778020858765 6.7 23.3 2330.0
7.247673034667969 7.2 22.8 2257.0537234391754
7.257547855377197 7.2 22.8 2280.0
7.267955303192139 7.8 22.2 2191.174489141391
7.277817487716675 7.8 22.2 2220.0
7.288079023361206 6.7 23.3 2383.5982156133828
7.299165487289429 6.7 23.3 2330.0
7.309335470199585 5.8 24.2 2464.247861965491
7.320019006729126 5.8 24.2 2420.0
7.330857753753662 7.7 22.3 2142.351492488067
7.34102201461792 7.7 22.3 2230.0
7.351669788360596 7.7 22.3 2230.0
7.361704111099243 7.7 22.3 2230.0
7.371536731719971 7.7 22.3 2230.0
7.381360769271851 7.7 22.3 2230.0
7.3911521434783936 7.7 22.3 2230.0
7.401758909225464 7.7 22.3 2230.0
7.411636590957642 7.7 22.3 2230.0
7.422245025634766 7.7 22.3 2230.0
7.432250738143921 7.7 22.3 2230.0
7.442723035812378 7.7 22.3 2230.0
7.4540019035339355 7.7 22.3 2230.0
7.463047742843628 7.7 22.3 2230.0
7.472854375839233 7.7 22.3 2230.0
7.4829840660095215 7.7 22.3 2230.0
7.4974365234375 7.7 22.3 2230.0
7.508107423782349 7.7 22.3 2230.0
7.51889181137085 7.7 22.3 2230.0
7.528701543807983 7.7 22.3 2230.0
7.5386481285095215 7.7 22.3 2230.0
7.548839092254639 7.7 22.3 2230.0
7.559953212738037 7.7 22.3 2230.0
7.569811105728149 7.7 22.3 2230.0
7.580043315887451 32.6 -2.6000000000000014 -1476.745923526808
7.589954614639282 32.6 -2.6000000000000014 -260.0000000000001
7.600959539413452 32.6 -2.6000000000000014 -260.0000000000001
7.61156702041626 32.6 -2.6000000000000014 -260.0000000000001
7.623054265975952 32.6 -2.6000000000000014 -260.0000000000001
7.632900953292847 32.6 -2.6000000000000014 -260.0000000000001
7.644561529159546 32.6 -2.6000000000000014 -260.0000000000001
7.65512490272522 32.6 -2.6000000000000014 -260.0000000000001
7.6651611328125 32.6 -2.6000000000000014 -260.0000000000001
7.676237344741821 32.6 -2.6000000000000014 -260.0000000000001
7.686259508132935 32.6 -2.6000000000000014 -260.0000000000001
7.696092844009399 32.6 -2.6000000000000014 -260.0000000000001
7.707010746002197 32.6 -2.6000000000000014 -260.0000000000001
7.71757698059082 32.6 -2.6000000000000014 -260.0000000000001
7.727416038513184 32.6 -2.6000000000000014 -260.0000000000001
7.737280607223511 32.6 -2.6000000000000014 -260.0000000000001
7.74760365486145 32.6 -2.6000000000000014 -260.0000000000001
7.758199691772461 32.6 -2.6000000000000014 -260.0000000000001
7.768072605133057 32.6 -2.6000000000000014 -260.0000000000001
7.7787766456604 17.3 12.7 1984.6833927298646
7.788711309432983 17.3 12.7 1270.0
7.7990922927856445 18.3 11.7 1121.8350060862176
7.81001615524292 18.3 11.7 1170.0
7.820923566818237 15.4 14.6 1592.9371308662485
7.830781936645508 15.4 14.6 1460.0
7.841158390045166 14.3 15.7 1623.004622949313
7.851346969604492 14.3 15.7 1570.0
7.862793922424316 14.7 15.3 1512.5281013080064
7.872762680053711 14.7 15.3 1530.0
7.884044408798218 14.7 15.3 1530.0
7.905145168304443 14.7 15.3 1530.0
7.917370796203613 14.7 15.3 1530.0
7.927205562591553 14.7 15.3 1530.0
7.9370808601379395 14.7 15.3 1530.0
7.947604179382324 14.7 15.3 1530.0
7.959678411483765 14.7 15.3 1530.0
7.9695680141448975 14.7 15.3 1530.0
7.979534387588501 14.7 15.3 1530.0
7.989522218704224 14.7 15.3 1530.0
7.999428033828735 14.7 15.3 1530.0
8.0114586353302 14.7 15.3 1530.0
8.022069931030273 14.7 15.3 1530.0
8.03184986114502 14.7 15.3 1530.0
8.041757106781006 14.7 15.3 1530.0
8.057287693023682 14.7 15.3 1530.0
8.069081783294678 14.7 15.3 1530.0
8.079275369644165 14.7 15.3 1530.0
8.089040994644165 14.7 15.3 1530.0
8.098876953125 14.7 15.3 1530.0
8.111297607421875 19.5 10.5 856.7734643734643
8.12186574935913 19.5 10.5 1050.0
8.132609844207764 22.1 7.899999999999999 669.0033019705306
8.142655849456787 22.1 7.899999999999999 789.9999999999999
8.15281343460083 20.6 9.399999999999999 1013.8364472819452
8.16511058807373 20.6 9.399999999999999 939.9999999999999
8.177178859710693 22.7 7.300000000000001 642.9949978268602
8.18708848953247 22.7 7.300000000000001 730.0000000000001
8.197789907455444 21.2 8.8 950.0841706583492
8.207827806472778 21.2 8.8 880.0000000000001
8.220664501190186 21.7 8.3 810.5245816385284
8.230212926864624 21.7 8.3 830.0000000000001
8.240135908126831 22.5 7.5 709.6895338779433
8.250925540924072 22.5 7.5 750.0
8.261265277862549 25.9 4.100000000000001 245.58575908503985
8.272204875946045 25.9 4.100000000000001 410.0000000000001
