0 0
0.00030350685119628906 108.7 -78.7 -173972.58488982162
0.03558778762817383 108.9 -78.9 -791.8341232355584
0.04604649543762207 108.9 -78.9 -789.0
0.056558847427368164 108.9 -78.9 -789.0
0.06549572944641113 108.9 -78.9 -789.0
0.07557106018066406 108.9 -78.9 -789.0
0.08814835548400879 108.9 -78.9 -789.0
0.09817004203796387 108.9 -78.9 -789.0
0.10861945152282715 108.4 -78.4 -760.0752030665328
0.12014961242675781 108.4 -78.4 -784.0
0.13002538681030273 108.4 -78.4 -784.0
0.1413426399230957 108.5 -78.5 -789.4180332013143
0.15179848670959473 108.5 -78.5 -785.0
0.16224956512451172 108.4 -78.4 -779.2158047222542
0.17206263542175293 108.4 -78.4 -784.0
0.19432783126831055 109.1 -79.1 -806.719601229293
0.20440149307250977 109.1 -79.1 -791.0
0.21541094779968262 108.3 -78.3 -746.667592091301
0.22672343254089355 108.3 -78.3 -783.0
0.23603320121765137 108.3 -78.3 -783.0
0.2554020881652832 108.2 -78.2 -779.4185403562329
0.26521873474121094 108.2 -78.2 -782.0
0.276080846786499 107.4 -77.4 -737.1747492262781
0.28548502922058105 107.4 -77.4 -774.0
0.29735755920410156 107.2 -77.2 -763.5771954133781
0.3071167469024658 107.2 -77.2 -772.0
0.31876540184020996 107.2 -77.2 -772.0
0.32948970794677734 105.3 -75.3 -664.4161801649583
0.34007740020751953 105.3 -75.3 -753.0
0.3505136966705322 105.0 -75.0 -735.6270851895005
0.3602278232574463 105.0 -75.0 -750.0
0.3699650764465332 105.0 -75.0 -750.0
0.37985849380493164 104.6 -74.6 -725.7845382687485
0.39055609703063965 104.6 -74.6 -746.0
0.40044474601745605 104.6 -74.6 -746.0
0.41071271896362305 103.1 -73.1 -657.9573455313813
0.421633243560791 103.1 -73.1 -731.0
0.4321925640106201 103.1 -73.1 -731.0
0.44304442405700684 103.1 -73.1 -731.0
0.45348286628723145 103.1 -73.1 -731.0
0.4638502597808838 102.3 -72.3 -684.4174960905162
0.47363924980163574 102.3 -72.3 -723.0
0.48336124420166016 101.4 -71.4 -667.7132010692306
0.49440908432006836 101.4 -71.4 -714.0
0.5042133331298828 101.4 -71.4 -714.0
0.5150902271270752 100.6 -70.6 -669.2247955985177
0.5253746509552002 100.6 -70.6 -706.0
0.5353083610534668 97.6 -67.6 -524.9990159606384
0.547400712966919 97.6 -67.6 -676.0
0.5575389862060547 97.6 -67.6 -676.0
0.5676388740539551 98.5 -68.5 -729.5549501912094
0.577634334564209 98.5 -68.5 -685.0
0.600013256072998 98.4 -68.4 -681.7657547089407
0.6098837852478027 98.4 -68.4 -684.0
0.6201975345611572 96.9 -66.9 -596.2815367900321
0.6302003860473633 96.9 -66.9 -669.0
0.6406540870666504 96.3 -66.3 -634.3020298316832
0.6523771286010742 96.3 -66.3 -663.0
0.6633763313293457 96.3 -66.3 -663.0
0.6734929084777832 96.3 -66.3 -663.0
0.6831645965576172 96.3 -66.3 -663.0
0.7045807838439941 95.5 -65.5 -636.3225391312093
0.7246336936950684 95.4 -65.4 -651.5065962809722
0.7345261573791504 95.4 -65.4 -654.0
0.7442300319671631 95.4 -65.4 -654.0
0.7550935745239258 93.7 -63.7 -558.7566465488861
0.765233039855957 93.7 -63.7 -637.0
0.7774143218994141 93.9 -63.900000000000006 -647.2093165270494
0.7879784107208252 93.9 -63.900000000000006 -639.0
0.7979846000671387 92.9 -62.900000000000006 -579.0309275894112
0.8091888427734375 92.9 -62.900000000000006 -629.0
0.819504976272583 92.9 -62.900000000000006 -629.0
0.8303537368774414 92.3 -62.3 -595.3470716216509
0.8401608467102051 92.3 -62.3 -623.0
0.8499429225921631 92.3 -62.3 -623.0
0.8604340553283691 91.5 -61.5 -576.8725632343251
0.8713812828063965 91.5 -61.5 -615.0
0.8820188045501709 90.8 -60.8 -575.0975995696706
0.8919267654418945 90.8 -60.8 -608.0
0.9015653133392334 90.8 -60.8 -608.0
0.9122123718261719 89.9 -59.900000000000006 -556.7348052936834
0.9239175319671631 89.9 -59.900000000000006 -599.0
0.9346179962158203 89.1 -59.099999999999994 -553.6184443305625
0.9443666934967041 89.1 -59.099999999999994 -591.0
0.9542427062988281 88.7 -58.7 -566.7489124399492
0.9652917385101318 88.7 -58.7 -587.0
0.9766736030578613 88.7 -58.7 -587.0
0.9906115531921387 87.7 -57.7 -541.1267191241875
1.0005578994750977 87.7 -57.7 -577.0
1.0107829570770264 86.5 -56.5 -506.32062396530404
1.0215489864349365 86.5 -56.5 -565.0
1.0323114395141602 86.5 -56.5 -565.0
1.0425939559936523 86.5 -56.5 -565.0
1.054413080215454 86.5 -56.5 -565.0
1.0700452327728271 85.3 -55.3 -514.6175700820546
1.084352970123291 84.2 -54.2 -503.5592608021865
1.099275827407837 84.2 -54.2 -542.0
1.1133246421813965 81.9 -51.900000000000006 -437.1425608824778
1.1239089965820312 81.9 -51.900000000000006 -519.0
1.1345875263214111 81.9 -51.900000000000006 -519.0
1.1451961994171143 81.0 -51.0 -467.58187702265343
1.1547012329101562 81.0 -51.0 -510.0
1.1648008823394775 79.4 -49.400000000000006 -414.7893298080785
1.1767363548278809 79.4 -49.400000000000006 -494.00000000000006
1.186652421951294 79.6 -49.599999999999994 -506.0846433122544
1.1973416805267334 79.6 -49.599999999999994 -495.99999999999994
1.2071771621704102 79.6 -49.599999999999994 -495.99999999999994
1.2195727825164795 78.0 -48.0 -415.4610759554541
1.2302095890045166 78.0 -48.0 -480.0
1.2405548095703125 78.0 -48.0 -480.0
1.2501952648162842 78.0 -48.0 -480.0
1.2647902965545654 76.6 -46.599999999999994 -418.03847360167254
1.2766602039337158 76.6 -46.599999999999994 -465.99999999999994
1.2873551845550537 75.8 -45.8 -420.599277720808
1.2976677417755127 75.8 -45.8 -458.0
1.3075368404388428 75.8 -45.8 -458.0
1.3202664852142334 75.4 -45.400000000000006 -438.2886424932578
1.331139326095581 75.4 -45.400000000000006 -454.00000000000006
1.3406956195831299 75.4 -45.400000000000006 -454.00000000000006
1.3506529331207275 75.4 -45.400000000000006 -454.00000000000006
1.360431432723999 75.4 -45.400000000000006 -454.00000000000006
1.3730473518371582 74.8 -44.8 -424.22051970140757
1.3879055976867676 74.4 -44.400000000000006 -430.5394608472404
1.3982272148132324 74.4 -44.400000000000006 -444.00000000000006
1.4082748889923096 74.4 -44.400000000000006 -444.00000000000006
1.4200470447540283 73.0 -43.0 -370.537653920933
1.4306061267852783 73.0 -43.0 -430.0
1.440692663192749 72.2 -42.2 -382.3431759088547
1.450439691543579 72.2 -42.2 -422.0
1.4602320194244385 72.2 -42.2 -422.0
1.4710924625396729 71.2 -41.2 -365.96136283807516
1.4823086261749268 71.2 -41.2 -412.0
1.4925727844238281 70.5 -40.5 -370.9007595642376
1.502382755279541 70.5 -40.5 -405.0
1.5122697353363037 70.5 -40.5 -405.0
1.5235023498535156 69.8 -39.8 -366.8407361025618
1.5342354774475098 69.8 -39.8 -398.0
1.5445821285247803 69.3 -39.3 -368.8375924603083
1.5542957782745361 69.3 -39.3 -393.0
1.5640621185302734 68.7 -38.7 -356.28224983521744
1.574634313583374 68.7 -38.7 -387.0
1.5865726470947266 68.7 -38.7 -387.0
1.5973494052886963 67.2 -37.2 -302.4057874825778
1.6070520877838135 67.2 -37.2 -372.0
1.6179704666137695 66.1 -36.099999999999994 -310.6262212031877
1.627760410308838 66.1 -36.099999999999994 -360.99999999999994
1.6383063793182373 66.1 -36.099999999999994 -360.99999999999994
1.6495013236999512 66.1 -36.099999999999994 -360.99999999999994
1.6593639850616455 66.1 -36.099999999999994 -360.99999999999994
1.6695055961608887 65.1 -35.099999999999994 -301.6981686531725
1.6797642707824707 65.1 -35.099999999999994 -350.99999999999994
1.6912717819213867 64.5 -34.5 -318.9300708573325
1.7043964862823486 64.5 -34.5 -345.0
1.7154171466827393 63.4 -33.4 -284.0937348563516
1.726029872894287 63.4 -33.4 -334.0
1.737290620803833 63.5 -33.5 -339.44020240943456
1.7476344108581543 63.5 -33.5 -335.0
1.7586650848388672 63.5 -33.5 -335.0
1.7694637775421143 62.2 -32.2 -261.8075287572032
1.7804327011108398 62.2 -32.2 -322.0
1.796030044555664 61.6 -31.6 -296.76595536533165
1.8055148124694824 61.6 -31.6 -316.0
1.819329023361206 60.9 -30.9 -283.6637717678327
1.8292193412780762 60.9 -30.9 -309.0
1.8402609825134277 59.8 -29.799999999999997 -248.18856451891511
1.850111961364746 59.8 -29.799999999999997 -298.0
1.8603174686431885 59.5 -29.5 -280.3020534984232
1.87013578414917 59.5 -29.5 -295.0
1.8798627853393555 59.5 -29.5 -295.0
1.891531229019165 58.8 -28.799999999999997 -258.00456876647377
1.9012501239776611 58.8 -28.799999999999997 -288.0
1.9114091396331787 58.6 -28.6 -276.1565266369399
1.9216229915618896 58.6 -28.6 -286.0
1.932077169418335 57.3 -27.299999999999997 -210.82390074803848
1.943075180053711 57.3 -27.299999999999997 -273.0
1.9527490139007568 57.3 -27.299999999999997 -273.0
1.9633564949035645 56.7 -26.700000000000003 -238.71807331819946
1.976501703262329 56.7 -26.700000000000003 -267.0
1.987269401550293 56.3 -26.299999999999997 -244.4259283041425
1.997750997543335 56.3 -26.299999999999997 -263.0
2.0078787803649902 55.9 -25.9 -239.25234115680695
2.0185563564300537 55.9 -25.9 -259.0
2.028757333755493 55.5 -25.5 -235.39403543215076
2.0383176803588867 55.5 -25.5 -255.0
2.0492231845855713 55.5 -25.5 -255.0
2.0593814849853516 54.6 -24.6 -201.70125096815084
2.0693328380584717 54.6 -24.6 -246.0
2.079498529434204 54.4 -24.4 -234.16299075941635
2.0905516147613525 54.4 -24.4 -244.0
2.100757122039795 54.2 -24.200000000000003 -232.20136899894896
2.1105525493621826 54.2 -24.200000000000003 -242.00000000000003
2.1212737560272217 54.2 -24.200000000000003 -242.00000000000003
2.1319661140441895 53.7 -23.700000000000003 -213.61881508239128
2.14265513420105 53.7 -23.700000000000003 -237.00000000000003
2.153513193130493 52.7 -22.700000000000003 -180.95125378771246
2.163303852081299 52.7 -22.700000000000003 -227.00000000000003
2.1737234592437744 51.9 -21.9 -180.61083678465988
2.1834678649902344 51.9 -21.9 -219.0
2.199955940246582 50.8 -20.799999999999997 -174.64255885244947
2.209869146347046 50.8 -20.799999999999997 -207.99999999999997
2.221418619155884 49.6 -19.6 -144.04957681350913
2.2312216758728027 49.6 -19.6 -196.0
2.2407779693603516 48.1 -18.1 -102.51768873808692
2.2526819705963135 48.1 -18.1 -181.0
2.2624094486236572 48.1 -18.1 -181.0
2.278157949447632 47.1 -17.1 -139.25094619553698
2.28918719291687 47.1 -17.1 -171.0
2.300238609313965 47.1 -17.1 -171.0
2.3101389408111572 47.1 -17.1 -171.0
2.321084976196289 46.0 -16.0 -109.7534969832937
2.331536293029785 46.0 -16.0 -160.0
2.342411518096924 45.4 -15.399999999999999 -126.41436401104917
2.353440284729004 45.4 -15.399999999999999 -154.0
2.3636791706085205 44.8 -14.799999999999997 -118.6999371288857
2.3736443519592285 44.8 -14.799999999999997 -147.99999999999997
2.383355140686035 43.9 -13.899999999999999 -92.65978885342507
2.3972716331481934 43.9 -13.899999999999999 -139.0
2.406747817993164 42.8 -12.799999999999997 -69.95976450460412
2.418504238128662 42.8 -12.799999999999997 -127.99999999999997
2.4281978607177734 42.8 -12.799999999999997 -127.99999999999997
2.4393486976623535 42.9 -12.899999999999999 -133.48396835578367
2.449894905090332 42.9 -12.899999999999999 -129.0
2.460289478302002 42.0 -12.0 -76.7081792742787
2.4701449871063232 42.0 -12.0 -120.0
2.4804041385650635 41.1 -11.100000000000001 -67.13672321636076
2.4904627799987793 41.1 -11.100000000000001 -111.00000000000001
2.5026462078094482 40.1 -10.100000000000001 -59.96064656268959
2.5126266479492188 40.1 -10.100000000000001 -101.00000000000001
2.523679733276367 40.1 -10.100000000000001 -101.00000000000001
2.5334184169769287 40.1 -10.100000000000001 -101.00000000000001
2.542787551879883 40.1 -10.100000000000001 -101.00000000000001
2.554091215133667 39.2 -9.200000000000003 -52.18989685937871
2.563993453979492 39.2 -9.200000000000003 -92.00000000000003
2.574214220046997 38.9 -8.899999999999999 -74.32399636100656
2.5841269493103027 38.9 -8.899999999999999 -88.99999999999999
2.601113796234131 38.4 -8.399999999999999 -69.28273074331909
2.611278772354126 38.4 -8.399999999999999 -83.99999999999999
2.622629165649414 37.6 -7.600000000000001 -40.75893040939371
2.632448673248291 37.6 -7.600000000000001 -76.00000000000001
2.64321231842041 37.6 -7.600000000000001 -76.00000000000001
2.65380859375 37.6 -7.600000000000001 -76.00000000000001
2.664130687713623 37.4 -7.399999999999999 -64.31204323924779
2.6742238998413086 37.4 -7.399999999999999 -73.99999999999999
2.6847963333129883 37.4 -7.399999999999999 -73.99999999999999
2.694598436355591 37.4 -7.399999999999999 -73.99999999999999
2.7065868377685547 35.7 -5.700000000000003 13.901863452856631
2.718156576156616 35.7 -5.700000000000003 -57.00000000000003
2.7281064987182617 35.7 -5.700000000000003 -57.00000000000003
2.7394680976867676 35.5 -5.5 -46.198421958282495
2.74932599067688 35.5 -5.5 -55.0
2.7605807781219482 34.8 -4.799999999999997 -16.902122611532278
2.7703943252563477 34.8 -4.799999999999997 -47.99999999999997
2.781646251678467 34.7 -4.700000000000003 -42.55631648090887
2.7916600704193115 34.7 -4.700000000000003 -47.00000000000003
2.8034563064575195 34.0 -4.0 -10.32951876629533
2.8135809898376465 34.0 -4.0 -40.0
2.824134349822998 34.0 -4.0 -40.0
2.8337855339050293 34.0 -4.0 -40.0
2.843400001525879 34.0 -4.0 -40.0
2.854111433029175 33.4 -3.3999999999999986 -5.992539007723561
2.8639774322509766 33.4 -3.3999999999999986 -33.999999999999986
2.874297618865967 32.9 -2.8999999999999986 -4.775631844014217
2.8842151165008545 32.9 -2.8999999999999986 -28.999999999999986
2.8947789669036865 33.0 -3.0 -34.73312268664807
2.9079267978668213 33.0 -3.0 -30.0
2.9193544387817383 32.8 -2.799999999999997 -19.24928751747288
2.9297196865081787 32.8 -2.799999999999997 -27.99999999999997
2.9400558471679688 32.6 -2.6000000000000014 -16.325227781237967
2.9498414993286133 32.6 -2.6000000000000014 -26.000000000000014
2.9605612754821777 32.1 -2.1000000000000014 2.3213825007784195
2.971497058868408 32.1 -2.1000000000000014 -21.000000000000014
2.9813544750213623 32.1 -2.1000000000000014 -21.000000000000014
2.995569944381714 32.6 -2.6000000000000014 -43.586475244867856
3.0080440044403076 32.6 -2.6000000000000014 -26.000000000000014
3.019796133041382 32.6 -2.6000000000000014 -26.000000000000014
3.029853582382202 32.1 -2.1000000000000014 3.85719704153232
3.0402843952178955 32.1 -2.1000000000000014 -21.000000000000014
3.0577163696289062 32.1 -2.1000000000000014 -21.000000000000014
3.072263717651367 32.1 -2.1000000000000014 -21.000000000000014
3.0825552940368652 32.6 -2.6000000000000014 -50.29171106889683
3.092609167098999 32.6 -2.6000000000000014 -26.000000000000014
3.1034600734710693 32.1 -2.1000000000000014 2.0395500087888756
3.1143300533294678 32.1 -2.1000000000000014 -21.000000000000014
3.125507354736328 32.1 -2.1000000000000014 -21.000000000000014
3.139256477355957 32.1 -2.1000000000000014 -21.000000000000014
3.152763605117798 32.2 -2.200000000000003 -25.701749245406326
3.1681387424468994 32.2 -2.200000000000003 -22.00000000000003
3.18227219581604 32.2 -2.200000000000003 -22.00000000000003
3.1971001625061035 32.0 -2.0 -13.255987008184105
3.2111876010894775 32.0 -2.0 -20.0
3.2227585315704346 32.0 -2.0 -20.0
3.2324581146240234 32.0 -2.0 -20.0
3.2426347732543945 30.8 -0.8000000000000007 50.95844813044696
3.2526724338531494 30.8 -0.8000000000000007 -8.000000000000007
3.2644028663635254 30.8 -0.8000000000000007 -8.000000000000007
3.2745375633239746 30.8 -0.8000000000000007 -8.000000000000007
3.2851569652557373 30.3 -0.3000000000000007 20.54181540603039
3.3013627529144287 30.3 -0.3000000000000007 -3.000000000000007
3.3132994174957275 30.3 -0.3000000000000007 -3.000000000000007
3.324286460876465 30.3 -0.3000000000000007 -3.000000000000007
3.335111379623413 30.3 -0.3000000000000007 -3.000000000000007
3.346740245819092 30.3 -0.3000000000000007 -3.000000000000007
3.35734224319458 32.0 -2.0 -100.17357200683634
3.367938995361328 32.0 -2.0 -20.0
3.378164768218994 30.3 -0.3000000000000007 80.12330146887382
3.3881118297576904 30.3 -0.3000000000000007 -3.000000000000007
3.4122819900512695 32.0 -2.0 -55.16732986772146
3.4243063926696777 32.0 -2.0 -20.0
3.4340336322784424 32.0 -2.0 -20.0
3.4436724185943604 32.0 -2.0 -20.0
3.4537858963012695 32.0 -2.0 -20.0
3.4641969203948975 32.0 -2.0 -20.0
3.476081371307373 32.0 -2.0 -20.0
3.4853827953338623 32.0 -2.0 -20.0
3.49603533744812 32.0 -2.0 -20.0
3.505291700363159 32.0 -2.0 -20.0
3.5180752277374268 32.0 -2.0 -20.0
3.5282795429229736 32.0 -2.0 -20.0
3.5400118827819824 32.0 -2.0 -20.0
3.549621105194092 32.0 -2.0 -20.0
3.5593621730804443 32.0 -2.0 -20.0
3.570469379425049 30.4 -0.3999999999999986 68.02531178225694
3.580378770828247 30.4 -0.3999999999999986 -3.999999999999986
3.5906596183776855 30.8 -0.8000000000000007 -27.45364903411342
3.6004607677459717 30.8 -0.8000000000000007 -8.000000000000007
3.6111905574798584 30.3 -0.3000000000000007 20.29961781175006
3.6233553886413574 30.3 -0.3000000000000007 -3.000000000000007
3.633843421936035 30.8 -0.8000000000000007 -31.836690156853837
3.643655776977539 30.8 -0.8000000000000007 -8.000000000000007
3.6541950702667236 30.8 -0.8000000000000007 -8.000000000000007
3.668282985687256 30.8 -0.8000000000000007 -8.000000000000007
3.678797960281372 30.8 -0.8000000000000007 -8.000000000000007
3.6887803077697754 30.8 -0.8000000000000007 -8.000000000000007
3.707859516143799 30.3 -0.3000000000000007 10.103269019294205
3.719841480255127 30.3 -0.3000000000000007 -3.000000000000007
3.730630874633789 30.3 -0.3000000000000007 -3.000000000000007
3.7403812408447266 30.3 -0.3000000000000007 -3.000000000000007
3.7515740394592285 30.3 -0.3000000000000007 -3.000000000000007
3.7619855403900146 30.3 -0.3000000000000007 -3.000000000000007
3.773512363433838 30.3 -0.3000000000000007 -3.000000000000007
3.7841477394104004 30.3 -0.3000000000000007 -3.000000000000007
3.8059909343719482 30.3 -0.3000000000000007 -3.000000000000007
3.820188522338867 30.3 -0.3000000000000007 -3.000000000000007
3.830794334411621 30.3 -0.3000000000000007 -3.000000000000007
3.841233491897583 30.3 -0.3000000000000007 -3.000000000000007
3.850754737854004 30.3 -0.3000000000000007 -3.000000000000007
3.8605570793151855 30.3 -0.3000000000000007 -3.000000000000007
3.872405529022217 30.3 -0.3000000000000007 -3.000000000000007
3.8836658000946045 30.3 -0.3000000000000007 -3.000000000000007
3.8938019275665283 30.3 -0.3000000000000007 -3.000000000000007
3.9036314487457275 30.3 -0.3000000000000007 -3.000000000000007
3.9142870903015137 30.3 -0.3000000000000007 -3.000000000000007
3.926586151123047 30.3 -0.3000000000000007 -3.000000000000007
3.937431812286377 30.3 -0.3000000000000007 -3.000000000000007
3.948273181915283 30.3 -0.3000000000000007 -3.000000000000007
3.959310531616211 30.3 -0.3000000000000007 -3.000000000000007
3.9687581062316895 30.3 -0.3000000000000007 -3.000000000000007
3.9801762104034424 30.3 -0.3000000000000007 -3.000000000000007
3.9901318550109863 30.3 -0.3000000000000007 -3.000000000000007
4.000559568405151 30.3 -0.3000000000000007 -3.000000000000007
4.010335206985474 30.3 -0.3000000000000007 -3.000000000000007
4.02166748046875 30.3 -0.3000000000000007 -3.000000000000007
4.032285690307617 30.3 -0.3000000000000007 -3.000000000000007
4.042640209197998 30.3 -0.3000000000000007 -3.000000000000007
4.053361415863037 30.3 -0.3000000000000007 -3.000000000000007
4.062785863876343 30.3 -0.3000000000000007 -3.000000000000007
4.074323654174805 30.3 -0.3000000000000007 -3.000000000000007
4.084182977676392 30.3 -0.3000000000000007 -3.000000000000007
4.094716310501099 30.3 -0.3000000000000007 -3.000000000000007
4.1043829917907715 30.3 -0.3000000000000007 -3.000000000000007
4.114402532577515 30.3 -0.3000000000000007 -3.000000000000007
4.127631425857544 30.3 -0.3000000000000007 -3.000000000000007
4.137784481048584 30.3 -0.3000000000000007 -3.000000000000007
4.148014783859253 30.3 -0.3000000000000007 -3.000000000000007
4.157834768295288 30.3 -0.3000000000000007 -3.000000000000007
4.168270587921143 30.3 -0.3000000000000007 -3.000000000000007
4.179587364196777 30.3 -0.3000000000000007 -3.000000000000007
4.189850807189941 30.3 -0.3000000000000007 -3.000000000000007
4.20344090461731 30.3 -0.3000000000000007 -3.000000000000007
4.214011907577515 30.3 -0.3000000000000007 -3.000000000000007
4.226068735122681 30.3 -0.3000000000000007 -3.000000000000007
4.237029314041138 30.3 -0.3000000000000007 -3.000000000000007
4.2471702098846436 30.3 -0.3000000000000007 -3.000000000000007
4.257572412490845 30.3 -0.3000000000000007 -3.000000000000007
4.2674009799957275 30.3 -0.3000000000000007 -3.000000000000007
4.278552293777466 30.3 -0.3000000000000007 -3.000000000000007
4.28819465637207 30.3 -0.3000000000000007 -3.000000000000007
4.298188209533691 30.3 -0.3000000000000007 -3.000000000000007
4.3141090869903564 30.3 -0.3000000000000007 -3.000000000000007
4.3271636962890625 30.3 -0.3000000000000007 -3.000000000000007
4.336649417877197 30.3 -0.3000000000000007 -3.000000000000007
4.347304344177246 30.3 -0.3000000000000007 -3.000000000000007
4.357351541519165 30.3 -0.3000000000000007 -3.000000000000007
4.368037939071655 30.3 -0.3000000000000007 -3.000000000000007
4.379629611968994 30.3 -0.3000000000000007 -3.000000000000007
4.389453887939453 30.3 -0.3000000000000007 -3.000000000000007
4.399805068969727 30.3 -0.3000000000000007 -3.000000000000007
4.409870862960815 30.3 -0.3000000000000007 -3.000000000000007
4.422211408615112 30.3 -0.3000000000000007 -3.000000000000007
4.43341064453125 30.3 -0.3000000000000007 -3.000000000000007
4.44382119178772 30.3 -0.3000000000000007 -3.000000000000007
4.45357871055603 30.3 -0.3000000000000007 -3.000000000000007
4.463858127593994 30.3 -0.3000000000000007 -3.000000000000007
4.47377610206604 30.3 -0.3000000000000007 -3.000000000000007
4.484402179718018 30.3 -0.3000000000000007 -3.000000000000007
4.494755268096924 30.3 -0.3000000000000007 -3.000000000000007
4.504422903060913 30.3 -0.3000000000000007 -3.000000000000007
4.515173673629761 30.3 -0.3000000000000007 -3.000000000000007
4.525496006011963 30.3 -0.3000000000000007 -3.000000000000007
4.537712097167969 30.3 -0.3000000000000007 -3.000000000000007
4.547868251800537 30.3 -0.3000000000000007 -3.000000000000007
4.558287143707275 30.3 -0.3000000000000007 -3.000000000000007
4.568280220031738 30.3 -0.3000000000000007 -3.000000000000007
4.579031944274902 30.3 -0.3000000000000007 -3.000000000000007
4.589875936508179 30.3 -0.3000000000000007 -3.000000000000007
4.6042320728302 30.3 -0.3000000000000007 -3.000000000000007
4.614200115203857 30.3 -0.3000000000000007 -3.000000000000007
4.626078367233276 30.3 -0.3000000000000007 -3.000000000000007
4.637296915054321 30.3 -0.3000000000000007 -3.000000000000007
4.64772629737854 30.3 -0.3000000000000007 -3.000000000000007
4.657709836959839 30.3 -0.3000000000000007 -3.000000000000007
4.667500019073486 30.3 -0.3000000000000007 -3.000000000000007
4.677840232849121 30.3 -0.3000000000000007 -3.000000000000007
4.689060211181641 30.3 -0.3000000000000007 -3.000000000000007
4.699578046798706 30.3 -0.3000000000000007 -3.000000000000007
4.709584712982178 30.3 -0.3000000000000007 -3.000000000000007
4.720227956771851 30.3 -0.3000000000000007 -3.000000000000007
4.73000955581665 30.3 -0.3000000000000007 -3.000000000000007
4.741113662719727 30.3 -0.3000000000000007 -3.000000000000007
4.751303672790527 30.3 -0.3000000000000007 -3.000000000000007
4.761141538619995 30.3 -0.3000000000000007 -3.000000000000007
4.771620035171509 30.3 -0.3000000000000007 -3.000000000000007
4.782394886016846 30.3 -0.3000000000000007 -3.000000000000007
4.793595314025879 30.3 -0.3000000000000007 -3.000000000000007
4.803276777267456 30.3 -0.3000000000000007 -3.000000000000007
4.813821315765381 30.3 -0.3000000000000007 -3.000000000000007
4.824367046356201 30.3 -0.3000000000000007 -3.000000000000007
4.837036609649658 30.3 -0.3000000000000007 -3.000000000000007
4.8464765548706055 30.3 -0.3000000000000007 -3.000000000000007
4.857499361038208 30.3 -0.3000000000000007 -3.000000000000007
4.86734414100647 30.3 -0.3000000000000007 -3.000000000000007
4.8772501945495605 30.3 -0.3000000000000007 -3.000000000000007
4.888178825378418 30.3 -0.3000000000000007 -3.000000000000007
4.898185968399048 30.3 -0.3000000000000007 -3.000000000000007
4.908777475357056 30.3 -0.3000000000000007 -3.000000000000007
4.919669151306152 30.3 -0.3000000000000007 -3.000000000000007
4.930654525756836 30.3 -0.3000000000000007 -3.000000000000007
4.941922187805176 30.3 -0.3000000000000007 -3.000000000000007
4.952369928359985 30.3 -0.3000000000000007 -3.000000000000007
4.962557554244995 30.3 -0.3000000000000007 -3.000000000000007
4.973430395126343 30.3 -0.3000000000000007 -3.000000000000007
4.983047008514404 30.3 -0.3000000000000007 -3.000000000000007
4.999057769775391 30.3 -0.3000000000000007 -3.000000000000007
5.009097337722778 30.3 -0.3000000000000007 -3.000000000000007
5.019840717315674 30.3 -0.3000000000000007 -3.000000000000007
5.029698133468628 30.3 -0.3000000000000007 -3.000000000000007
5.04058837890625 30.3 -0.3000000000000007 -3.000000000000007
5.0504162311553955 30.3 -0.3000000000000007 -3.000000000000007
5.060574531555176 30.3 -0.3000000000000007 -3.000000000000007
5.071312189102173 30.3 -0.3000000000000007 -3.000000000000007
5.081254005432129 30.3 -0.3000000000000007 -3.000000000000007
5.0924601554870605 30.3 -0.3000000000000007 -3.000000000000007
5.118094205856323 30.3 -0.3000000000000007 -3.000000000000007
5.12788462638855 30.3 -0.3000000000000007 -3.000000000000007
5.139549016952515 30.3 -0.3000000000000007 -3.000000000000007
5.149413824081421 30.3 -0.3000000000000007 -3.000000000000007
5.16018271446228 30.3 -0.3000000000000007 -3.000000000000007
5.170042991638184 30.3 -0.3000000000000007 -3.000000000000007
5.180350065231323 30.3 -0.3000000000000007 -3.000000000000007
5.1913535594940186 30.3 -0.3000000000000007 -3.000000000000007
5.202012062072754 30.3 -0.3000000000000007 -3.000000000000007
5.21349573135376 30.3 -0.3000000000000007 -3.000000000000007
5.229532718658447 30.3 -0.3000000000000007 -3.000000000000007
5.243580341339111 30.3 -0.3000000000000007 -3.000000000000007
5.25850772857666 30.3 -0.3000000000000007 -3.000000000000007
5.272550106048584 30.3 -0.3000000000000007 -3.000000000000007
5.282732725143433 30.3 -0.3000000000000007 -3.000000000000007
5.294145584106445 30.3 -0.3000000000000007 -3.000000000000007
5.303955793380737 30.3 -0.3000000000000007 -3.000000000000007
5.313940763473511 30.3 -0.3000000000000007 -3.000000000000007
5.330380916595459 30.3 -0.3000000000000007 -3.000000000000007
5.340691089630127 30.3 -0.3000000000000007 -3.000000000000007
5.351501703262329 30.3 -0.3000000000000007 -3.000000000000007
5.361322641372681 30.3 -0.3000000000000007 -3.000000000000007
5.373799085617065 30.3 -0.3000000000000007 -3.000000000000007
5.383580923080444 30.3 -0.3000000000000007 -3.000000000000007
5.394592523574829 30.3 -0.3000000000000007 -3.000000000000007
5.41000509262085 30.3 -0.3000000000000007 -3.000000000000007
5.420565605163574 30.3 -0.3000000000000007 -3.000000000000007
5.432399749755859 30.3 -0.3000000000000007 -3.000000000000007
5.442334890365601 30.3 -0.3000000000000007 -3.000000000000007
5.4533021450042725 30.3 -0.3000000000000007 -3.000000000000007
5.463597297668457 30.3 -0.3000000000000007 -3.000000000000007
5.473862171173096 30.3 -0.3000000000000007 -3.000000000000007
5.4843480587005615 30.3 -0.3000000000000007 -3.000000000000007
5.495585203170776 30.3 -0.3000000000000007 -3.000000000000007
5.506687641143799 30.3 -0.3000000000000007 -3.000000000000007
5.516181468963623 30.3 -0.3000000000000007 -3.000000000000007
5.527867317199707 30.3 -0.3000000000000007 -3.000000000000007
5.537699937820435 30.3 -0.3000000000000007 -3.000000000000007
5.54938006401062 30.3 -0.3000000000000007 -3.000000000000007
5.5590386390686035 30.3 -0.3000000000000007 -3.000000000000007
5.5686118602752686 30.3 -0.3000000000000007 -3.000000000000007
5.579697847366333 30.3 -0.3000000000000007 -3.000000000000007
5.589551687240601 30.3 -0.3000000000000007 -3.000000000000007
5.600726366043091 30.3 -0.3000000000000007 -3.000000000000007
5.6106555461883545 30.3 -0.3000000000000007 -3.000000000000007
5.621246576309204 30.3 -0.3000000000000007 -3.000000000000007
5.63078498840332 30.3 -0.3000000000000007 -3.000000000000007
5.641252756118774 30.3 -0.3000000000000007 -3.000000000000007
5.652011394500732 30.3 -0.3000000000000007 -3.000000000000007
5.661628246307373 30.3 -0.3000000000000007 -3.000000000000007
5.673030376434326 30.3 -0.3000000000000007 -3.000000000000007
5.682626962661743 30.3 -0.3000000000000007 -3.000000000000007
5.703962564468384 30.3 -0.3000000000000007 -3.000000000000007
5.721601963043213 30.3 -0.3000000000000007 -3.000000000000007
5.732406139373779 30.3 -0.3000000000000007 -3.000000000000007
5.742289304733276 30.3 -0.3000000000000007 -3.000000000000007
5.752072095870972 30.3 -0.3000000000000007 -3.000000000000007
5.762478590011597 30.3 -0.3000000000000007 -3.000000000000007
5.773275852203369 30.3 -0.3000000000000007 -3.000000000000007
5.785215616226196 30.3 -0.3000000000000007 -3.000000000000007
5.79522180557251 30.3 -0.3000000000000007 -3.000000000000007
5.810229539871216 30.3 -0.3000000000000007 -3.000000000000007
5.822069883346558 30.3 -0.3000000000000007 -3.000000000000007
5.8327271938323975 30.3 -0.3000000000000007 -3.000000000000007
5.84254789352417 30.3 -0.3000000000000007 -3.000000000000007
5.853200674057007 30.3 -0.3000000000000007 -3.000000000000007
5.863073348999023 30.3 -0.3000000000000007 -3.000000000000007
5.874535322189331 30.3 -0.3000000000000007 -3.000000000000007
5.884610652923584 30.3 -0.3000000000000007 -3.000000000000007
5.895147800445557 30.3 -0.3000000000000007 -3.000000000000007
5.904697418212891 30.3 -0.3000000000000007 -3.000000000000007
5.9145896434783936 30.3 -0.3000000000000007 -3.000000000000007
5.927148103713989 30.3 -0.3000000000000007 -3.000000000000007
5.936678647994995 30.3 -0.3000000000000007 -3.000000000000007
5.948000192642212 30.3 -0.3000000000000007 -3.000000000000007
5.957749605178833 30.3 -0.3000000000000007 -3.000000000000007
5.968064546585083 30.3 -0.3000000000000007 -3.000000000000007
5.979468107223511 30.3 -0.3000000000000007 -3.000000000000007
5.989969730377197 30.3 -0.3000000000000007 -3.000000000000007
5.999738693237305 30.3 -0.3000000000000007 -3.000000000000007
6.010064363479614 30.3 -0.3000000000000007 -3.000000000000007
6.021616697311401 30.3 -0.3000000000000007 -3.000000000000007
6.032371520996094 30.3 -0.3000000000000007 -3.000000000000007
6.0423264503479 30.3 -0.3000000000000007 -3.000000000000007
6.052223205566406 30.3 -0.3000000000000007 -3.000000000000007
6.062545537948608 30.3 -0.3000000000000007 -3.000000000000007
6.073540925979614 30.3 -0.3000000000000007 -3.000000000000007
6.084316968917847 30.3 -0.3000000000000007 -3.000000000000007
6.094323635101318 30.3 -0.3000000000000007 -3.000000000000007
6.105080604553223 30.3 -0.3000000000000007 -3.000000000000007
6.114566087722778 30.3 -0.3000000000000007 -3.000000000000007
6.127604722976685 30.3 -0.3000000000000007 -3.000000000000007
6.137405633926392 30.3 -0.3000000000000007 -3.000000000000007
6.147578716278076 30.3 -0.3000000000000007 -3.000000000000007
6.157555341720581 30.3 -0.3000000000000007 -3.000000000000007
6.167341232299805 30.3 -0.3000000000000007 -3.000000000000007
6.179031133651733 30.3 -0.3000000000000007 -3.000000000000007
6.189212083816528 30.3 -0.3000000000000007 -3.000000000000007
6.20263934135437 30.3 -0.3000000000000007 -3.000000000000007
6.212637901306152 30.3 -0.3000000000000007 -3.000000000000007
6.224336862564087 30.3 -0.3000000000000007 -3.000000000000007
6.2342681884765625 30.3 -0.3000000000000007 -3.000000000000007
6.244627952575684 30.3 -0.3000000000000007 -3.000000000000007
6.254572153091431 30.3 -0.3000000000000007 -3.000000000000007
6.265224456787109 30.3 -0.3000000000000007 -3.000000000000007
6.276691913604736 30.3 -0.3000000000000007 -3.000000000000007
6.287470579147339 30.3 -0.3000000000000007 -3.000000000000007
6.2972424030303955 30.3 -0.3000000000000007 -3.000000000000007
6.306691408157349 30.3 -0.3000000000000007 -3.000000000000007
6.317820310592651 30.3 -0.3000000000000007 -3.000000000000007
6.333706855773926 30.3 -0.3000000000000007 -3.000000000000007
6.344406604766846 30.3 -0.3000000000000007 -3.000000000000007
6.355135202407837 30.3 -0.3000000000000007 -3.000000000000007
6.364695310592651 30.3 -0.3000000000000007 -3.000000000000007
6.3754613399505615 30.3 -0.3000000000000007 -3.000000000000007
6.38703727722168 30.3 -0.3000000000000007 -3.000000000000007
6.398167133331299 30.3 -0.3000000000000007 -3.000000000000007
6.408669710159302 30.3 -0.3000000000000007 -3.000000000000007
6.419223308563232 30.3 -0.3000000000000007 -3.000000000000007
6.430386304855347 30.3 -0.3000000000000007 -3.000000000000007
6.440186500549316 30.3 -0.3000000000000007 -3.000000000000007
6.451544284820557 30.3 -0.3000000000000007 -3.000000000000007
6.461629390716553 30.3 -0.3000000000000007 -3.000000000000007
6.472625017166138 30.3 -0.3000000000000007 -3.000000000000007
6.483500719070435 30.3 -0.3000000000000007 -3.000000000000007
6.494370698928833 30.3 -0.3000000000000007 -3.000000000000007
6.504202604293823 30.3 -0.3000000000000007 -3.000000000000007
6.514287710189819 30.3 -0.3000000000000007 -3.000000000000007
6.525231838226318 30.3 -0.3000000000000007 -3.000000000000007
6.536480188369751 30.3 -0.3000000000000007 -3.000000000000007
6.546692371368408 30.3 -0.3000000000000007 -3.000000000000007
6.556028842926025 30.3 -0.3000000000000007 -3.000000000000007
6.567102432250977 30.3 -0.3000000000000007 -3.000000000000007
