0 0
0.0005347728729248047 110.1 -80.1 -1754183.3388773387
0.0335536003112793 110.5 -80.5 -8171.143005682681
0.04321908950805664 110.5 -80.5 -8050.0
0.053009033203125 110.5 -80.5 -8050.0
0.06294083595275879 110.5 -80.5 -8050.0
0.0726773738861084 110.5 -80.5 -8050.0
0.0833735466003418 110.5 -80.5 -8050.0
0.09286832809448242 110.5 -80.5 -8050.0
0.10205793380737305 111.3 -81.3 -9000.548775425485
0.11262917518615723 111.3 -81.3 -8130.0
0.12158036231994629 111.3 -81.3 -8130.0
0.1330702304840088 110.7 -80.7 -7547.800796812754
0.14273285865783691 110.7 -80.7 -8070.0
0.1519455909729004 110.7 -80.7 -8070.0
0.1735401153564453 110.5 -80.5 -7957.383929162893
0.1840071678161621 110.5 -80.5 -8050.0
0.1946120262145996 110.5 -80.5 -8050.0
0.20391130447387695 110.5 -80.5 -8050.0
0.2139275074005127 109.2 -79.2 -6622.102973030876
0.2240595817565918 109.2 -79.2 -7920.0
0.23598384857177734 109.2 -79.2 -7920.0
0.2459886074066162 82.7 -52.7 21217.39508614732
0.2558321952819824 82.7 -52.7 -5270.0
0.26578736305236816 82.7 -52.7 -5270.0
0.2752351760864258 82.7 -52.7 -5270.0
0.2869231700897217 82.7 -52.7 -5270.0
0.29604148864746094 82.7 -52.7 -5270.0
0.30571460723876953 82.7 -52.7 -5270.0
0.31543469429016113 106.8 -76.8 -32474.016630282807
0.32547712326049805 106.8 -76.8 -7680.0
0.33661365509033203 106.8 -76.8 -7680.0
0.3468632698059082 105.4 -75.4 -6174.094998836948
0.3560185432434082 105.4 -75.4 -7540.000000000001
0.36603426933288574 106.0 -76.0 -8199.057916160817
0.3824305534362793 106.0 -76.0 -7600.0
0.3928184509277344 106.0 -76.0 -7600.0
0.40285372734069824 105.2 -75.2 -6722.8121926302565
0.4120967388153076 105.2 -75.2 -7520.0
0.42142796516418457 105.2 -75.2 -7520.0
0.43350768089294434 103.7 -73.7 -6128.2489243279515
0.44391489028930664 103.7 -73.7 -7370.0
0.45396924018859863 103.7 -73.7 -7370.0
0.46355271339416504 103.7 -73.7 -7370.0
0.4734508991241455 103.7 -73.7 -7370.0
0.48409128189086914 102.8 -72.8 -6434.165766653964
0.4952261447906494 102.8 -72.8 -7280.0
0.5058975219726562 102.8 -72.8 -7280.0
0.5179524421691895 102.8 -72.8 -7280.0
0.532127857208252 102.8 -72.8 -7280.0
0.5457046031951904 102.8 -72.8 -7280.0
0.5707688331604004 102.8 -72.8 -7280.0
0.5831506252288818 74.8 -44.8 18133.850923305028
0.5935957431793213 74.8 -44.8 -4480.0
0.6031093597412109 74.8 -44.8 -4480.0
0.6128532886505127 74.8 -44.8 -4480.0
0.6228528022766113 74.8 -44.8 -4480.0
0.6333625316619873 98.0 -68.0 -28874.783421428736
0.6440408229827881 98.0 -68.0 -6800.0
0.6534891128540039 98.0 -68.0 -6800.0
0.6629703044891357 98.0 -68.0 -6800.0
0.6735267639160156 98.0 -68.0 -6800.0
0.6835043430328369 98.0 -68.0 -6800.0
0.6944527626037598 98.0 -68.0 -6800.0
0.7036128044128418 98.0 -68.0 -6800.0
0.7135727405548096 94.5 -64.5 -2935.9212447636146
0.7231228351593018 94.5 -64.5 -6450.0
0.733464241027832 94.5 -64.5 -6450.0
0.7444727420806885 96.2 -66.2 -8164.261104974771
0.7537946701049805 96.2 -66.2 -6620.0
0.7639269828796387 94.7 -64.7 -4989.587745305662
0.7739427089691162 94.7 -64.7 -6470.0
0.7834622859954834 94.7 -64.7 -6470.0
0.7939565181732178 94.7 -64.7 -6470.0
0.803504228591919 94.7 -64.7 -6470.0
0.8130173683166504 94.7 -64.7 -6470.0
0.8227345943450928 94.7 -64.7 -6470.0
0.8326749801635742 94.7 -64.7 -6470.0
0.8421812057495117 89.5 -59.5 -479.900481540928
0.8530018329620361 89.5 -59.5 -5950.0
0.8624463081359863 89.5 -59.5 -5950.0
0.872657299041748 92.5 -62.5 -9188.010647240124
0.8826284408569336 92.5 -62.5 -6250.0
0.8927428722381592 90.7 -60.7 -4290.364613535114
0.9030694961547852 90.7 -60.7 -6070.0
0.9128022193908691 90.7 -60.7 -6070.0
0.9229815006256104 90.2 -60.2 -5528.80618339384
0.9331836700439453 90.2 -60.2 -6020.0
0.9426803588867188 89.4 -59.400000000000006 -5097.601124723844
0.9538543224334717 89.4 -59.400000000000006 -5940.000000000001
0.9673254489898682 89.4 -59.400000000000006 -5940.000000000001
0.9781351089477539 86.1 -56.099999999999994 -2557.1750148878336
0.9877462387084961 86.1 -56.099999999999994 -5609.999999999999
1.0008137226104736 87.8 -57.8 -7080.939042857926
1.0100343227386475 87.8 -57.8 -5780.0
1.0187413692474365 87.8 -57.8 -5780.0
1.0279757976531982 87.8 -57.8 -5780.0
1.038623571395874 87.8 -57.8 -5780.0
1.0506200790405273 69.7 -39.7 11117.724307887986
1.0599391460418701 69.7 -39.7 -3970.0000000000005
1.0688464641571045 69.7 -39.7 -3970.0000000000005
1.0784807205200195 69.7 -39.7 -3970.0000000000005
1.0885393619537354 69.7 -39.7 -3970.0000000000005
1.1006195545196533 84.7 -54.7 -17887.02060472093
1.1094813346862793 84.7 -54.7 -5470.0
1.1186106204986572 84.7 -54.7 -5470.0
1.1277387142181396 84.7 -54.7 -5470.0
1.1378180980682373 84.7 -54.7 -5470.0
1.1474065780639648 84.7 -54.7 -5470.0
1.1577754020690918 84.7 -54.7 -5470.0
1.1673598289489746 84.7 -54.7 -5470.0
1.1768383979797363 84.7 -54.7 -5470.0
1.1867952346801758 84.7 -54.7 -5470.0
1.1972157955169678 84.7 -54.7 -5470.0
1.2074406147003174 84.7 -54.7 -5470.0
1.2171359062194824 84.7 -54.7 -5470.0
1.2266552448272705 84.7 -54.7 -5470.0
1.2367379665374756 84.7 -54.7 -5470.0
1.2459864616394043 84.7 -54.7 -5470.0
1.2565979957580566 84.7 -54.7 -5470.0
1.2658154964447021 84.7 -54.7 -5470.0
1.27565336227417 84.7 -54.7 -5470.0
1.2856955528259277 84.7 -54.7 -5470.0
1.2950549125671387 84.7 -54.7 -5470.0
1.3056178092956543 84.7 -54.7 -5470.0
1.3149559497833252 84.7 -54.7 -5470.0
1.3244457244873047 84.7 -54.7 -5470.0
1.3349342346191406 84.7 -54.7 -5470.0
1.3445885181427002 84.7 -54.7 -5470.0
1.354893445968628 84.7 -54.7 -5470.0
1.3681042194366455 84.7 -54.7 -5470.0
1.3776261806488037 84.7 -54.7 -5470.0
1.3930561542510986 84.7 -54.7 -5470.0
1.4039642810821533 84.7 -54.7 -5470.0
1.4134864807128906 84.7 -54.7 -5470.0
1.4229731559753418 84.7 -54.7 -5470.0
1.4329874515533447 84.7 -54.7 -5470.0
1.4430088996887207 84.7 -54.7 -5470.0
1.4530949592590332 84.7 -54.7 -5470.0
1.4634711742401123 84.7 -54.7 -5470.0
1.4731898307800293 84.7 -54.7 -5470.0
1.4826951026916504 84.7 -54.7 -5470.0
1.4924328327178955 84.7 -54.7 -5470.0
1.5029759407043457 72.2 -42.2 7636.0864747518135
1.5140187740325928 72.2 -42.2 -4220.0
1.5241737365722656 71.4 -41.400000000000006 -3352.207827577305
1.534515142440796 71.4 -41.400000000000006 -4140.000000000001
1.543813943862915 71.4 -41.400000000000006 -4140.000000000001
1.5537989139556885 70.4 -40.400000000000006 -3038.4947468958935
1.5644798278808594 70.4 -40.400000000000006 -4040.0000000000005
1.5749032497406006 71.0 -41.0 -4675.626706923757
1.5844545364379883 71.0 -41.0 -4100.0
1.5940985679626465 71.0 -41.0 -4100.0
1.6046252250671387 69.6 -39.599999999999994 -2630.0431237542975
1.615056037902832 69.6 -39.599999999999994 -3959.9999999999995
1.6253867149353027 68.9 -38.900000000000006 -3212.4064620355525
1.6359639167785645 68.9 -38.900000000000006 -3890.0000000000005
1.6456551551818848 68.9 -38.900000000000006 -3890.0000000000005
1.6556928157806396 68.1 -38.099999999999994 -3013.001543906309
1.665999412536621 68.1 -38.099999999999994 -3809.9999999999995
1.6761832237243652 67.7 -37.7 -3377.2197406002806
1.6857671737670898 67.7 -37.7 -3770.0000000000005
1.696045160293579 67.7 -37.7 -3770.0000000000005
1.70603609085083 66.6 -36.599999999999994 -2559.001455673538
1.7167503833770752 66.6 -36.599999999999994 -3659.9999999999995
1.7267847061157227 66.0 -36.0 -3002.0523201938895
1.7369146347045898 66.0 -36.0 -3600.0
1.7460448741912842 66.0 -36.0 -3600.0
1.7559080123901367 65.1 -35.099999999999994 -2597.5115182866334
1.7710886001586914 65.1 -35.099999999999994 -3509.9999999999995
1.7812540531158447 64.5 -34.5 -2859.765602645595
1.7910192012786865 64.5 -34.5 -3450.0
1.8015236854553223 63.4 -33.4 -2292.8281622369987
1.8121650218963623 63.4 -33.4 -3340.0
1.8215138912200928 63.5 -33.5 -3456.9648066918307
1.832502841949463 63.5 -33.5 -3350.0
1.8415577411651611 63.5 -33.5 -3350.0
1.8515360355377197 62.4 -32.4 -2137.607187231194
1.8621549606323242 62.4 -32.4 -3240.0
1.8727991580963135 61.6 -31.6 -2408.4167991936415
1.8820469379425049 61.6 -31.6 -3160.0
1.8914039134979248 61.6 -31.6 -3160.0
1.9021191596984863 60.9 -30.9 -2436.72522973544
1.9128382205963135 60.9 -30.9 -3090.0
1.9228031635284424 60.5 -30.5 -2648.59278399847
1.9332597255706787 60.5 -30.5 -3050.0
1.9434208869934082 59.5 -29.5 -1965.8605316877447
1.9529914855957031 59.5 -29.5 -2950.0
1.9660089015960693 59.0 -29.0 -2515.899192292899
1.976167917251587 59.0 -29.0 -2900.0
1.985602617263794 59.0 -29.0 -2900.0
1.996767282485962 58.0 -28.0 -1904.3170752541214
2.0066401958465576 58.0 -28.0 -2800.0
2.0185811519622803 57.1 -27.1 -1956.2915102627599
2.027750253677368 57.1 -27.1 -2710.0
2.0386197566986084 56.7 -26.700000000000003 -2301.997894275062
2.0484821796417236 56.7 -26.700000000000003 -2670.0000000000005
2.0578055381774902 56.7 -26.700000000000003 -2670.0000000000005
2.068901538848877 55.9 -25.9 -1869.0195100988358
2.0781681537628174 55.9 -25.9 -2590.0
2.0885255336761475 55.4 -25.4 -2057.2524285253903
2.0977089405059814 55.4 -25.4 -2540.0
2.107630491256714 55.4 -25.4 -2540.0
2.118967056274414 54.6 -24.6 -1754.3188710593308
2.1286509037017822 54.6 -24.6 -2460.0
2.140177011489868 54.2 -24.200000000000003 -2072.961773953336
2.148890256881714 54.2 -24.200000000000003 -2420.0000000000005
2.158496141433716 53.6 -23.6 -1735.3828741623215
2.1738104820251465 53.6 -23.6 -2360.0
2.1835134029388428 53.4 -23.4 -2133.876501953458
2.1937456130981445 53.4 -23.4 -2340.0
2.203319787979126 53.4 -23.4 -2340.0
2.2136662006378174 53.6 -23.6 -2553.303714628079
2.2238926887512207 53.6 -23.6 -2360.0
2.2348835468292236 53.2 -23.200000000000003 -1956.0611726935526
2.244453191757202 53.2 -23.200000000000003 -2320.0000000000005
2.2539474964141846 53.2 -23.200000000000003 -2320.0000000000005
2.263991594314575 51.7 -21.700000000000003 -676.5856437523742
2.274454116821289 51.7 -21.700000000000003 -2170.0000000000005
2.2844836711883545 50.0 -20.0 -305.00943732616724
2.293886423110962 50.0 -20.0 -2000.0
2.3033487796783447 49.8 -19.799999999999997 -1768.6361620640969
2.313830614089966 49.8 -19.799999999999997 -1979.9999999999998
2.3244736194610596 49.8 -19.799999999999997 -1979.9999999999998
2.3350586891174316 48.1 -18.1 -203.9642768655583
2.344621181488037 48.1 -18.1 -1810.0000000000002
2.3547310829162598 47.5 -17.5 -1156.5224035468336
2.364126443862915 47.5 -17.5 -1750.0
2.374676465988159 46.4 -16.4 -597.3481581920889
2.384840488433838 46.4 -16.4 -1639.9999999999998
2.39418363571167 46.4 -16.4 -1639.9999999999998
2.410029888153076 46.0 -16.0 -1347.5743861338478
2.4221291542053223 45.4 -15.399999999999999 -1044.102151808937
2.4327633380889893 45.4 -15.399999999999999 -1539.9999999999998
2.441957473754883 45.4 -15.399999999999999 -1539.9999999999998
2.4524407386779785 44.8 -14.799999999999997 -907.6592221969509
2.461566209793091 44.8 -14.799999999999997 -1479.9999999999998
2.47403621673584 43.5 -13.5 -307.49857560752
2.4835567474365234 43.5 -13.5 -1350.0
2.4936509132385254 42.9 -12.899999999999999 -695.5972412489946
2.50325083732605 42.9 -12.899999999999999 -1289.9999999999998
2.51328706741333 41.8 -11.799999999999997 -83.97092291245826
2.52571702003479 41.8 -11.799999999999997 -1179.9999999999998
2.536153793334961 41.6 -11.600000000000001 -968.3698914905812
2.546642780303955 41.6 -11.600000000000001 -1160.0000000000002
2.5559096336364746 41.6 -11.600000000000001 -1160.0000000000002
2.5706560611724854 41.0 -11.0 -693.1217926953475
2.581085205078125 40.1 -10.100000000000001 -147.0336739592634
2.595399856567383 40.1 -10.100000000000001 -1010.0000000000001
2.608893394470215 39.2 -9.200000000000003 -253.014064598206
2.623706579208374 39.2 -9.200000000000003 -920.0000000000002
2.6375436782836914 38.9 -8.899999999999999 -673.1915502179612
2.6513607501983643 39.1 -9.100000000000001 -1054.7484685866154
2.664527416229248 39.1 -9.100000000000001 -910.0000000000001
2.6748464107513428 38.5 -8.5 -268.5480002772565
2.684997797012329 38.5 -8.5 -850.0
2.6944994926452637 38.5 -8.5 -850.0
2.7041985988616943 37.4 -7.399999999999999 394.125119834814
2.7139627933502197 37.4 -7.399999999999999 -739.9999999999999
2.725804567337036 37.6 -7.600000000000001 -928.8936135942685
2.736199140548706 37.6 -7.600000000000001 -760.0000000000001
2.746744155883789 36.4 -6.399999999999999 497.9784304415683
2.756035566329956 36.4 -6.399999999999999 -639.9999999999999
2.765622138977051 36.4 -6.399999999999999 -639.9999999999999
2.776916980743408 35.7 -5.700000000000003 49.751931439182044
2.7865679264068604 35.7 -5.700000000000003 -570.0000000000002
2.796922206878662 35.3 -5.299999999999997 -143.68633862165257
2.8061208724975586 35.3 -5.299999999999997 -529.9999999999998
2.816166400909424 34.0 -4.0 894.1081312004528
2.827241897583008 34.0 -4.0 -400.0
2.8381288051605225 33.8 -3.799999999999997 -196.29310382585174
2.847602367401123 33.8 -3.799999999999997 -379.9999999999997
2.857130289077759 33.8 -3.799999999999997 -379.9999999999997
2.867051601409912 33.0 -3.0 506.34494028308166
2.8772921562194824 33.0 -3.0 -300.0
2.887399435043335 32.6 -2.6000000000000014 135.7543934140055
2.8971312046051025 32.6 -2.6000000000000014 -260.0000000000001
2.907233953475952 32.6 -2.6000000000000014 -260.0000000000001
2.9167776107788086 32.6 -2.6000000000000014 -260.0000000000001
2.9267418384552 32.6 -2.6000000000000014 -260.0000000000001
2.9377965927124023 32.6 -2.6000000000000014 -260.0000000000001
2.9473605155944824 32.6 -2.6000000000000014 -260.0000000000001
2.9574713706970215 32.1 -2.1000000000000014 284.51801546877937
2.9811651706695557 32.2 -2.200000000000003 -262.2051338814044
2.9911391735076904 32.2 -2.200000000000003 -220.00000000000028
3.002505302429199 32.2 -2.200000000000003 -220.00000000000028
3.0115883350372314 32.2 -2.200000000000003 -220.00000000000028
3.021387815475464 30.8 -0.8000000000000007 1348.6471704539945
3.035004138946533 30.8 -0.8000000000000007 -80.00000000000007
3.0453875064849854 30.3 -0.3000000000000007 451.5393446763564
3.054962396621704 30.3 -0.3000000000000007 -30.00000000000007
3.064690113067627 30.3 -0.3000000000000007 -30.00000000000007
3.0749573707580566 30.2 -0.1999999999999993 77.3969905257306
3.0869674682617188 30.2 -0.1999999999999993 -19.99999999999993
3.097367763519287 30.2 -0.1999999999999993 -19.99999999999993
3.106962203979492 30.2 -0.1999999999999993 -19.99999999999993
3.117055892944336 29.6 0.3999999999999986 634.4308390022653
3.1270320415496826 29.6 0.3999999999999986 39.99999999999986
3.1394431591033936 29.8 0.1999999999999993 -141.14584293837356
3.148732900619507 29.8 0.1999999999999993 19.99999999999993
3.1581852436065674 29.8 0.1999999999999993 19.99999999999993
3.168626070022583 29.8 0.1999999999999993 19.99999999999993
3.178004026412964 29.8 0.1999999999999993 19.99999999999993
3.190023899078369 29.4 0.6000000000000014 392.78222751165526
3.1994118690490723 29.4 0.6000000000000014 60.00000000000014
3.209388494491577 29.4 0.6000000000000014 60.00000000000014
3.218595266342163 29.4 0.6000000000000014 60.00000000000014
3.227992296218872 29.4 0.6000000000000014 60.00000000000014
3.2407047748565674 29.4 0.6000000000000014 60.00000000000014
3.250035524368286 29.4 0.6000000000000014 60.00000000000014
3.260580062866211 29.4 0.6000000000000014 60.00000000000014
3.2698466777801514 29.4 0.6000000000000014 60.00000000000014
3.2800369262695312 29.6 0.3999999999999986 -156.26606771016412
3.2906737327575684 29.6 0.3999999999999986 39.99999999999986
3.301060676574707 29.7 0.3000000000000007 -66.27470963595252
3.3107872009277344 29.7 0.3000000000000007 30.00000000000007
3.320713520050049 30.4 -0.3999999999999986 -745.1959456213664
3.332153081893921 30.4 -0.3999999999999986 -39.99999999999986
3.3428807258605957 30.4 -0.3999999999999986 -39.99999999999986
3.3530795574188232 30.3 -0.3000000000000007 68.05044767047497
3.362823963165283 30.3 -0.3000000000000007 -30.00000000000007
3.3845596313476562 30.3 -0.3000000000000007 -30.00000000000007
3.3959178924560547 30.3 -0.3000000000000007 -30.00000000000007
3.4056742191314697 30.3 -0.3000000000000007 -30.00000000000007
3.422145128250122 30.3 -0.3000000000000007 -30.00000000000007
3.4349071979522705 30.3 -0.3000000000000007 -30.00000000000007
3.4459917545318604 30.3 -0.3000000000000007 -30.00000000000007
3.4556643962860107 30.3 -0.3000000000000007 -30.00000000000007
3.4657886028289795 30.3 -0.3000000000000007 -30.00000000000007
3.4754655361175537 30.3 -0.3000000000000007 -30.00000000000007
3.4858510494232178 30.3 -0.3000000000000007 -30.00000000000007
3.4976134300231934 30.3 -0.3000000000000007 -30.00000000000007
3.507612466812134 30.3 -0.3000000000000007 -30.00000000000007
3.5207130908966064 30.3 -0.3000000000000007 -30.00000000000007
3.531134843826294 30.4 -0.3999999999999986 -135.953147877011
3.5420784950256348 30.4 -0.3999999999999986 -39.99999999999986
3.5515761375427246 30.2 -0.1999999999999993 190.57857214579707
3.56219482421875 30.2 -0.1999999999999993 -19.99999999999993
3.5717005729675293 30.2 -0.1999999999999993 -19.99999999999993
3.5821332931518555 29.7 0.3000000000000007 509.2613922025687
3.592907428741455 29.7 0.3000000000000007 30.00000000000007
3.6030755043029785 29.8 0.1999999999999993 -78.34702682423706
3.61301589012146 29.8 0.1999999999999993 19.99999999999993
3.623171806335449 30.2 -0.1999999999999993 -413.85909805854726
3.6333281993865967 30.2 -0.1999999999999993 -19.99999999999993
3.6440212726593018 30.2 -0.1999999999999993 -19.99999999999993
3.6544580459594727 30.2 -0.1999999999999993 -19.99999999999993
3.6639182567596436 30.2 -0.1999999999999993 -19.99999999999993
3.6740620136260986 30.2 -0.1999999999999993 -19.99999999999993
3.683807373046875 30.2 -0.1999999999999993 -19.99999999999993
3.6947898864746094 29.6 0.3999999999999986 586.3230288294526
3.70452618598938 29.6 0.3999999999999986 39.99999999999986
3.7139461040496826 29.6 0.3999999999999986 39.99999999999986
3.723994255065918 29.6 0.3999999999999986 39.99999999999986
3.734527111053467 29.6 0.3999999999999986 39.99999999999986
3.746145248413086 29.4 0.6000000000000014 232.14463369587784
3.755819797515869 29.4 0.6000000000000014 60.00000000000014
3.774707317352295 29.8 0.1999999999999993 -191.7800555415311
3.787423610687256 29.6 0.3999999999999986 197.27853607319562
3.7985310554504395 29.6 0.3999999999999986 39.99999999999986
3.8086800575256348 30.2 -0.1999999999999993 -611.1911294869363
3.8184192180633545 30.2 -0.1999999999999993 -19.99999999999993
3.827758550643921 29.7 0.3000000000000007 565.37016236087
3.840665340423584 29.7 0.3000000000000007 30.00000000000007
3.8533554077148438 30.2 -0.1999999999999993 -414.008942997783
3.863069772720337 30.2 -0.1999999999999993 -19.99999999999993
3.872772693634033 30.2 -0.1999999999999993 -19.99999999999993
3.8830161094665527 30.2 -0.1999999999999993 -19.99999999999993
3.8932392597198486 30.2 -0.1999999999999993 -19.99999999999993
3.9046096801757812 30.4 -0.3999999999999986 -215.89499066909823
3.919889211654663 30.4 -0.3999999999999986 -39.99999999999986
3.92960786819458 30.2 -0.1999999999999993 185.78976032185983
3.939488649368286 30.2 -0.1999999999999993 -19.99999999999993
3.9515388011932373 30.2 -0.1999999999999993 -19.99999999999993
3.9611692428588867 30.2 -0.1999999999999993 -19.99999999999993
3.9728405475616455 30.2 -0.1999999999999993 -19.99999999999993
3.9821088314056396 30.2 -0.1999999999999993 -19.99999999999993
3.9932639598846436 30.2 -0.1999999999999993 -19.99999999999993
4.003658294677734 30.2 -0.1999999999999993 -19.99999999999993
4.013261079788208 30.2 -0.1999999999999993 -19.99999999999993
4.0239479541778564 30.2 -0.1999999999999993 -19.99999999999993
4.034924268722534 30.2 -0.1999999999999993 -19.99999999999993
4.045428514480591 29.7 0.3000000000000007 505.9980026328931
4.056196928024292 29.7 0.3000000000000007 30.00000000000007
4.066686153411865 29.7 0.3000000000000007 30.00000000000007
4.076119661331177 29.7 0.3000000000000007 30.00000000000007
4.086709499359131 29.7 0.3000000000000007 30.00000000000007
4.096156120300293 29.7 0.3000000000000007 30.00000000000007
4.107401371002197 29.7 0.3000000000000007 30.00000000000007
4.1170384883880615 29.7 0.3000000000000007 30.00000000000007
4.126613140106201 29.7 0.3000000000000007 30.00000000000007
4.137243270874023 29.7 0.3000000000000007 30.00000000000007
4.146859169006348 29.7 0.3000000000000007 30.00000000000007
4.158760070800781 29.7 0.3000000000000007 30.00000000000007
4.173922777175903 30.2 -0.1999999999999993 -349.7564350519678
4.1905357837677 30.2 -0.1999999999999993 -19.99999999999993
4.200678825378418 30.4 -0.3999999999999986 -237.1795124932413
4.211095809936523 30.4 -0.3999999999999986 -39.99999999999986
4.220990896224976 30.3 -0.3000000000000007 71.06026070404326
4.231441259384155 30.3 -0.3000000000000007 -30.00000000000007
4.242630958557129 30.3 -0.3000000000000007 -30.00000000000007
4.2534661293029785 30.3 -0.3000000000000007 -30.00000000000007
4.263817071914673 30.3 -0.3000000000000007 -30.00000000000007
4.2739577293396 30.3 -0.3000000000000007 -30.00000000000007
4.2835752964019775 30.3 -0.3000000000000007 -30.00000000000007
4.294921398162842 30.3 -0.3000000000000007 -30.00000000000007
4.305601119995117 30.3 -0.3000000000000007 -30.00000000000007
4.315701007843018 30.4 -0.3999999999999986 -139.01100042490685
4.3252129554748535 30.4 -0.3999999999999986 -39.99999999999986
4.335744619369507 30.4 -0.3999999999999986 -39.99999999999986
4.346027374267578 29.7 0.3000000000000007 710.7514201581297
4.357203006744385 29.7 0.3000000000000007 30.00000000000007
4.367506504058838 30.2 -0.1999999999999993 -505.27212143650496
4.377140522003174 30.2 -0.1999999999999993 -19.99999999999993
4.387377500534058 29.7 0.3000000000000007 518.4253673987471
4.3971617221832275 29.7 0.3000000000000007 30.00000000000007
4.408456087112427 29.7 0.3000000000000007 30.00000000000007
4.417741060256958 29.7 0.3000000000000007 30.00000000000007
4.427387952804565 29.7 0.3000000000000007 30.00000000000007
4.443512201309204 29.8 0.1999999999999993 -42.018394203756685
4.453974962234497 29.7 0.3000000000000007 125.57706681250713
4.465391159057617 29.7 0.3000000000000007 30.00000000000007
4.474915266036987 29.7 0.3000000000000007 30.00000000000007
4.486772537231445 29.7 0.3000000000000007 30.00000000000007
4.49610161781311 29.7 0.3000000000000007 30.00000000000007
4.5072267055511475 29.7 0.3000000000000007 30.00000000000007
4.517016649246216 29.7 0.3000000000000007 30.00000000000007
4.52699613571167 30.2 -0.1999999999999993 -521.0277850777646
4.53707480430603 30.2 -0.1999999999999993 -19.99999999999993
4.548498868942261 29.8 0.1999999999999993 370.13807496451994
4.559433221817017 29.8 0.1999999999999993 19.99999999999993
4.580679416656494 30.4 -0.3999999999999986 -322.40351015003307
4.592706918716431 29.7 0.3000000000000007 611.9994846076075
4.602127313613892 29.7 0.3000000000000007 30.00000000000007
4.61296272277832 29.7 0.3000000000000007 30.00000000000007
4.6230199337005615 30.3 -0.3000000000000007 -626.5868714885158
4.633988618850708 30.3 -0.3000000000000007 -30.00000000000007
4.6447834968566895 30.2 -0.1999999999999993 72.63652627161832
4.654529094696045 30.2 -0.1999999999999993 -19.99999999999993
4.668760538101196 30.4 -0.3999999999999986 -180.5338828299067
4.6827874183654785 30.4 -0.3999999999999986 -39.99999999999986
4.696700096130371 30.4 -0.3999999999999986 -39.99999999999986
4.712708950042725 30.4 -0.3999999999999986 -39.99999999999986
4.725053071975708 30.4 -0.3999999999999986 -39.99999999999986
4.738027334213257 30.4 -0.3999999999999986 -39.99999999999986
4.747591018676758 30.4 -0.3999999999999986 -39.99999999999986
4.758167505264282 30.4 -0.3999999999999986 -39.99999999999986
4.769883632659912 30.4 -0.3999999999999986 -39.99999999999986
4.780017614364624 30.3 -0.3000000000000007 68.67789671803101
4.788913249969482 30.3 -0.3000000000000007 -30.00000000000007
4.798640012741089 29.7 0.3000000000000007 646.8547687329967
4.8086256980896 29.7 0.3000000000000007 30.00000000000007
4.819936752319336 29.7 0.3000000000000007 30.00000000000007
4.830734729766846 30.2 -0.1999999999999993 -483.0496798410245
4.840042352676392 30.2 -0.1999999999999993 -19.99999999999993
4.850145578384399 30.2 -0.1999999999999993 -19.99999999999993
4.859475135803223 30.2 -0.1999999999999993 -19.99999999999993
4.871301651000977 30.2 -0.1999999999999993 -19.99999999999993
4.881088972091675 30.2 -0.1999999999999993 -19.99999999999993
4.890692949295044 30.2 -0.1999999999999993 -19.99999999999993
4.900969982147217 30.2 -0.1999999999999993 -19.99999999999993
4.923945188522339 30.3 -0.3000000000000007 -73.525180304053
4.939960956573486 29.7 0.3000000000000007 404.63080014886583
4.94896125793457 29.7 0.3000000000000007 30.00000000000007
4.958617210388184 29.7 0.3000000000000007 30.00000000000007
4.977257966995239 29.7 0.3000000000000007 30.00000000000007
4.993435859680176 29.8 0.1999999999999993 -41.812747770983194
5.017600774765015 29.8 0.1999999999999993 19.99999999999993
5.027342081069946 29.8 0.1999999999999993 19.99999999999993
5.04065203666687 29.8 0.1999999999999993 19.99999999999993
5.050004720687866 29.8 0.1999999999999993 19.99999999999993
5.06077241897583 29.7 0.3000000000000007 122.87035847928753
5.070068836212158 29.7 0.3000000000000007 30.00000000000007
5.0827109813690186 29.7 0.3000000000000007 30.00000000000007
5.092465400695801 29.7 0.3000000000000007 30.00000000000007
5.103234767913818 30.2 -0.1999999999999993 -484.2798317467345
5.113072872161865 30.2 -0.1999999999999993 -19.99999999999993
5.123152017593384 29.7 0.3000000000000007 526.0738024837375
5.1341187953948975 29.7 0.3000000000000007 30.00000000000007
5.143757343292236 30.3 -0.3000000000000007 -652.5004081430743
5.153818845748901 30.3 -0.3000000000000007 -30.00000000000007
5.1635050773620605 30.3 -0.3000000000000007 -30.00000000000007
5.173640727996826 30.3 -0.3000000000000007 -30.00000000000007
5.184647560119629 30.3 -0.3000000000000007 -30.00000000000007
5.194992542266846 30.3 -0.3000000000000007 -30.00000000000007
5.204540014266968 30.3 -0.3000000000000007 -30.00000000000007
5.21393084526062 30.3 -0.3000000000000007 -30.00000000000007
5.224086046218872 30.3 -0.3000000000000007 -30.00000000000007
5.235684394836426 30.3 -0.3000000000000007 -30.00000000000007
5.246024131774902 30.3 -0.3000000000000007 -30.00000000000007
5.255713224411011 30.3 -0.3000000000000007 -30.00000000000007
5.266000270843506 29.7 0.3000000000000007 613.2577931258271
5.2757039070129395 29.7 0.3000000000000007 30.00000000000007
5.287494421005249 29.7 0.3000000000000007 30.00000000000007
5.297319412231445 29.7 0.3000000000000007 30.00000000000007
5.307553291320801 30.2 -0.1999999999999993 -508.57329233063086
5.317159652709961 30.2 -0.1999999999999993 -19.99999999999993
5.326773643493652 30.2 -0.1999999999999993 -19.99999999999993
5.337660789489746 30.2 -0.1999999999999993 -19.99999999999993
5.347276210784912 30.2 -0.1999999999999993 -19.99999999999993
5.357698440551758 30.2 -0.1999999999999993 -19.99999999999993
5.367365598678589 30.2 -0.1999999999999993 -19.99999999999993
5.3830726146698 30.2 -0.1999999999999993 -19.99999999999993
5.393510580062866 30.2 -0.1999999999999993 -19.99999999999993
5.403496503829956 30.2 -0.1999999999999993 -19.99999999999993
5.413250684738159 30.2 -0.1999999999999993 -19.99999999999993
5.423282146453857 30.2 -0.1999999999999993 -19.99999999999993
5.4335777759552 30.2 -0.1999999999999993 -19.99999999999993
5.443982124328613 29.7 0.3000000000000007 510.56829899860224
5.459925413131714 29.7 0.3000000000000007 30.00000000000007
5.470034837722778 29.7 0.3000000000000007 30.00000000000007
5.479351282119751 29.7 0.3000000000000007 30.00000000000007
5.490862607955933 29.8 0.1999999999999993 -66.87096640570114
5.501213550567627 29.8 0.1999999999999993 19.99999999999993
5.512502193450928 29.8 0.1999999999999993 19.99999999999993
5.522779941558838 29.7 0.3000000000000007 127.2975781757461
5.533327102661133 29.7 0.3000000000000007 30.00000000000007
5.544523239135742 29.7 0.3000000000000007 30.00000000000007
5.553907871246338 29.7 0.3000000000000007 30.00000000000007
5.5655906200408936 29.7 0.3000000000000007 30.00000000000007
5.575231075286865 29.7 0.3000000000000007 30.00000000000007
5.585942983627319 29.7 0.3000000000000007 30.00000000000007
5.59683632850647 29.7 0.3000000000000007 30.00000000000007
5.606105327606201 30.2 -0.1999999999999993 -559.4325693854978
5.6166534423828125 30.2 -0.1999999999999993 -19.99999999999993
5.625992774963379 30.2 -0.1999999999999993 -19.99999999999993
5.636592864990234 29.7 0.3000000000000007 501.6941070625282
5.646913528442383 29.7 0.3000000000000007 30.00000000000007
5.657395601272583 30.3 -0.3000000000000007 -602.4058683043345
5.666963338851929 30.3 -0.3000000000000007 -30.00000000000007
5.676967620849609 30.3 -0.3000000000000007 -30.00000000000007
5.6864728927612305 30.3 -0.3000000000000007 -30.00000000000007
5.697350740432739 30.3 -0.3000000000000007 -30.00000000000007
5.707408666610718 30.3 -0.3000000000000007 -30.00000000000007
5.7171471118927 30.3 -0.3000000000000007 -30.00000000000007
5.727146148681641 30.3 -0.3000000000000007 -30.00000000000007
5.737329721450806 30.3 -0.3000000000000007 -30.00000000000007
5.74848747253418 30.3 -0.3000000000000007 -30.00000000000007
5.757768869400024 30.3 -0.3000000000000007 -30.00000000000007
5.767578363418579 30.4 -0.3999999999999986 -141.94205716507642
5.78303599357605 30.4 -0.3999999999999986 -39.99999999999986
5.794523239135742 29.7 0.3000000000000007 639.3714949876502
5.80403208732605 29.7 0.3000000000000007 30.00000000000007
5.813660383224487 30.2 -0.1999999999999993 -539.3026941362915
5.823891878128052 30.2 -0.1999999999999993 -19.99999999999993
5.834735155105591 30.2 -0.1999999999999993 -19.99999999999993
5.845896005630493 29.7 0.3000000000000007 477.9945313167565
5.855624675750732 29.7 0.3000000000000007 30.00000000000007
5.866025686264038 29.8 0.1999999999999993 -76.1445042979957
5.875766038894653 29.8 0.1999999999999993 19.99999999999993
5.886144399642944 29.8 0.1999999999999993 19.99999999999993
5.897382974624634 29.8 0.1999999999999993 19.99999999999993
5.916183233261108 30.2 -0.1999999999999993 -232.76303041063147
5.925950050354004 30.2 -0.1999999999999993 -19.99999999999993
5.9364705085754395 29.8 0.1999999999999993 400.2115759416203
5.947210073471069 29.8 0.1999999999999993 19.99999999999993
5.957701206207275 30.2 -0.1999999999999993 -401.27436765674923
5.968732833862305 30.2 -0.1999999999999993 -19.99999999999993
5.978721618652344 30.2 -0.1999999999999993 -19.99999999999993
5.988132476806641 30.2 -0.1999999999999993 -19.99999999999993
6.001278877258301 29.8 0.1999999999999993 324.2657961552401
6.010983943939209 29.8 0.1999999999999993 19.99999999999993
6.02082896232605 30.2 -0.1999999999999993 -426.2968541883597
6.032962799072266 30.2 -0.1999999999999993 -19.99999999999993
6.042461395263672 30.2 -0.1999999999999993 -19.99999999999993
6.053422212600708 30.2 -0.1999999999999993 -19.99999999999993
6.063068151473999 30.2 -0.1999999999999993 -19.99999999999993
6.073434591293335 30.2 -0.1999999999999993 -19.99999999999993
6.083118438720703 30.2 -0.1999999999999993 -19.99999999999993
6.093203544616699 30.2 -0.1999999999999993 -19.99999999999993
6.103940486907959 30.2 -0.1999999999999993 -19.99999999999993
6.113566160202026 29.6 0.3999999999999986 663.3330195922995
6.123805522918701 29.6 0.3999999999999986 39.99999999999986
6.134663343429565 29.6 0.3999999999999986 39.99999999999986
6.144775390625 29.6 0.3999999999999986 39.99999999999986
6.155665397644043 29.6 0.3999999999999986 39.99999999999986
6.1660332679748535 29.6 0.3999999999999986 39.99999999999986
6.180446147918701 29.6 0.3999999999999986 39.99999999999986
6.190806150436401 29.6 0.3999999999999986 39.99999999999986
6.2021636962890625 29.6 0.3999999999999986 39.99999999999986
6.212807655334473 29.6 0.3999999999999986 39.99999999999986
6.22208571434021 29.6 0.3999999999999986 39.99999999999986
6.232661247253418 29.8 0.1999999999999993 -169.11576526816452
6.241934776306152 29.8 0.1999999999999993 19.99999999999993
6.252978801727295 29.7 0.3000000000000007 120.54669487500675
6.263251781463623 29.7 0.3000000000000007 30.00000000000007
6.272886514663696 29.7 0.3000000000000007 30.00000000000007
6.283010959625244 30.2 -0.1999999999999993 -513.8542328976803
6.292690753936768 30.2 -0.1999999999999993 -19.99999999999993
6.303658962249756 29.7 0.3000000000000007 485.8629684375273
6.31352424621582 29.7 0.3000000000000007 30.00000000000007
6.3236048221588135 29.7 0.3000000000000007 30.00000000000007
6.333857774734497 29.7 0.3000000000000007 30.00000000000007
6.343520641326904 29.7 0.3000000000000007 30.00000000000007
6.354597568511963 30.2 -0.1999999999999993 -471.3887214808437
6.363966703414917 30.2 -0.1999999999999993 -19.99999999999993
6.374529600143433 30.2 -0.1999999999999993 -19.99999999999993
6.383906126022339 30.2 -0.1999999999999993 -19.99999999999993
6.393965244293213 30.4 -0.3999999999999986 -238.82458344196542
6.404974699020386 30.4 -0.3999999999999986 -39.99999999999986
6.415445566177368 30.4 -0.3999999999999986 -39.99999999999986
6.424939155578613 30.4 -0.3999999999999986 -39.99999999999986
6.437673568725586 30.4 -0.3999999999999986 -39.99999999999986
6.4477808475494385 30.4 -0.3999999999999986 -39.99999999999986
6.458614826202393 30.4 -0.3999999999999986 -39.99999999999986
6.474788188934326 30.4 -0.3999999999999986 -39.99999999999986
6.484853744506836 30.3 -0.3000000000000007 69.3487138187481
6.494811534881592 30.3 -0.3000000000000007 -30.00000000000007
6.505439281463623 30.4 -0.3999999999999986 -134.09332376166333
6.5174241065979 30.4 -0.3999999999999986 -39.99999999999986
6.527052402496338 30.4 -0.3999999999999986 -39.99999999999986
6.537286281585693 30.2 -0.1999999999999993 175.42931693225177
6.547053337097168 30.2 -0.1999999999999993 -19.99999999999993
6.558166980743408 29.7 0.3000000000000007 479.89745570000434
6.5679895877838135 29.7 0.3000000000000007 30.00000000000007
6.591247797012329 29.8 0.1999999999999993 -22.995571592587197
6.601340055465698 29.8 0.1999999999999993 19.99999999999993
6.613408088684082 29.8 0.1999999999999993 19.99999999999993
6.623518943786621 29.8 0.1999999999999993 19.99999999999993
6.633889675140381 29.8 0.1999999999999993 19.99999999999993
6.644200563430786 29.8 0.1999999999999993 19.99999999999993
6.65587043762207 29.8 0.1999999999999993 19.99999999999993
6.66567063331604 29.8 0.1999999999999993 19.99999999999993
6.676113843917847 29.7 0.3000000000000007 125.755992877039
6.685768365859985 29.7 0.3000000000000007 30.00000000000007
6.695940971374512 29.7 0.3000000000000007 30.00000000000007
6.707695960998535 29.7 0.3000000000000007 30.00000000000007
6.718736171722412 30.2 -0.1999999999999993 -472.88990627564453
6.728146314620972 30.2 -0.1999999999999993 -19.99999999999993
6.739442825317383 29.7 0.3000000000000007 472.61455013613056
6.753049612045288 29.7 0.3000000000000007 30.00000000000007
6.767809629440308 30.3 -0.3000000000000007 -436.50358596627353
6.781928539276123 30.3 -0.3000000000000007 -30.00000000000007
6.795895099639893 30.2 -0.1999999999999993 51.59959030385906
6.812049865722656 30.4 -0.3999999999999986 -163.8024735086626
6.82468056678772 30.4 -0.3999999999999986 -39.99999999999986
6.834932804107666 30.4 -0.3999999999999986 -39.99999999999986
6.8445351123809814 30.4 -0.3999999999999986 -39.99999999999986
6.85504150390625 30.2 -0.1999999999999993 170.36031497492394
6.86577033996582 30.2 -0.1999999999999993 -19.99999999999993
6.875474214553833 30.2 -0.1999999999999993 -19.99999999999993
6.885611057281494 30.2 -0.1999999999999993 -19.99999999999993
6.895032644271851 30.2 -0.1999999999999993 -19.99999999999993
6.904920339584351 30.2 -0.1999999999999993 -19.99999999999993
6.916131973266602 30.2 -0.1999999999999993 -19.99999999999993
6.926650047302246 30.3 -0.3000000000000007 -125.07444011243228
6.937129974365234 30.3 -0.3000000000000007 -30.00000000000007
6.94730544090271 30.3 -0.3000000000000007 -30.00000000000007
6.9569251537323 30.3 -0.3000000000000007 -30.00000000000007
6.967242479324341 30.3 -0.3000000000000007 -30.00000000000007
6.988804340362549 30.3 -0.3000000000000007 -30.00000000000007
7.000586032867432 29.7 0.3000000000000007 539.2646915978643
7.010081768035889 29.7 0.3000000000000007 30.00000000000007
7.022480249404907 30.2 -0.1999999999999993 -423.27519566178864
7.0327863693237305 30.2 -0.1999999999999993 -19.99999999999993
7.043383598327637 29.7 0.3000000000000007 501.8214542836574
7.053494930267334 29.7 0.3000000000000007 30.00000000000007
7.06476902961731 29.7 0.3000000000000007 30.00000000000007
7.074169635772705 29.7 0.3000000000000007 30.00000000000007
7.083781003952026 29.7 0.3000000000000007 30.00000000000007
7.0940539836883545 29.7 0.3000000000000007 30.00000000000007
7.104598045349121 29.7 0.3000000000000007 30.00000000000007
7.116162061691284 29.7 0.3000000000000007 30.00000000000007
7.126604080200195 29.7 0.3000000000000007 30.00000000000007
7.136748552322388 29.7 0.3000000000000007 30.00000000000007
7.146106243133545 29.7 0.3000000000000007 30.00000000000007
7.156893968582153 29.7 0.3000000000000007 30.00000000000007
7.167331218719482 29.7 0.3000000000000007 30.00000000000007
7.177368402481079 29.8 0.1999999999999993 -79.62953989406073
7.187051296234131 29.8 0.1999999999999993 19.99999999999993
7.196871042251587 29.8 0.1999999999999993 19.99999999999993
7.206777572631836 29.7 0.3000000000000007 130.94351519819168
7.217355728149414 29.7 0.3000000000000007 30.00000000000007
7.227924823760986 30.3 -0.3000000000000007 -597.692849086399
7.238596677780151 30.3 -0.3000000000000007 -30.00000000000007
7.2488532066345215 30.2 -0.1999999999999993 77.4988725911821
7.258618593215942 30.2 -0.1999999999999993 -19.99999999999993
7.273411750793457 30.4 -0.3999999999999986 -175.19764049833128
7.283198118209839 30.4 -0.3999999999999986 -39.99999999999986
7.293321847915649 30.4 -0.3999999999999986 -39.99999999999986
7.302982568740845 30.4 -0.3999999999999986 -39.99999999999986
7.312503099441528 30.4 -0.3999999999999986 -39.99999999999986
7.323519229888916 30.4 -0.3999999999999986 -39.99999999999986
7.334111213684082 30.4 -0.3999999999999986 -39.99999999999986
7.344114780426025 30.4 -0.3999999999999986 -39.99999999999986
7.353644609451294 30.4 -0.3999999999999986 -39.99999999999986
7.3639020919799805 30.4 -0.3999999999999986 -39.99999999999986
7.374531984329224 30.4 -0.3999999999999986 -39.99999999999986
7.388636350631714 30.2 -0.1999999999999993 121.8000608539838
7.398544788360596 30.2 -0.1999999999999993 -19.99999999999993
7.4094016551971436 29.7 0.3000000000000007 490.5380240244197
7.420537948608398 29.7 0.3000000000000007 30.00000000000007
7.431028842926025 29.7 0.3000000000000007 30.00000000000007
7.440706014633179 29.7 0.3000000000000007 30.00000000000007
7.450001955032349 29.7 0.3000000000000007 30.00000000000007
7.4607250690460205 30.2 -0.1999999999999993 -486.28246175738167
7.471080780029297 30.2 -0.1999999999999993 -19.99999999999993
7.486954689025879 30.2 -0.1999999999999993 -19.99999999999993
7.496565580368042 30.2 -0.1999999999999993 -19.99999999999993
7.50607705116272 29.8 0.1999999999999993 440.54484383616426
7.516025066375732 29.8 0.1999999999999993 19.99999999999993
7.527415990829468 29.8 0.1999999999999993 19.99999999999993
7.540588140487671 29.8 0.1999999999999993 19.99999999999993
7.550743579864502 29.8 0.1999999999999993 19.99999999999993
7.560092210769653 29.8 0.1999999999999993 19.99999999999993
7.570897579193115 29.8 0.1999999999999993 19.99999999999993
7.580775022506714 29.8 0.1999999999999993 19.99999999999993
7.59058141708374 29.8 0.1999999999999993 19.99999999999993
7.601517677307129 29.8 0.1999999999999993 19.99999999999993
7.611162424087524 29.8 0.1999999999999993 19.99999999999993
7.622627019882202 29.7 0.3000000000000007 117.22505510959662
7.633335828781128 29.7 0.3000000000000007 30.00000000000007
7.643395662307739 30.2 -0.1999999999999993 -517.0261174574583
7.652997016906738 30.2 -0.1999999999999993 -19.99999999999993
7.663355827331543 30.2 -0.1999999999999993 -19.99999999999993
7.673764944076538 30.2 -0.1999999999999993 -19.99999999999993
7.683404922485352 30.4 -0.3999999999999986 -247.4693443474381
7.693517208099365 30.4 -0.3999999999999986 -39.99999999999986
7.703176021575928 30.4 -0.3999999999999986 -39.99999999999986
7.713616132736206 30.4 -0.3999999999999986 -39.99999999999986
7.723884582519531 30.4 -0.3999999999999986 -39.99999999999986
7.734438180923462 30.4 -0.3999999999999986 -39.99999999999986
7.744489908218384 30.4 -0.3999999999999986 -39.99999999999986
7.754894733428955 30.4 -0.3999999999999986 -39.99999999999986
7.76451563835144 30.4 -0.3999999999999986 -39.99999999999986
7.774963855743408 30.3 -0.3000000000000007 65.71010656504365
7.788821220397949 30.3 -0.3000000000000007 -30.00000000000007
7.798737287521362 29.7 0.3000000000000007 635.0785987353048
7.808855772018433 29.7 0.3000000000000007 30.00000000000007
7.818753719329834 29.7 0.3000000000000007 30.00000000000007
7.831394672393799 30.2 -0.1999999999999993 -415.5397963032817
7.841503620147705 30.2 -0.1999999999999993 -19.99999999999993
7.852083683013916 30.2 -0.1999999999999993 -19.99999999999993
7.861507892608643 30.2 -0.1999999999999993 -19.99999999999993
7.871459007263184 30.2 -0.1999999999999993 -19.99999999999993
7.882133483886719 30.2 -0.1999999999999993 -19.99999999999993
7.894678115844727 30.2 -0.1999999999999993 -19.99999999999993
7.904047727584839 30.2 -0.1999999999999993 -19.99999999999993
7.913632154464722 30.2 -0.1999999999999993 -19.99999999999993
7.9237401485443115 30.2 -0.1999999999999993 -19.99999999999993
7.935328483581543 30.2 -0.1999999999999993 -19.99999999999993
7.9459428787231445 29.7 0.3000000000000007 501.05840071877816
7.955673933029175 29.7 0.3000000000000007 30.00000000000007
7.966006517410278 29.7 0.3000000000000007 30.00000000000007
7.976865530014038 29.7 0.3000000000000007 30.00000000000007
7.986952304840088 29.8 0.1999999999999993 -79.13971683173145
7.997511625289917 29.8 0.1999999999999993 19.99999999999993
8.007234334945679 29.7 0.3000000000000007 132.85198626777986
8.017496824264526 29.7 0.3000000000000007 30.00000000000007
8.028520107269287 29.6 0.3999999999999986 130.7170758083682
8.038838148117065 29.6 0.3999999999999986 39.99999999999986
8.048867225646973 29.6 0.3999999999999986 39.99999999999986
8.060077667236328 29.6 0.3999999999999986 39.99999999999986
8.068922758102417 29.6 0.3999999999999986 39.99999999999986
8.08098840713501 29.7 0.3000000000000007 -52.879917797931256
8.090726375579834 29.7 0.3000000000000007 30.00000000000007
8.100752592086792 29.8 0.1999999999999993 -79.73852043849577
8.111570119857788 29.8 0.1999999999999993 19.99999999999993
8.121518611907959 30.2 -0.1999999999999993 -422.0709852134095
8.133485794067383 30.2 -0.1999999999999993 -19.99999999999993
8.14312481880188 30.2 -0.1999999999999993 -19.99999999999993
8.153619050979614 30.2 -0.1999999999999993 -19.99999999999993
8.163306713104248 30.2 -0.1999999999999993 -19.99999999999993
8.173393726348877 30.2 -0.1999999999999993 -19.99999999999993
8.187519311904907 30.2 -0.1999999999999993 -19.99999999999993
8.197600841522217 30.2 -0.1999999999999993 -19.99999999999993
8.207350730895996 30.2 -0.1999999999999993 -19.99999999999993
8.217475414276123 30.2 -0.1999999999999993 -19.99999999999993
8.227053880691528 30.2 -0.1999999999999993 -19.99999999999993
8.237985610961914 29.7 0.3000000000000007 487.3841355695623
8.248781681060791 29.7 0.3000000000000007 30.00000000000007
8.258193016052246 29.7 0.3000000000000007 30.00000000000007
8.268715381622314 29.7 0.3000000000000007 30.00000000000007
8.278127670288086 29.7 0.3000000000000007 30.00000000000007
8.289977073669434 29.8 0.1999999999999993 -64.39243460764715
8.299435377120972 29.8 0.1999999999999993 19.99999999999993
8.31015157699585 29.7 0.3000000000000007 123.31666184617579
8.318953514099121 29.7 0.3000000000000007 30.00000000000007
8.32862377166748 29.7 0.3000000000000007 30.00000000000007
8.340754985809326 29.7 0.3000000000000007 30.00000000000007
8.350640535354614 29.7 0.3000000000000007 30.00000000000007
8.3609938621521 29.7 0.3000000000000007 30.00000000000007
8.370805263519287 29.7 0.3000000000000007 30.00000000000007
8.3810715675354 30.2 -0.1999999999999993 -507.0301904319553
8.39150881767273 30.2 -0.1999999999999993 -19.99999999999993
8.401549100875854 30.4 -0.3999999999999986 -239.1975683890569
8.411240816116333 30.4 -0.3999999999999986 -39.99999999999986
8.421133756637573 30.4 -0.3999999999999986 -39.99999999999986
8.432097911834717 30.4 -0.3999999999999986 -39.99999999999986
8.442849159240723 30.4 -0.3999999999999986 -39.99999999999986
8.45330023765564 30.3 -0.3000000000000007 65.68390555491975
8.463093519210815 30.3 -0.3000000000000007 -30.00000000000007
8.473242998123169 30.4 -0.3999999999999986 -138.52722574582816
8.482872247695923 30.4 -0.3999999999999986 -39.99999999999986
8.497804403305054 30.4 -0.3999999999999986 -39.99999999999986
8.508198976516724 30.4 -0.3999999999999986 -39.99999999999986
8.518531560897827 30.3 -0.3000000000000007 66.78120817757873
8.527952671051025 30.3 -0.3000000000000007 -30.00000000000007
8.540985822677612 29.7 0.3000000000000007 490.36447452666357
8.55191683769226 29.7 0.3000000000000007 30.00000000000007
8.562840461730957 30.2 -0.1999999999999993 -477.72355239321644
8.572148084640503 30.2 -0.1999999999999993 -19.99999999999993
8.594532489776611 29.7 0.3000000000000007 253.36979560535542
8.606595039367676 29.7 0.3000000000000007 30.00000000000007
8.6168954372406 29.7 0.3000000000000007 30.00000000000007
8.626649618148804 29.7 0.3000000000000007 30.00000000000007
8.637762308120728 29.7 0.3000000000000007 30.00000000000007
8.64744758605957 29.7 0.3000000000000007 30.00000000000007
8.658630132675171 29.7 0.3000000000000007 30.00000000000007
8.668020725250244 29.7 0.3000000000000007 30.00000000000007
8.678626298904419 29.7 0.3000000000000007 30.00000000000007
8.689426898956299 29.7 0.3000000000000007 30.00000000000007
8.698674440383911 30.2 -0.1999999999999993 -560.6842498775362
8.708741426467896 30.2 -0.1999999999999993 -19.99999999999993
8.718573808670044 30.2 -0.1999999999999993 -19.99999999999993
8.728865385055542 29.8 0.1999999999999993 408.6673771023476
8.740774869918823 29.8 0.1999999999999993 19.99999999999993
8.750794649124146 29.7 0.3000000000000007 129.80259839147345
8.760973930358887 29.7 0.3000000000000007 30.00000000000007
8.770908117294312 29.7 0.3000000000000007 30.00000000000007
8.780698299407959 29.7 0.3000000000000007 30.00000000000007
8.791042566299438 30.2 -0.1999999999999993 -503.3595316569479
8.801055431365967 30.2 -0.1999999999999993 -19.99999999999993
8.810739517211914 30.2 -0.1999999999999993 -19.99999999999993
8.820827722549438 30.2 -0.1999999999999993 -19.99999999999993
8.834770202636719 30.2 -0.1999999999999993 -19.99999999999993
8.850764751434326 30.4 -0.3999999999999986 -165.04260203321053
8.86535906791687 30.4 -0.3999999999999986 -39.99999999999986
8.878401041030884 30.4 -0.3999999999999986 -39.99999999999986
8.893369197845459 30.4 -0.3999999999999986 -39.99999999999986
8.90298581123352 30.4 -0.3999999999999986 -39.99999999999986
8.913159608840942 30.4 -0.3999999999999986 -39.99999999999986
8.922836065292358 30.4 -0.3999999999999986 -39.99999999999986
8.933250188827515 30.2 -0.1999999999999993 172.04688644688582
8.943685531616211 30.2 -0.1999999999999993 -19.99999999999993
8.953583002090454 29.7 0.3000000000000007 535.1795822995207
8.96373987197876 29.7 0.3000000000000007 30.00000000000007
8.973737001419067 29.7 0.3000000000000007 30.00000000000007
8.995437145233154 29.8 0.1999999999999993 -26.082643901689416
9.007253646850586 30.2 -0.1999999999999993 -358.50966466244176
9.017078638076782 30.2 -0.1999999999999993 -19.99999999999993
9.027352809906006 29.8 0.1999999999999993 409.32578376998435
9.037553310394287 29.8 0.1999999999999993 19.99999999999993
9.050877571105957 29.8 0.1999999999999993 19.99999999999993
9.060502052307129 29.8 0.1999999999999993 19.99999999999993
9.07079005241394 29.8 0.1999999999999993 19.99999999999993
9.080682754516602 29.8 0.1999999999999993 19.99999999999993
9.09001111984253 29.8 0.1999999999999993 19.99999999999993
9.101094961166382 29.8 0.1999999999999993 19.99999999999993
9.112005949020386 29.8 0.1999999999999993 19.99999999999993
9.122488498687744 29.7 0.3000000000000007 125.39663838788324
9.132985591888428 29.7 0.3000000000000007 30.00000000000007
9.143360614776611 29.7 0.3000000000000007 30.00000000000007
9.153668642044067 29.7 0.3000000000000007 30.00000000000007
9.163784265518188 30.2 -0.1999999999999993 -514.2849061940227
9.174596548080444 30.2 -0.1999999999999993 -19.99999999999993
9.183968305587769 29.7 0.3000000000000007 563.5178589600082
9.194673299789429 29.7 0.3000000000000007 30.00000000000007
9.205259323120117 29.7 0.3000000000000007 30.00000000000007
9.215490102767944 30.3 -0.3000000000000007 -616.4655682692099
9.226482391357422 30.3 -0.3000000000000007 -30.00000000000007
9.237047910690308 30.3 -0.3000000000000007 -30.00000000000007
9.24737024307251 30.3 -0.3000000000000007 -30.00000000000007
9.257637739181519 30.3 -0.3000000000000007 -30.00000000000007
9.267229318618774 30.3 -0.3000000000000007 -30.00000000000007
9.278476238250732 30.3 -0.3000000000000007 -30.00000000000007
9.289997339248657 30.3 -0.3000000000000007 -30.00000000000007
9.301081418991089 30.3 -0.3000000000000007 -30.00000000000007
9.310793161392212 30.3 -0.3000000000000007 -30.00000000000007
9.32058072090149 30.3 -0.3000000000000007 -30.00000000000007
9.331493377685547 30.3 -0.3000000000000007 -30.00000000000007
9.343519449234009 30.3 -0.3000000000000007 -30.00000000000007
9.354483604431152 30.3 -0.3000000000000007 -30.00000000000007
9.363887548446655 30.3 -0.3000000000000007 -30.00000000000007
9.374696493148804 29.7 0.3000000000000007 585.0958178930665
9.395630836486816 30.2 -0.1999999999999993 -258.84197938613966
9.40697693824768 30.2 -0.1999999999999993 -19.99999999999993
9.417291164398193 29.7 0.3000000000000007 514.767342410023
9.426898002624512 29.7 0.3000000000000007 30.00000000000007
9.437509775161743 29.7 0.3000000000000007 30.00000000000007
9.450785636901855 29.7 0.3000000000000007 30.00000000000007
9.460161924362183 29.7 0.3000000000000007 30.00000000000007
9.470451593399048 29.7 0.3000000000000007 30.00000000000007
9.480774402618408 29.7 0.3000000000000007 30.00000000000007
9.491011619567871 29.7 0.3000000000000007 30.00000000000007
9.501406908035278 29.7 0.3000000000000007 30.00000000000007
9.51762342453003 29.7 0.3000000000000007 30.00000000000007
9.527202129364014 29.7 0.3000000000000007 30.00000000000007
9.538187742233276 30.2 -0.1999999999999993 -475.14074266987865
9.561264514923096 30.4 -0.3999999999999986 -126.66723145746977
9.571260929107666 30.4 -0.3999999999999986 -39.99999999999986
9.58346939086914 30.3 -0.3000000000000007 51.91040112486637
9.593191623687744 30.3 -0.3000000000000007 -30.00000000000007
9.6040678024292 30.3 -0.3000000000000007 -30.00000000000007
9.613797426223755 30.3 -0.3000000000000007 -30.00000000000007
9.624062538146973 30.3 -0.3000000000000007 -30.00000000000007
9.63562297821045 30.3 -0.3000000000000007 -30.00000000000007
9.645339727401733 30.3 -0.3000000000000007 -30.00000000000007
9.6564359664917 30.3 -0.3000000000000007 -30.00000000000007
9.666018009185791 30.3 -0.3000000000000007 -30.00000000000007
9.676115036010742 30.3 -0.3000000000000007 -30.00000000000007
9.686078310012817 30.3 -0.3000000000000007 -30.00000000000007
9.696172952651978 29.7 0.3000000000000007 624.3746811525759
9.707023620605469 29.7 0.3000000000000007 30.00000000000007
9.71718978881836 30.2 -0.1999999999999993 -511.827392120075
9.726803064346313 30.2 -0.1999999999999993 -19.99999999999993
9.737450122833252 29.7 0.3000000000000007 499.6132745146338
9.747673988342285 29.7 0.3000000000000007 30.00000000000007
9.758530855178833 29.7 0.3000000000000007 30.00000000000007
9.768562316894531 29.7 0.3000000000000007 30.00000000000007
9.777817964553833 29.7 0.3000000000000007 30.00000000000007
9.800835371017456 29.7 0.3000000000000007 30.00000000000007
9.812147378921509 29.7 0.3000000000000007 30.00000000000007
9.821578741073608 29.7 0.3000000000000007 30.00000000000007
9.83286166191101 29.7 0.3000000000000007 30.00000000000007
9.842130184173584 29.7 0.3000000000000007 30.00000000000007
9.851596593856812 30.2 -0.1999999999999993 -548.1833522226418
9.863950967788696 30.2 -0.1999999999999993 -19.99999999999993
9.873647689819336 30.2 -0.1999999999999993 -19.99999999999993
9.88390851020813 30.4 -0.3999999999999986 -234.9161883960305
9.894196033477783 30.4 -0.3999999999999986 -39.99999999999986
9.911349058151245 30.3 -0.3000000000000007 28.2987559941609
9.935424566268921 30.3 -0.3000000000000007 -30.00000000000007
9.945203304290771 30.3 -0.3000000000000007 -30.00000000000007
9.95536208152771 30.3 -0.3000000000000007 -30.00000000000007
9.964838743209839 30.3 -0.3000000000000007 -30.00000000000007
9.974955320358276 30.4 -0.3999999999999986 -138.84766214177753
9.985597610473633 30.4 -0.3999999999999986 -39.99999999999986
9.997228145599365 30.2 -0.1999999999999993 151.96113320487012
10.00686502456665 30.2 -0.1999999999999993 -19.99999999999993
10.017084836959839 29.7 0.3000000000000007 519.2457716085386
10.026739358901978 29.7 0.3000000000000007 30.00000000000007
10.038458347320557 29.8 0.1999999999999993 -65.33159725754406
10.048688411712646 29.8 0.1999999999999993 19.99999999999993
10.058616638183594 29.8 0.1999999999999993 19.99999999999993
10.068646430969238 29.8 0.1999999999999993 19.99999999999993
10.078030347824097 29.8 0.1999999999999993 19.99999999999993
10.089865446090698 29.8 0.1999999999999993 19.99999999999993
10.0999436378479 29.8 0.1999999999999993 19.99999999999993
10.109926462173462 29.8 0.1999999999999993 19.99999999999993
10.118748188018799 29.8 0.1999999999999993 19.99999999999993
10.128155708312988 29.8 0.1999999999999993 19.99999999999993
10.140913486480713 29.8 0.1999999999999993 19.99999999999993
10.150582551956177 29.8 0.1999999999999993 19.99999999999993
10.160923719406128 29.8 0.1999999999999993 19.99999999999993
10.170562744140625 29.8 0.1999999999999993 19.99999999999993
10.180816650390625 29.7 0.3000000000000007 127.52380952381098
10.195751667022705 29.7 0.3000000000000007 30.00000000000007
10.206080675125122 29.7 0.3000000000000007 30.00000000000007
10.215951919555664 29.7 0.3000000000000007 30.00000000000007
10.22662878036499 30.2 -0.1999999999999993 -488.3024429458264
10.2368323802948 30.2 -0.1999999999999993 -19.99999999999993
10.247700691223145 30.4 -0.3999999999999986 -224.02123505539024
10.257343530654907 30.4 -0.3999999999999986 -39.99999999999986
10.266993999481201 30.4 -0.3999999999999986 -39.99999999999986
10.277013063430786 30.3 -0.3000000000000007 69.80972324679122
10.28662896156311 30.3 -0.3000000000000007 -30.00000000000007
10.297996520996094 30.3 -0.3000000000000007 -30.00000000000007
10.30757761001587 30.3 -0.3000000000000007 -30.00000000000007
10.318008184432983 30.3 -0.3000000000000007 -30.00000000000007
10.328574180603027 30.3 -0.3000000000000007 -30.00000000000007
10.34113073348999 30.3 -0.3000000000000007 -30.00000000000007
10.350925207138062 30.3 -0.3000000000000007 -30.00000000000007
10.365923881530762 30.4 -0.3999999999999986 -106.6725587753724
10.381537199020386 30.4 -0.3999999999999986 -39.99999999999986
10.393096208572388 30.4 -0.3999999999999986 -39.99999999999986
10.403205394744873 30.4 -0.3999999999999986 -39.99999999999986
10.413636684417725 30.3 -0.3000000000000007 65.86542329493298
10.424111366271973 30.3 -0.3000000000000007 -30.00000000000007
10.436017036437988 30.0 0.0 251.980775392503
10.4468674659729 30.0 0.0 0.0
10.456839799880981 30.2 -0.1999999999999993 -220.5548569106072
10.466132879257202 30.2 -0.1999999999999993 -19.99999999999993
10.47581148147583 29.7 0.3000000000000007 546.6035226013057
10.486178159713745 29.7 0.3000000000000007 30.00000000000007
10.496960401535034 29.7 0.3000000000000007 30.00000000000007
10.507427215576172 29.7 0.3000000000000007 30.00000000000007
10.522767543792725 29.7 0.3000000000000007 30.00000000000007
10.534741640090942 29.7 0.3000000000000007 30.00000000000007
10.545334577560425 29.7 0.3000000000000007 30.00000000000007
10.555613040924072 29.7 0.3000000000000007 30.00000000000007
10.565070629119873 29.7 0.3000000000000007 30.00000000000007
10.576735734939575 29.7 0.3000000000000007 30.00000000000007
10.590856790542603 30.2 -0.1999999999999993 -374.08117782130074
10.602990627288818 30.2 -0.1999999999999993 -19.99999999999993
10.612830638885498 30.2 -0.1999999999999993 -19.99999999999993
10.623056173324585 29.7 0.3000000000000007 518.9719974818719
10.633965730667114 29.7 0.3000000000000007 30.00000000000007
10.64568305015564 30.3 -0.3000000000000007 -542.0625076303273
10.655263423919678 30.3 -0.3000000000000007 -30.00000000000007
10.665366888046265 30.2 -0.1999999999999993 78.97595393727877
10.67496919631958 30.2 -0.1999999999999993 -19.99999999999993
10.684626579284668 30.3 -0.3000000000000007 -133.54772132523732
10.695954322814941 30.3 -0.3000000000000007 -30.00000000000007
10.706172227859497 30.3 -0.3000000000000007 -30.00000000000007
10.71615719795227 30.3 -0.3000000000000007 -30.00000000000007
10.725814819335938 30.3 -0.3000000000000007 -30.00000000000007
10.736975908279419 30.2 -0.1999999999999993 69.59699228846823
10.74746036529541 30.2 -0.1999999999999993 -19.99999999999993
10.757965087890625 30.3 -0.3000000000000007 -125.19527916477672
10.767549991607666 30.3 -0.3000000000000007 -30.00000000000007
10.7775399684906 29.7 0.3000000000000007 630.6019904059584
10.787529468536377 29.7 0.3000000000000007 30.00000000000007
10.798099279403687 29.7 0.3000000000000007 30.00000000000007
10.808786392211914 29.7 0.3000000000000007 30.00000000000007
10.818617343902588 29.7 0.3000000000000007 30.00000000000007
10.857765197753906 29.7 0.3000000000000007 30.00000000000007
10.86744737625122 29.7 0.3000000000000007 30.00000000000007
10.877581357955933 29.7 0.3000000000000007 30.00000000000007
10.887192487716675 29.7 0.3000000000000007 30.00000000000007
10.897437810897827 29.7 0.3000000000000007 30.00000000000007
10.917362928390503 30.3 -0.3000000000000007 -331.12745895754637
10.93164348602295 30.3 -0.3000000000000007 -30.00000000000007
10.945659637451172 30.4 -0.3999999999999986 -111.34626114172794
10.960855722427368 30.4 -0.3999999999999986 -39.99999999999986
10.975749492645264 30.4 -0.3999999999999986 -39.99999999999986
10.993833780288696 30.3 -0.3000000000000007 25.29662100697295
11.00460696220398 30.3 -0.3000000000000007 -30.00000000000007
11.015431642532349 30.4 -0.3999999999999986 -132.38148099202468
11.026607513427734 30.4 -0.3999999999999986 -39.99999999999986
11.037545442581177 30.4 -0.3999999999999986 -39.99999999999986
11.047166109085083 30.4 -0.3999999999999986 -39.99999999999986
11.058632135391235 30.3 -0.3000000000000007 57.21417283539688
11.06819224357605 30.3 -0.3000000000000007 -30.00000000000007
11.078797578811646 29.7 0.3000000000000007 595.7529787329721
11.088623523712158 29.7 0.3000000000000007 30.00000000000007
11.097997426986694 29.7 0.3000000000000007 30.00000000000007
11.110107183456421 30.2 -0.1999999999999993 -432.8902189321152
11.1204354763031 30.2 -0.1999999999999993 -19.99999999999993
11.13147759437561 29.7 0.3000000000000007 482.81167681478604
11.141123533248901 29.7 0.3000000000000007 30.00000000000007
11.151454448699951 29.7 0.3000000000000007 30.00000000000007
11.162079811096191 29.7 0.3000000000000007 30.00000000000007
11.172581195831299 30.2 -0.1999999999999993 -496.12768469327517
11.181697368621826 30.2 -0.1999999999999993 -19.99999999999993
11.191431045532227 30.2 -0.1999999999999993 -19.99999999999993
11.20164704322815 30.2 -0.1999999999999993 -19.99999999999993
11.212603569030762 30.2 -0.1999999999999993 -19.99999999999993
11.223143577575684 30.2 -0.1999999999999993 -19.99999999999993
11.233508110046387 30.2 -0.1999999999999993 -19.99999999999993
11.243385553359985 29.7 0.3000000000000007 536.2038668565499
11.253214359283447 29.7 0.3000000000000007 30.00000000000007
11.264102458953857 29.7 0.3000000000000007 30.00000000000007
11.273693799972534 29.7 0.3000000000000007 30.00000000000007
11.283400535583496 29.7 0.3000000000000007 30.00000000000007
11.293659210205078 30.2 -0.1999999999999993 -507.3923956493445
11.303391695022583 30.2 -0.1999999999999993 -19.99999999999993
11.314468145370483 29.7 0.3000000000000007 481.40815360110213
11.324443101882935 29.7 0.3000000000000007 30.00000000000007
11.335471153259277 30.2 -0.1999999999999993 -473.3892552156523
11.345101356506348 30.2 -0.1999999999999993 -19.99999999999993
11.356614112854004 30.2 -0.1999999999999993 -19.99999999999993
11.366100311279297 30.2 -0.1999999999999993 -19.99999999999993
11.375766277313232 30.2 -0.1999999999999993 -19.99999999999993
11.385998010635376 30.2 -0.1999999999999993 -19.99999999999993
11.401182174682617 30.2 -0.1999999999999993 -19.99999999999993
11.411677598953247 30.2 -0.1999999999999993 -19.99999999999993
11.422428607940674 30.2 -0.1999999999999993 -19.99999999999993
11.433507442474365 30.2 -0.1999999999999993 -19.99999999999993
11.443122625350952 30.2 -0.1999999999999993 -19.99999999999993
11.45345139503479 30.2 -0.1999999999999993 -19.99999999999993
11.463823795318604 30.2 -0.1999999999999993 -19.99999999999993
11.474018573760986 29.7 0.3000000000000007 520.4471468662302
11.483647346496582 29.7 0.3000000000000007 30.00000000000007
11.494133710861206 29.7 0.3000000000000007 30.00000000000007
11.503766298294067 29.7 0.3000000000000007 30.00000000000007
11.514458179473877 29.7 0.3000000000000007 30.00000000000007
11.524933099746704 29.8 0.1999999999999993 -75.46612040514539
11.541264533996582 29.7 0.3000000000000007 91.23160922057352
11.551058292388916 29.7 0.3000000000000007 30.00000000000007
11.561565160751343 29.7 0.3000000000000007 30.00000000000007
11.571632146835327 29.7 0.3000000000000007 30.00000000000007
11.581270933151245 29.7 0.3000000000000007 30.00000000000007
11.593030452728271 29.6 0.3999999999999986 125.0374875818564
11.60271668434143 29.6 0.3999999999999986 39.99999999999986
11.613457441329956 30.2 -0.1999999999999993 -578.61984461709
11.623366594314575 30.2 -0.1999999999999993 -19.99999999999993
11.634814977645874 29.7 0.3000000000000007 466.74288808363536
11.645738363265991 29.7 0.3000000000000007 30.00000000000007
11.656638622283936 30.3 -0.3000000000000007 -580.4456352938618
11.66697359085083 30.3 -0.3000000000000007 -30.00000000000007
11.676597118377686 30.2 -0.1999999999999993 83.9120007927872
11.68683934211731 30.2 -0.1999999999999993 -19.99999999999993
11.696135520935059 30.2 -0.1999999999999993 -19.99999999999993
11.706742763519287 30.2 -0.1999999999999993 -19.99999999999993
11.717437982559204 30.2 -0.1999999999999993 -19.99999999999993
11.727710723876953 30.2 -0.1999999999999993 -19.99999999999993
11.738737106323242 30.2 -0.1999999999999993 -19.99999999999993
11.748986959457397 30.2 -0.1999999999999993 -19.99999999999993
11.758700132369995 30.2 -0.1999999999999993 -19.99999999999993
11.76943564414978 30.2 -0.1999999999999993 -19.99999999999993
11.779462575912476 30.2 -0.1999999999999993 -19.99999999999993
11.7886962890625 30.2 -0.1999999999999993 -19.99999999999993
11.803623914718628 30.2 -0.1999999999999993 -19.99999999999993
11.814149141311646 30.2 -0.1999999999999993 -19.99999999999993
11.824657440185547 30.2 -0.1999999999999993 -19.99999999999993
11.835602283477783 30.2 -0.1999999999999993 -19.99999999999993
11.845613479614258 30.2 -0.1999999999999993 -19.99999999999993
11.855045080184937 30.2 -0.1999999999999993 -19.99999999999993
11.866071224212646 30.3 -0.3000000000000007 -120.69353687806914
11.875661849975586 30.3 -0.3000000000000007 -30.00000000000007
11.88605809211731 29.7 0.3000000000000007 607.1316133470947
11.896032333374023 29.7 0.3000000000000007 30.00000000000007
11.905730247497559 29.7 0.3000000000000007 30.00000000000007
11.917063236236572 29.7 0.3000000000000007 30.00000000000007
11.926677703857422 29.7 0.3000000000000007 30.00000000000007
11.93796181678772 30.2 -0.1999999999999993 -463.10084726066464
11.947572946548462 30.2 -0.1999999999999993 -19.99999999999993
11.958113431930542 30.2 -0.1999999999999993 -19.99999999999993
11.968849658966064 30.2 -0.1999999999999993 -19.99999999999993
11.979408979415894 30.2 -0.1999999999999993 -19.99999999999993
11.988618612289429 30.2 -0.1999999999999993 -19.99999999999993
11.998948574066162 30.2 -0.1999999999999993 -19.99999999999993
12.010026693344116 30.2 -0.1999999999999993 -19.99999999999993
12.020836353302002 30.2 -0.1999999999999993 -19.99999999999993
12.032163619995117 30.2 -0.1999999999999993 -19.99999999999993
12.04213547706604 30.2 -0.1999999999999993 -19.99999999999993
12.052779912948608 30.2 -0.1999999999999993 -19.99999999999993
12.062052249908447 30.2 -0.1999999999999993 -19.99999999999993
12.073423862457275 29.7 0.3000000000000007 469.6913787319692
12.083215951919556 29.7 0.3000000000000007 30.00000000000007
12.092895030975342 29.7 0.3000000000000007 30.00000000000007
12.103167057037354 29.7 0.3000000000000007 30.00000000000007
12.112802267074585 29.7 0.3000000000000007 30.00000000000007
12.123626232147217 29.7 0.3000000000000007 30.00000000000007
12.134010314941406 29.7 0.3000000000000007 30.00000000000007
12.144561290740967 29.7 0.3000000000000007 30.00000000000007
12.154955387115479 29.7 0.3000000000000007 30.00000000000007
12.165500164031982 29.7 0.3000000000000007 30.00000000000007
12.176039218902588 29.7 0.3000000000000007 30.00000000000007
12.186203002929688 29.7 0.3000000000000007 30.00000000000007
12.200803995132446 29.7 0.3000000000000007 30.00000000000007
12.21109676361084 30.2 -0.1999999999999993 -505.77795279238376
12.221526145935059 30.2 -0.1999999999999993 -19.99999999999993
12.233076333999634 29.7 0.3000000000000007 462.89338425018065
12.24320912361145 29.7 0.3000000000000007 30.00000000000007
12.253097295761108 29.7 0.3000000000000007 30.00000000000007
12.263334274291992 30.3 -0.3000000000000007 -616.1104408784979
12.273838520050049 30.3 -0.3000000000000007 -30.00000000000007
12.286674976348877 30.2 -0.1999999999999993 57.90312035661336
12.29604721069336 30.2 -0.1999999999999993 -19.99999999999993
12.306734561920166 30.2 -0.1999999999999993 -19.99999999999993
12.316442251205444 30.2 -0.1999999999999993 -19.99999999999993
12.327425479888916 30.2 -0.1999999999999993 -19.99999999999993
12.337626934051514 30.2 -0.1999999999999993 -19.99999999999993
12.348692178726196 30.2 -0.1999999999999993 -19.99999999999993
12.358097553253174 30.2 -0.1999999999999993 -19.99999999999993
12.367635726928711 30.2 -0.1999999999999993 -19.99999999999993
12.379355192184448 30.2 -0.1999999999999993 -19.99999999999993
12.388630628585815 30.2 -0.1999999999999993 -19.99999999999993
12.399356842041016 30.2 -0.1999999999999993 -19.99999999999993
12.408751487731934 30.2 -0.1999999999999993 -19.99999999999993
12.418763399124146 30.2 -0.1999999999999993 -19.99999999999993
12.430577993392944 30.2 -0.1999999999999993 -19.99999999999993
12.440816640853882 29.7 0.3000000000000007 518.3457526080477
12.450788021087646 29.7 0.3000000000000007 30.00000000000007
12.46049427986145 29.7 0.3000000000000007 30.00000000000007
12.470555067062378 29.7 0.3000000000000007 30.00000000000007
12.481016397476196 29.7 0.3000000000000007 30.00000000000007
12.49125361442566 29.7 0.3000000000000007 30.00000000000007
12.501043319702148 29.7 0.3000000000000007 30.00000000000007
12.511256456375122 29.7 0.3000000000000007 30.00000000000007
12.520924091339111 29.7 0.3000000000000007 30.00000000000007
12.533140659332275 29.7 0.3000000000000007 30.00000000000007
12.542837858200073 29.7 0.3000000000000007 30.00000000000007
12.55867338180542 29.7 0.3000000000000007 30.00000000000007
12.56803297996521 29.7 0.3000000000000007 30.00000000000007
12.580075740814209 30.2 -0.1999999999999993 -435.18718694937735
12.588927984237671 30.2 -0.1999999999999993 -19.99999999999993
12.613322734832764 30.4 -0.3999999999999986 -121.98485129838988
12.623083353042603 30.3 -0.3000000000000007 72.4525269303087
12.634737491607666 30.3 -0.3000000000000007 -30.00000000000007
12.644485473632812 30.3 -0.3000000000000007 -30.00000000000007
12.655261039733887 30.3 -0.3000000000000007 -30.00000000000007
12.666150093078613 30.3 -0.3000000000000007 -30.00000000000007
12.677511930465698 30.4 -0.3999999999999986 -128.0139334802204
12.687130212783813 30.4 -0.3999999999999986 -39.99999999999986
12.69743275642395 30.4 -0.3999999999999986 -39.99999999999986
12.707032680511475 30.4 -0.3999999999999986 -39.99999999999986
12.716930627822876 30.3 -0.3000000000000007 71.03104901842485
12.727441310882568 30.3 -0.3000000000000007 -30.00000000000007
12.738002300262451 29.7 0.3000000000000007 598.1285894888944
12.74778151512146 29.7 0.3000000000000007 30.00000000000007
12.758125305175781 29.7 0.3000000000000007 30.00000000000007
12.768479824066162 29.8 0.1999999999999993 -76.57619157264709
12.779429197311401 29.8 0.1999999999999993 19.99999999999993
12.790124893188477 30.2 -0.1999999999999993 -393.98221172064683
12.799468040466309 30.2 -0.1999999999999993 -19.99999999999993
12.810036182403564 30.2 -0.1999999999999993 -19.99999999999993
12.818846940994263 30.2 -0.1999999999999993 -19.99999999999993
12.830463647842407 29.8 0.1999999999999993 364.3316640669883
12.84117579460144 29.8 0.1999999999999993 19.99999999999993
12.850914001464844 29.8 0.1999999999999993 19.99999999999993
12.861600637435913 30.2 -0.1999999999999993 -394.299266001828
12.871273756027222 30.2 -0.1999999999999993 -19.99999999999993
12.882652282714844 30.2 -0.1999999999999993 -19.99999999999993
12.891663312911987 30.2 -0.1999999999999993 -19.99999999999993
12.902164459228516 30.2 -0.1999999999999993 -19.99999999999993
12.920970439910889 30.2 -0.1999999999999993 -19.99999999999993
12.933147192001343 30.2 -0.1999999999999993 -19.99999999999993
12.942959070205688 30.2 -0.1999999999999993 -19.99999999999993
12.95327091217041 29.6 0.3999999999999986 621.8553097038197
12.963874578475952 29.6 0.3999999999999986 39.99999999999986
12.9748055934906 29.6 0.3999999999999986 39.99999999999986
12.986963510513306 29.6 0.3999999999999986 39.99999999999986
13.018527746200562 29.6 0.3999999999999986 39.99999999999986
13.034990787506104 29.6 0.3999999999999986 39.99999999999986
13.04861068725586 29.6 0.3999999999999986 39.99999999999986
13.058972835540771 29.6 0.3999999999999986 39.99999999999986
13.070761442184448 30.2 -0.1999999999999993 -528.9660026291821
13.080060958862305 30.2 -0.1999999999999993 -19.99999999999993
13.091280460357666 29.7 0.3000000000000007 475.6525989204812
13.10118556022644 29.7 0.3000000000000007 30.00000000000007
13.111372232437134 30.2 -0.1999999999999993 -510.8374292000187
13.12248682975769 30.2 -0.1999999999999993 -19.99999999999993
13.133395195007324 30.2 -0.1999999999999993 -19.99999999999993
13.14371919631958 30.2 -0.1999999999999993 -19.99999999999993
13.15351414680481 30.4 -0.3999999999999986 -244.18684127254494
13.163970947265625 30.4 -0.3999999999999986 -39.99999999999986
13.174608707427979 30.4 -0.3999999999999986 -39.99999999999986
13.186073303222656 30.2 -0.1999999999999993 154.4501102191901
13.195751905441284 30.2 -0.1999999999999993 -19.99999999999993
13.206152439117432 30.2 -0.1999999999999993 -19.99999999999993
13.215991735458374 30.2 -0.1999999999999993 -19.99999999999993
13.226833820343018 30.2 -0.1999999999999993 -19.99999999999993
13.237672805786133 30.2 -0.1999999999999993 -19.99999999999993
13.248849630355835 30.2 -0.1999999999999993 -19.99999999999993
13.258492231369019 30.2 -0.1999999999999993 -19.99999999999993
13.268504619598389 29.7 0.3000000000000007 529.3813549232052
13.278751611709595 29.7 0.3000000000000007 30.00000000000007
13.289923906326294 29.7 0.3000000000000007 30.00000000000007
13.300554752349854 29.7 0.3000000000000007 30.00000000000007
13.309451580047607 29.7 0.3000000000000007 30.00000000000007
13.320037364959717 29.7 0.3000000000000007 30.00000000000007
13.328883409500122 29.7 0.3000000000000007 30.00000000000007
13.341376066207886 29.7 0.3000000000000007 30.00000000000007
13.351040601730347 29.7 0.3000000000000007 30.00000000000007
13.3607177734375 29.7 0.3000000000000007 30.00000000000007
13.371292352676392 29.7 0.3000000000000007 30.00000000000007
13.380948543548584 29.7 0.3000000000000007 30.00000000000007
13.392493724822998 30.2 -0.1999999999999993 -453.0811168015859
13.405940294265747 30.2 -0.1999999999999993 -19.99999999999993
13.416446924209595 29.7 0.3000000000000007 505.88998820005446
13.426040649414062 29.7 0.3000000000000007 30.00000000000007
13.436983585357666 30.6 -0.6000000000000014 -882.4483855505707
13.447491884231567 30.6 -0.6000000000000014 -60.00000000000014
13.457999467849731 30.3 -0.3000000000000007 255.50807769105165
13.467620372772217 30.3 -0.3000000000000007 -30.00000000000007
13.478609800338745 30.3 -0.3000000000000007 -30.00000000000007
13.48797082901001 30.3 -0.3000000000000007 -30.00000000000007
13.498625040054321 30.3 -0.3000000000000007 -30.00000000000007
13.508896827697754 30.3 -0.3000000000000007 -30.00000000000007
13.518700122833252 30.3 -0.3000000000000007 -30.00000000000007
13.528776407241821 30.3 -0.3000000000000007 -30.00000000000007
13.538886308670044 30.3 -0.3000000000000007 -30.00000000000007
13.5509192943573 30.3 -0.3000000000000007 -30.00000000000007
13.560458898544312 30.3 -0.3000000000000007 -30.00000000000007
13.576709508895874 30.3 -0.3000000000000007 -30.00000000000007
13.585997104644775 30.3 -0.3000000000000007 -30.00000000000007
13.597447633743286 30.4 -0.3999999999999986 -127.33220896578807
13.606968879699707 30.4 -0.3999999999999986 -39.99999999999986
13.618494272232056 29.7 0.3000000000000007 637.3545851347712
13.627821445465088 29.7 0.3000000000000007 30.00000000000007
13.638744115829468 30.2 -0.1999999999999993 -477.7635169056817
13.650179386138916 30.2 -0.1999999999999993 -19.99999999999993
13.658993005752563 30.2 -0.1999999999999993 -19.99999999999993
13.669955968856812 29.6 0.3999999999999986 587.2972902440064
13.681194067001343 29.6 0.3999999999999986 39.99999999999986
13.691458463668823 29.8 0.1999999999999993 -174.84827650283313
13.70264482498169 29.8 0.1999999999999993 19.99999999999993
13.71276044845581 29.8 0.1999999999999993 19.99999999999993
13.722033500671387 29.8 0.1999999999999993 19.99999999999993
