0 0
0.0009429454803466797 105.8 -75.8 -44179.611870975335 -75.8 -0.06547532081604003 -87752.75826662985
0.033490896224975586 105.4 -75.4 -296.7150153044447 -75.4 -2.5195908069610597 12.28956019807176
0.0439143180847168 105.4 -75.4 -303.2527584075928 -75.4 -3.305516815185547 0.0
0.05542635917663574 105.4 -75.4 -303.68676235675815 -75.4 -4.173524713516236 0.0
0.06609034538269043 105.4 -75.4 -304.0887946367264 -75.4 -4.977589273452759 0.0
0.0759725570678711 105.4 -75.4 -304.4613540172577 -75.4 -5.722708034515382 0.0
0.08678388595581055 105.8 -75.8 -324.9702168651076 -75.8 -6.542206764221192 -36.99822696599401
0.09767818450927734 105.8 -75.8 -306.88399729728695 -75.8 -7.367994594573975 0.0
0.10879254341125488 105.8 -75.8 -307.30523149967195 -75.8 -8.210462999343873 0.0
0.12460684776306152 104.6 -74.6 -265.1547703618088 -74.6 -9.390210103988649 75.88066938037105
0.13554954528808594 104.6 -74.6 -303.5032676696777 -74.6 -10.20653533935547 0.0
0.1465146541595459 105.0 -75.0 -323.75413223185376 -75.0 -11.028918504714968 -36.479345958992496
0.15741372108459473 105.0 -75.0 -305.9231742620468 -75.0 -11.84634852409363 0.0
0.16806888580322266 105.0 -75.0 -306.32274293899536 -75.0 -12.645485877990724 0.0
0.1788485050201416 105.0 -75.0 -306.7269786596298 -75.0 -13.453957319259645 0.0
0.18870902061462402 105.0 -75.0 -307.0967479944229 -75.0 -14.193495988845827 0.0
0.199249267578125 104.6 -74.6 -286.9150117398082 -74.6 -14.979798412323 37.949774932706546
0.2099900245666504 104.6 -74.6 -306.2905294418335 -74.6 -15.781058883666994 0.0
0.2200453281402588 103.2 -73.2 -231.44354940325042 -73.2 -16.51710710525513 139.23000829875434
0.2323622703552246 103.2 -73.2 -301.5093536376953 -73.2 -17.418707275390627 0.0
0.24272608757019043 103.2 -73.2 -301.8886693477631 -73.2 -18.177338695526124 0.0
0.2551259994506836 103.7 -73.7 -324.50703969859035 -73.7 -19.09121220111847 -40.32286719606222
0.26526570320129395 103.7 -73.7 -304.71925418376924 -73.7 -19.838508367538452 0.0
0.2747039794921875 102.0 -72.0 -208.20021484173745 -72.0 -20.518064260482788 180.1176345770079
0.285534143447876 102.0 -72.0 -298.6489180326462 -72.0 -21.29783606529236 0.0
0.29609155654907227 102.0 -72.0 -299.02898490428925 -72.0 -22.05796980857849 0.0
0.3076901435852051 102.3 -72.3 -313.5808835937756 -72.3 -22.896547651290895 -25.865219536260238
0.31795287132263184 102.3 -72.3 -301.0192714333534 -72.3 -23.63854286670685 0.0
0.3278770446777344 102.3 -72.3 -301.3780303001404 -72.3 -24.356060600280763 0.0
0.33856797218322754 102.2 -72.2 -296.6871100904639 -72.2 -25.12794556617737 9.353725385249573
0.3491976261138916 102.2 -72.2 -301.7477032899857 -72.2 -25.895406579971315 0.0
0.3606526851654053 101.4 -71.4 -264.03757967279915 -71.4 -26.713297796249392 69.83813845065121
0.37064623832702637 101.4 -71.4 -299.31341874599457 -71.4 -27.42683749198914 0.0
0.38088536262512207 101.4 -71.4 -299.6789554834366 -71.4 -28.157910966873175 0.0
0.39644932746887207 99.4 -69.4 -227.96804467135786 -69.4 -29.238050127029425 128.50196078431372
0.40787839889526367 99.4 -69.4 -292.61561384201053 -69.4 -30.031227684021 0.0
0.41892409324645996 99.4 -69.4 -292.99889943599703 -69.4 -30.797798871994022 0.0
0.42890238761901855 99.4 -69.4 -293.34514625072484 -69.4 -31.490292501449588 0.0
0.43946146965026855 98.2 -68.2 -232.08208956070706 -68.2 -32.210421895980836 113.64624277456674
0.4500253200531006 98.2 -68.2 -289.265438246727 -68.2 -32.93087649345398 0.0
0.4611961841583252 98.2 -68.2 -289.6463647127152 -68.2 -33.6927294254303 0.0
0.4716215133666992 97.2 -67.2 -238.03653959875575 -67.2 -34.39331154823304 95.92023235072152
0.4819679260253906 97.2 -67.2 -286.34429523944857 -67.2 -35.088590478897096 0.0
0.4957599639892578 96.8 -66.8 -270.7038291304259 -66.8 -36.009898614883426 29.002240354031667
0.5098719596862793 96.8 -66.8 -285.67628996372224 -66.8 -36.95257992744446 0.0
0.5237865447998047 96.8 -66.8 -286.141037106514 -66.8 -37.882074213027956 0.0
0.5373423099517822 96.8 -66.8 -286.59379966259 -66.8 -38.787599325180054 0.0
0.5512063503265381 93.9 -63.900000000000006 -170.84963967345806 -63.900000000000006 -39.67351150512695 209.1742321582109
0.5629782676696777 93.9 -63.900000000000006 -275.8128685116768 -63.900000000000006 -40.42573702335358 0.0
0.5736148357391357 94.5 -64.5 -306.76048393910503 -64.5 -41.11179566383362 -56.40917221437644
0.5835709571838379 94.5 -64.5 -278.87698274850845 -64.5 -41.75396549701691 0.0
0.5936620235443115 93.3 -63.3 -214.9378322167736 -63.3 -42.39272999763489 118.91706556408771
0.6040604114532471 93.3 -63.3 -274.7254739761352 -63.3 -43.050947952270505 0.0
0.6157684326171875 93.3 -63.3 -275.096032845974 -63.3 -43.79206569194793 0.0
0.6265499591827393 92.5 -62.5 -235.1324579947026 -62.5 -44.46591110229492 74.20099511288977
0.6365091800689697 92.5 -62.5 -272.5441812038422 -62.5 -45.08836240768432 0.0
0.6468701362609863 93.1 -63.099999999999994 -304.2259258965406 -63.099999999999994 -45.74213874340057 -57.90971304968075
0.6585352420806885 93.1 -63.099999999999994 -275.63910346031184 -63.099999999999994 -46.47820692062377 0.0
0.6686198711395264 93.1 -63.099999999999994 -275.9572735071182 -63.099999999999994 -47.11454701423644 0.0
0.6793308258056641 93.3 -63.3 -286.43251117110515 -63.3 -47.79255044460296 -18.672471897607387
0.6892857551574707 93.3 -63.3 -277.41134873628613 -63.3 -48.42269747257232 0.0
0.7004320621490479 93.3 -63.3 -277.76412935256957 -63.3 -49.12825870513915 0.0
0.7111830711364746 93.3 -63.3 -278.10439878702164 -63.3 -49.80879757404327 0.0
0.721135139465332 93.3 -63.3 -278.41938174962996 -63.3 -50.43876349925994 0.0
0.7312970161437988 90.1 -60.099999999999994 -108.47351438557081 -60.099999999999994 -51.04949228763579 314.9024635164941
0.7427198886871338 90.1 -60.099999999999994 -266.2680034637451 -60.099999999999994 -51.73600692749022 0.0
0.7531869411468506 89.3 -59.3 -225.16319963987877 -59.3 -52.35670313835143 76.43030385859387
0.7640674114227295 89.3 -59.3 -263.7009575128555 -59.3 -53.00191502571105 0.0
0.7739593982696533 89.3 -59.3 -263.9942549228668 -59.3 -53.58850984573363 0.0
0.785158634185791 89.5 -59.5 -274.0566127844787 -59.5 -54.254864382743826 -17.85836118621361
0.7998275756835938 89.5 -59.5 -265.5638332009315 -59.5 -55.12766640186309 0.0
0.8120005130767822 88.3 -58.3 -211.82900983331695 -58.3 -55.837348651885975 98.579328985252
0.822418212890625 88.3 -58.3 -261.42235027551646 -58.3 -56.44470055103301 0.0
0.833120584487915 91.3 -61.3 -413.9062290643519 -61.3 -57.100755929946885 -280.31170219875696
0.8431625366210938 91.3 -61.3 -274.05816379785534 -61.3 -57.71632759571074 0.0
0.852973461151123 86.3 -56.3 0.48364166568873657 -56.3 -58.26868264675139 509.6359659781288
0.8658173084259033 86.3 -56.3 -254.69589562416076 -56.3 -58.99179124832152 0.0
0.8758542537689209 86.3 -56.3 -254.97843563556668 -56.3 -59.55687127113341 0.0
0.8864820003509521 85.5 -55.5 -214.43602609855202 -55.5 -60.146711206436144 75.27465900933211
0.9138054847717285 85.6 -55.599999999999994 -255.06287613344023 -55.599999999999994 -61.66589694023131 -3.659855326649182
0.9246115684509277 85.6 -55.599999999999994 -253.53335759639737 -55.599999999999994 -62.26671519279479 0.0
0.9355876445770264 84.5 -54.5 -199.32347376497552 -54.5 -62.86491134166717 100.21796381171615
0.9454512596130371 84.5 -54.5 -249.70123918056487 -54.5 -63.40247836112975 0.0
0.955601692199707 84.5 -54.5 -249.97783846855162 -54.5 -63.95567693710326 0.0
0.9674715995788574 87.7 -57.7 -397.91493439458026 -57.7 -64.64057059288024 -269.5892981962803
0.9786679744720459 87.7 -57.7 -263.4433007121086 -57.7 -65.28660142421721 0.0
0.9892017841339111 86.9 -56.900000000000006 -222.5700212305953 -56.900000000000006 -65.88597519397734 75.94593273278684
1.0095558166503906 82.3 -52.3 -129.67552433048775 -52.3 -66.95049109458922 225.9994424336137
1.0340895652770996 80.4 -50.400000000000006 -196.971325403759 -50.400000000000006 -68.18699202537536 77.44434121785741
1.049983024597168 80.4 -50.400000000000006 -236.09401118755343 -50.400000000000006 -68.98802237510681 0.0
1.0609562397003174 80.8 -50.8 -256.19892965617026 -50.8 -69.5454617023468 -36.45239760999379
1.0727288722991943 80.8 -50.8 -238.27175571918485 -50.8 -70.14351143836974 0.0
1.0826330184936523 80.8 -50.8 -238.5233210325241 -50.8 -70.64664206504821 0.0
1.097658395767212 80.0 -50.0 -209.0773277529654 -50.0 -71.39791092872619 53.243255422795386
1.1074776649475098 80.0 -50.0 -235.94443719387056 -50.0 -71.88887438774108 0.0
1.1189236640930176 79.6 -49.599999999999994 -217.15494353175237 -49.599999999999994 -72.45659594535827 34.946708881853525
1.12916898727417 79.6 -49.599999999999994 -234.8823819875717 -49.599999999999994 -72.96476397514343 0.0
1.145148515701294 78.2 -48.2 -185.86143995280608 -48.2 -73.73497724533081 87.61209733971867
1.155163049697876 78.2 -48.2 -229.90883889198304 -48.2 -74.21767778396607 0.0
1.1659281253814697 77.4 -47.400000000000006 -189.80677770588278 -47.400000000000006 -74.72794237136841 74.31438695960286
1.1769099235534668 77.4 -47.400000000000006 -227.22423980236056 -47.400000000000006 -75.24847960472107 0.0
1.1877121925354004 77.2 -47.2 -217.42185896876788 -47.2 -75.75834670066834 18.514628763132603
1.2030270099639893 77.2 -47.2 -227.04060304164886 -47.2 -76.48120608329774 0.0
1.2138283252716064 76.2 -46.2 -176.999454763768 -46.2 -76.98022685050965 92.58131732297369
1.2257108688354492 76.2 -46.2 -223.5646001815796 -46.2 -77.52920036315919 0.0
1.2355468273162842 76.2 -46.2 -223.7918108224869 -46.2 -77.98362164497377 0.0
1.245856523513794 76.2 -46.2 -224.02996480464935 -46.2 -78.45992960929871 0.0
1.2573456764221191 76.2 -46.2 -224.2953642368317 -46.2 -78.99072847366334 0.0
1.2676448822021484 76.2 -46.2 -224.53327589035035 -46.2 -79.4665517807007 0.0
1.278860330581665 76.2 -46.2 -224.7923527479172 -46.2 -79.98470549583436 0.0
1.2894115447998047 74.8 -44.8 -153.0856245876867 -44.8 -80.45739989280702 132.6861507174336
1.2997214794158936 74.8 -44.8 -219.65964248180387 -44.8 -80.9192849636078 0.0
1.3095905780792236 74.8 -44.8 -219.88071029186247 -44.8 -81.36142058372498 0.0
1.3206095695495605 74.8 -44.8 -220.12753570079803 -44.8 -81.85507140159608 0.0
1.330540657043457 74.8 -44.8 -220.3499920606613 -44.8 -82.29998412132264 0.0
1.3406105041503906 74.8 -44.8 -220.57555663585663 -44.8 -82.75111327171327 0.0
1.3504438400268555 74.8 -44.8 -220.79582335948942 -44.8 -83.19164671897889 0.0
1.3600726127624512 74.8 -44.8 -221.01150786876678 -44.8 -83.62301573753358 0.0
1.3726959228515625 72.2 -42.2 -107.89377781688655 -42.2 -84.15571942329407 205.96816378952096
1.3826818466186523 72.2 -42.2 -211.08856270313265 -42.2 -84.57712540626527 0.0
1.3951292037963867 71.3 -41.3 -171.59334810050444 -41.3 -85.09120125770569 72.30450505669675
1.4051649570465088 71.3 -41.3 -207.95283893346786 -41.3 -85.50567786693573 0.0
1.415635585784912 70.5 -40.5 -166.76276975061546 -40.5 -85.92973833084106 76.40419882961012
1.4267008304595947 70.5 -40.5 -205.18894037008286 -40.5 -86.37788074016571 0.0
1.4366464614868164 70.6 -40.599999999999994 -210.81816977354657 -40.599999999999994 -86.78167335987091 -10.05466618722225
1.4472343921661377 70.6 -40.599999999999994 -206.00577167272564 -40.599999999999994 -87.21154334545135 0.0
1.4573726654052734 70.6 -40.599999999999994 -206.21157861948012 -40.599999999999994 -87.62315723896026 0.0
1.4687175750732422 69.3 -39.3 -143.940087802593 -39.3 -88.06901218891143 114.58883658372537
1.479379415512085 69.3 -39.3 -201.44401125907896 -39.3 -88.48802251815795 0.0
1.4897000789642334 68.7 -38.7 -170.17581737205853 -38.7 -88.8874321937561 58.13579744963907
1.5006709098815918 68.7 -38.7 -199.45600167512896 -38.7 -89.31200335025787 0.0
1.5105409622192383 68.7 -38.7 -199.6469871878624 -38.7 -89.69397437572479 0.0
1.521299123764038 68.1 -38.099999999999994 -169.56612470022824 -38.099999999999994 -90.10386033058167 55.77161093012512
1.5324246883392334 68.1 -38.099999999999994 -197.6638721704483 -38.099999999999994 -90.5277443408966 0.0
1.5428709983825684 67.2 -37.2 -151.18076169199628 -37.2 -90.91634707450866 86.15482369051612
1.5528669357299805 67.2 -37.2 -194.44409797191622 -37.2 -91.28819594383239 0.0
1.5627472400665283 66.6 -36.599999999999994 -161.86147036553075 -36.599999999999994 -91.64981508255005 60.72687435148852
1.575441598892212 66.6 -36.599999999999994 -192.45721430778502 -36.599999999999994 -92.11442861557006 0.0
1.5854475498199463 66.6 -36.599999999999994 -192.64032320976256 -36.599999999999994 -92.48064641952514 0.0
1.6006124019622803 66.2 -36.2 -178.12641600124658 -36.2 -93.02961406707763 26.37678206458454
1.6108052730560303 66.2 -36.2 -191.4992980003357 -36.2 -93.39859600067138 0.0
1.6214652061462402 64.4 -34.400000000000006 -100.05435156246635 -34.400000000000006 -93.76529769897459 168.8565945740419
1.6328892707824707 64.4 -34.400000000000006 -184.67914276123048 -34.400000000000006 -94.15828552246091 0.0
1.643836259841919 64.5 -34.5 -189.83544429223235 -34.5 -94.53595664501188 -9.134931939452818
1.6540007591247559 64.5 -34.5 -185.44331593513488 -34.5 -94.88663187026975 0.0
1.6654131412506104 63.4 -33.4 -133.04063386753384 -33.4 -95.2678054332733 96.38653769820557
1.6766657829284668 63.4 -33.4 -181.42182183265686 -33.4 -95.6436436653137 0.0
1.6865789890289307 63.0 -33.0 -159.81028210686853 -33.0 -95.97077946662901 40.35021525289194
1.6980857849121094 63.0 -33.0 -180.17525186538694 -33.0 -96.35050373077391 0.0
1.70802640914917 63.0 -33.0 -180.33927216529844 -33.0 -96.6785443305969 0.0
1.718703031539917 62.4 -32.4 -150.01345941439814 -32.4 -97.0244668960571 56.197548067260804
1.7293565273284912 62.4 -32.4 -178.28482007980347 -32.4 -97.36964015960692 0.0
1.7397243976593018 61.6 -31.6 -136.667903000869 -31.6 -97.69726486206054 77.16145886032258
1.7497296333312988 61.6 -31.6 -175.40671515464783 -31.6 -98.01343030929564 0.0
1.7617857456207275 60.9 -30.9 -143.7620646927982 -30.9 -98.385964179039 58.0618347934426
1.7716710567474365 60.9 -30.9 -172.94571014642713 -30.9 -98.6914202928543 0.0
1.7839810848236084 60.3 -30.299999999999997 -146.36183211051676 -30.299999999999997 -99.06441414356232 48.74074992252878
1.795349359512329 60.3 -30.299999999999997 -170.90443643331525 -30.299999999999997 -99.40887286663056 0.0
1.805159568786621 60.3 -30.299999999999997 -171.0530611038208 -30.299999999999997 -99.70612220764161 0.0
1.8155286312103271 59.7 -29.700000000000003 -139.87482122140773 -29.700000000000003 -100.01408336162568 57.86444091881024
1.8257031440734863 59.7 -29.700000000000003 -168.95813319683077 -29.700000000000003 -100.31626639366151 0.0
1.8375413417816162 58.6 -28.6 -118.2676445866856 -28.6 -100.65483884811403 92.91954967474284
1.8474526405334473 58.6 -28.6 -164.8691509962082 -28.6 -100.9383019924164 0.0
1.8580574989318848 58.0 -28.0 -134.32869815047692 -28.0 -101.23523802757265 56.577841726618836
1.8680505752563477 58.0 -28.0 -162.75752208232882 -28.0 -101.51504416465761 0.0
1.8799920082092285 57.3 -27.299999999999997 -130.81080735243378 -27.299999999999997 -101.84104528427126 58.61943057940366
1.8900315761566162 57.3 -27.299999999999997 -160.25756274461747 -27.299999999999997 -102.11512548923494 0.0
1.9008886814117432 57.3 -27.299999999999997 -160.40576223134994 -27.299999999999997 -102.4115244626999 0.0
1.9115865230560303 57.4 -27.4 -165.62616264404747 -27.4 -102.70464532375337 -9.347679964341564
1.9215357303619385 57.4 -27.4 -161.08862680196762 -27.4 -102.97725360393525 0.0
1.9331934452056885 56.3 -26.299999999999997 -109.66286816053983 -26.299999999999997 -103.28385150432588 94.3581151832462
1.9435079097747803 56.3 -26.299999999999997 -156.9775609612465 -26.299999999999997 -103.555121922493 0.0
1.9539647102355957 55.5 -25.5 -115.65826654836648 -25.5 -103.8217703342438 76.50523723751084
1.963965654373169 55.5 -25.5 -154.03839720487596 -25.5 -104.07679440975191 0.0
1.973926067352295 54.6 -24.6 -105.38206067827659 -24.6 -104.32182056903841 90.3576992124852
1.9876441955566406 54.6 -24.6 -150.72964326143267 -24.6 -104.65928652286532 0.0
2.0029046535491943 54.2 -24.200000000000003 -136.20852824635975 -24.200000000000003 -105.02858960628511 26.21153311356561
2.0131778717041016 54.2 -24.200000000000003 -149.43860074281696 -24.200000000000003 -105.27720148563387 0.0
2.0234081745147705 54.4 -24.4 -160.13829216355123 -24.4 -105.5268208742142 -19.549763452888254
2.0355658531188965 54.4 -24.4 -150.51173411607743 -24.4 -105.82346823215487 0.0
2.0455760955810547 54.4 -24.4 -150.63385907411575 -24.4 -106.06771814823152 0.0
2.0559003353118896 53.7 -23.700000000000003 -114.0553999847645 -23.700000000000003 -106.31240262985231 67.80160266032335
2.068714141845703 53.7 -23.700000000000003 -148.10804492235187 -23.700000000000003 -106.6160898447037 0.0
2.079172372817993 53.4 -23.4 -132.6876363626506 -23.4 -106.86081244945528 28.68553972415406
2.0906569957733154 53.4 -23.4 -147.1647763133049 -23.4 -107.12955262660982 0.0
2.1014394760131836 53.6 -23.6 -157.36631361551417 -23.6 -107.38401916027071 -18.548608070757588
2.1114323139190674 53.6 -23.6 -148.2099250674248 -23.6 -107.61985013484957 0.0
2.121938943862915 52.7 -22.700000000000003 -101.89907637928263 -22.700000000000003 -107.85835063457492 85.66019787600966
2.1328258514404297 52.7 -22.700000000000003 -144.85274171829226 -22.700000000000003 -108.1054834365845 0.0
2.1428143978118896 52.5 -22.5 -134.1536461028276 -22.5 -108.33022572994236 20.022933524287193
2.159222364425659 52.5 -22.5 -144.34970248937609 -22.5 -108.69940497875217 0.0
2.1699702739715576 51.5 -21.5 -93.94456816029529 -21.5 -108.93048503398899 93.0413487133984
2.1806375980377197 51.5 -21.5 -140.57991625070574 -21.5 -109.15983250141147 0.0
2.1919400691986084 50.0 -20.0 -68.33577098383088 -20.0 -109.38588192462925 132.71433995696748
2.2054054737091064 50.0 -20.0 -134.8275950074196 -20.0 -109.6551900148392 0.0
2.215162754058838 48.3 -18.299999999999997 -41.00243551541118 -18.299999999999997 -109.83374824523929 174.2288772144169
2.2257497310638428 48.3 -18.299999999999997 -128.21374496221543 -18.299999999999997 -110.02748992443088 0.0
2.2366366386413574 48.3 -18.299999999999997 -128.31336016654967 -18.299999999999997 -110.2267203330994 0.0
2.2475852966308594 48.3 -18.299999999999997 -128.41354038715363 -18.299999999999997 -110.42708077430729 0.0
2.2578272819519043 48.3 -18.299999999999997 -128.50725455284118 -18.299999999999997 -110.6145091056824 0.0
2.2692224979400635 46.4 -16.4 -37.63237646213854 -16.4 -110.80139064788821 166.73663772361112
2.279301404953003 46.4 -16.4 -121.0833423614502 -16.4 -110.96668472290042 0.0
2.291391372680664 46.4 -16.4 -121.18248009681703 -16.4 -111.16496019363407 0.0
2.3023810386657715 46.4 -16.4 -121.27259535789491 -16.4 -111.34519071578984 0.0
2.31280779838562 45.4 -15.399999999999999 -69.39934517651648 -15.399999999999999 -111.5057628154755 95.90707246244254
2.3228633403778076 45.4 -15.399999999999999 -117.43030908107758 -15.399999999999999 -111.66061816215519 0.0
2.332868814468384 44.3 -14.299999999999997 -58.13193924689386 -14.299999999999997 -111.80369644165043 109.9398179478627
2.3452563285827637 44.3 -14.299999999999997 -113.19041894674302 -14.299999999999997 -111.98083789348607 0.0
2.3552231788635254 43.9 -13.899999999999999 -91.5931686059504 -13.899999999999999 -112.11937711238866 40.13303990048785
2.365846633911133 43.9 -13.899999999999999 -111.73352156877519 -13.899999999999999 -112.2670431375504 0.0
2.3757731914520264 43.9 -13.899999999999999 -111.8025111436844 -13.899999999999999 -112.40502228736882 0.0
2.387671947479248 42.8 -12.799999999999997 -61.25534380822286 -12.799999999999997 -112.55732636451727 92.44663874807154
2.403303623199463 42.7 -12.700000000000003 -103.97929092670613 -12.700000000000003 -112.755848646164 6.397266792751757
2.41359543800354 42.7 -12.700000000000003 -107.2432773470879 -12.700000000000003 -112.88655469417577 0.0
2.423884630203247 42.5 -12.5 -96.78864884505016 -12.5 -113.01516959667211 19.437871906571786
2.4356465339660645 42.5 -12.5 -106.58109669685366 -12.5 -113.16219339370733 0.0
2.446634292602539 42.5 -12.5 -106.64977018833163 -12.5 -113.29954037666326 0.0
2.4573495388031006 41.1 -11.100000000000001 -35.78176277828909 -11.100000000000001 -113.4184796094895 130.65495405291134
2.4674928188323975 41.1 -11.100000000000001 -101.16553500890734 -11.100000000000001 -113.53107001781468 0.0
2.4786477088928223 41.0 -11.0 -96.344547792948 -11.0 -113.65377380847936 8.964678222583323
2.4894514083862305 41.0 -11.0 -100.88630725145342 -11.0 -113.77261450290685 0.0
2.501077890396118 40.4 -10.399999999999999 -72.74360285393675 -10.399999999999999 -113.89352991580968 51.60632420793614
2.511235237121582 40.4 -10.399999999999999 -98.59958316087724 -10.399999999999999 -113.9991663217545 0.0
2.5218660831451416 40.1 -10.100000000000001 -83.34338532971701 -10.100000000000001 -114.10653786659245 28.219767207158448
2.5320050716400146 40.1 -10.100000000000001 -97.50447082519534 -10.100000000000001 -114.20894165039067 0.0
2.5439960956573486 39.2 -9.200000000000003 -56.43155859281913 -9.200000000000003 -114.31925907135015 75.0561418857119
2.5546000003814697 39.2 -9.200000000000003 -94.00840749740604 -9.200000000000003 -114.41681499481206 0.0
2.5656301975250244 38.9 -8.899999999999999 -79.25846023021947 -8.899999999999999 -114.5149837493897 27.19806328895076
2.579167366027832 38.9 -8.899999999999999 -92.91773227453234 -8.899999999999999 -114.6354645490647 0.0
2.5967764854431152 38.5 -8.5 -80.03481967132812 -8.5 -114.7851420640946 22.715502721438355
2.6098883152008057 38.4 -8.399999999999999 -87.2342904124564 -8.399999999999999 -114.8952814340592 7.626700609146394
2.6240110397338867 38.4 -8.399999999999999 -91.10695616006853 -8.399999999999999 -115.01391232013708 0.0
2.6391546726226807 37.6 -7.600000000000001 -61.5507607619036 -7.600000000000001 -115.12900393009191 52.827482406284744
2.652770519256592 37.6 -7.600000000000001 -88.01624218225481 -7.600000000000001 -115.23248436450963 0.0
2.663620948791504 37.6 -7.600000000000001 -88.05747381448748 -7.600000000000001 -115.31494762897496 0.0
2.673649311065674 37.6 -7.600000000000001 -88.09558159112933 -7.600000000000001 -115.39116318225865 0.0
2.685126543045044 36.6 -6.600000000000001 -40.56894535339779 -6.600000000000001 -115.46691291332249 87.12902220652693
2.6972908973693848 36.6 -6.600000000000001 -84.17359882593158 -6.600000000000001 -115.54719765186314 0.0
2.7079508304595947 35.7 -5.700000000000003 -38.38983099172821 -5.700000000000003 -115.60795927047734 84.42829728702095
2.7184479236602783 35.7 -5.700000000000003 -80.63389635086062 -5.700000000000003 -115.66779270172124 0.0
2.7291502952575684 35.5 -5.5 -70.5196044661278 -5.5 -115.72665574550633 18.687446813250727
2.7392466068267822 35.5 -5.5 -79.8910927295685 -5.5 -115.78218545913701 0.0
2.751103162765503 34.9 -4.899999999999999 -52.217684022364324 -4.899999999999999 -115.84028258323674 50.60491453850806
2.76124906539917 34.9 -4.899999999999999 -77.54499875307084 -4.899999999999999 -115.88999750614171 0.0
2.7733078002929688 34.5 -4.5 -59.38664314510463 -4.5 -115.9442618131638 33.17097552295453
2.7836639881134033 34.5 -4.5 -75.99543232917787 -4.5 -115.99086465835576 0.0
2.79653000831604 33.6 -3.6000000000000014 -37.442740598498 -3.6000000000000014 -116.03718233108525 69.95170113408928
2.811190366744995 33.6 -3.6000000000000014 -72.44497981071476 -3.6000000000000014 -116.08995962142949 0.0
2.8220646381378174 33.0 -3.0 -42.47323596676248 -3.0 -116.12258243560795 55.176110502083006
2.8325002193450928 33.0 -3.0 -70.0769445896149 -3.0 -116.15388917922978 0.0
2.8433620929718018 32.6 -2.6000000000000014 -50.07803548057355 -2.6000000000000014 -116.18213005065923 36.82605908951214
2.8546643257141113 32.6 -2.6000000000000014 -68.50575792789462 -2.6000000000000014 -116.21151585578923 0.0
2.865483045578003 32.1 -2.1000000000000014 -43.40902317468985 -2.1000000000000014 -116.2342351675034 46.21618881812372
2.8755156993865967 32.1 -2.1000000000000014 -66.52765187025074 -2.1000000000000014 -116.25530374050145 0.0
2.8854854106903076 32.1 -2.1000000000000014 -66.53812006711962 -2.1000000000000014 -116.27624013423925 0.0
2.8978354930877686 32.1 -2.1000000000000014 -66.55108765363696 -2.1000000000000014 -116.30217530727391 0.0
2.908658504486084 32.1 -2.1000000000000014 -66.56245181560519 -2.1000000000000014 -116.32490363121038 0.0
2.9190173149108887 32.1 -2.1000000000000014 -66.57332856655124 -2.1000000000000014 -116.34665713310247 0.0
2.929016590118408 32.1 -2.1000000000000014 -66.58382780551914 -2.1000000000000014 -116.36765561103826 0.0
2.9395859241485596 32.1 -2.1000000000000014 -66.5949256062508 -2.1000000000000014 -116.38985121250158 0.0
2.9509241580963135 32.1 -2.1000000000000014 -66.60683075189594 -2.1000000000000014 -116.41366150379187 0.0
2.961556911468506 32.0 -2.0 -61.51501266776778 -2.0 -116.43492701053626 9.404901675000694
2.9716105461120605 32.0 -2.0 -66.22751713991168 -2.0 -116.45503427982337 0.0
2.985952377319336 32.0 -2.0 -66.24185897111896 -2.0 -116.48371794223792 0.0
2.9971847534179688 32.0 -2.0 -66.25309134721759 -2.0 -116.50618269443518 0.0
3.008681297302246 30.3 -0.3000000000000007 14.480447547392188 -0.3000000000000007 -116.50963165760047 147.87052675238485
3.0190460681915283 30.3 -0.3000000000000007 -59.456370544433625 -0.3000000000000007 -116.51274108886724 0.0
3.029714584350586 30.2 -0.1999999999999993 -54.370750020359466 -0.1999999999999993 -116.51487479209905 9.373374751380114
3.039921998977661 30.2 -0.1999999999999993 -59.05845813751223 -0.1999999999999993 -116.51691627502447 0.0
3.0520052909851074 30.2 -0.1999999999999993 -59.059666466712976 -0.1999999999999993 -116.51933293342596 0.0
3.0620670318603516 30.2 -0.1999999999999993 -59.0606726408005 -0.1999999999999993 -116.521345281601 0.0
3.0728347301483154 29.7 0.3000000000000007 -33.841467866235774 0.3000000000000007 -116.51811497211462 46.43517923964307
3.083380937576294 29.7 0.3000000000000007 -57.05747555494311 0.3000000000000007 -116.51495110988623 0.0
3.0939643383026123 28.9 1.1000000000000014 -16.056619766769323 1.1000000000000014 -116.50330936908728 75.59006983554862
3.10681414604187 28.9 1.1000000000000014 -53.84458729028704 1.1000000000000014 -116.48917458057409 0.0
3.1168906688690186 28.9 1.1000000000000014 -53.83904520273211 1.1000000000000014 -116.47809040546423 0.0
3.1274542808532715 28.9 1.1000000000000014 -53.83323521614077 1.1000000000000014 -116.46647043228155 0.0
3.1376428604125977 28.9 1.1000000000000014 -53.827631497383145 1.1000000000000014 -116.4552629947663 0.0
3.1494007110595703 28.8 1.1999999999999993 -49.16809888935535 1.1999999999999993 -116.44115357398994 8.50495579527924
3.1657450199127197 28.2 1.8000000000000007 -32.6508539993076 1.8000000000000007 -116.41173381805427 36.71002581943906
3.1771388053894043 28.2 1.8000000000000007 -50.99561250209812 1.8000000000000007 -116.39122500419624 0.0
3.187804698944092 27.3 2.6999999999999993 -5.190655605885205 2.6999999999999993 -116.36242709159859 84.38111587982819
3.2033891677856445 27.3 2.6999999999999993 -47.3601745128632 2.6999999999999993 -116.3203490257264 0.0
3.2153146266937256 27.3 2.6999999999999993 -47.34407514333729 2.6999999999999993 -116.28815028667458 0.0
3.2266366481781006 27.3 2.6999999999999993 -47.32879041433338 2.6999999999999993 -116.25758082866676 0.0
3.2375850677490234 27.1 2.8999999999999986 -37.37917682917808 2.8999999999999986 -116.22583041191109 18.267476753554952
3.247612476348877 27.1 2.8999999999999986 -46.498375463485765 2.8999999999999986 -116.19675092697152 0.0
3.259568214416504 26.5 3.5 -18.984899178797118 3.5 -116.15490584373482 50.18510748614059
3.2696051597595215 26.5 3.5 -44.05988826751713 3.5 -116.11977653503426 0.0
3.281859874725342 26.3 3.6999999999999993 -35.07709253121172 3.6999999999999993 -116.07443408966073 16.320249027237296
3.2920420169830322 26.3 3.6999999999999993 -43.21838008165364 3.6999999999999993 -116.03676016330728 0.0
3.3051300048828125 25.9 4.100000000000001 -26.31036198444425 4.100000000000001 -115.98309941291818 30.562375444029673
3.3155810832977295 25.9 4.100000000000001 -41.570124995708504 4.100000000000001 -115.94024999141702 0.0
3.3265273571014404 25.9 4.100000000000001 -41.5476851344109 4.100000000000001 -115.89537026882181 0.0
3.336479902267456 25.9 4.100000000000001 -41.52728241682057 4.100000000000001 -115.85456483364115 0.0
3.347398042678833 25.1 4.899999999999999 -1.664257478206551 4.899999999999999 -115.8010659456254 73.2725509892123
3.358668327331543 25.1 4.899999999999999 -38.27292077541357 4.899999999999999 -115.74584155082712 0.0
3.369452476501465 25.5 4.5 -58.39439397073271 4.5 -115.69731287956247 -37.09147506190295
3.3796627521514893 25.5 4.5 -39.82568331956868 4.5 -115.65136663913736 0.0
3.3907275199890137 25.1 4.899999999999999 -20.123184089119903 4.899999999999999 -115.59714927673349 36.150781098493695
3.4015276432037354 25.1 4.899999999999999 -38.17211433649068 4.899999999999999 -115.54422867298135 0.0
3.4130096435546875 24.7 5.300000000000001 -19.12311937427191 5.300000000000001 -115.4833740711213 34.83713532257748
3.4236345291137695 24.7 5.300000000000001 -36.51353108882908 5.300000000000001 -115.42706217765817 0.0
3.434577703475952 24.9 5.100000000000001 -46.423742293035524 5.100000000000001 -115.37125198841105 -18.276232597660016
3.445202112197876 24.9 5.100000000000001 -37.25853375196461 5.100000000000001 -115.31706750392924 0.0
3.4566330909729004 24.3 5.699999999999999 -8.581483671862507 5.699999999999999 -115.2519109249116 52.48894358118659
3.4667506217956543 24.3 5.699999999999999 -34.797120499610955 5.699999999999999 -115.1942409992219 0.0
3.4776108264923096 24.1 5.899999999999999 -24.75715332231071 5.899999999999999 -115.13016579151164 18.415859146890234
3.487647771835327 24.1 5.899999999999999 -33.93547390699393 5.899999999999999 -115.07094781398784 0.0
3.498530387878418 23.5 6.5 -3.9332043203976816 6.5 -115.00021080970775 55.13380216891239
3.5093579292297363 23.5 6.5 -31.46491589546209 6.5 -114.92983179092418 0.0
3.5204594135284424 23.6 6.399999999999999 -36.33329338568225 6.399999999999999 -114.85878229141247 -9.007804479952021
3.5306150913238525 23.6 6.399999999999999 -31.79689297676093 6.399999999999999 -114.79378595352185 0.0
3.5412521362304688 23.7 6.300000000000001 -36.86393991076727 6.300000000000001 -114.72677257061017 -9.401107250924376
3.551337957382202 23.7 6.300000000000001 -32.13161594867712 6.300000000000001 -114.66323189735425 0.0
3.56316876411438 22.8 7.199999999999999 9.547265310643084 7.199999999999999 -114.57805008888258 76.07258071016875
3.5733795166015625 22.8 7.199999999999999 -28.452266335487437 7.199999999999999 -114.50453267097487 0.0
3.5840275287628174 23.5 6.5 -64.0876452940601 6.5 -114.43532059192671 -65.73996999619348
3.595676898956299 23.5 6.5 -31.17979984283454 6.5 -114.35959968566908 0.0
3.6193270683288574 23.3 6.699999999999999 -26.072272247229705 6.699999999999999 -114.20114355087294 8.456599056413536
3.629991054534912 22.7 7.300000000000001 0.270421171461269 7.300000000000001 -114.12329645156875 56.26413879449128
3.6401009559631348 22.7 7.300000000000001 -27.82474708557136 7.300000000000001 -114.04949417114273 0.0
3.651346206665039 22.9 7.100000000000001 -37.47746945113441 7.100000000000001 -113.9696528911592 -17.785286011109633
3.662618398666382 22.9 7.100000000000001 -28.54481016397483 7.100000000000001 -113.88962032794967 0.0
3.675252676010132 22.0 8.0 10.723118249747934 8.0 -113.78854610919967 71.23478260869554
3.685389518737793 22.0 8.0 -24.85372568368919 8.0 -113.70745136737838 0.0
3.6964797973632812 22.0 8.0 -24.809364569187238 8.0 -113.61872913837448 0.0
3.706050157546997 22.0 8.0 -24.771083128452375 8.0 -113.54216625690475 0.0
3.7178072929382324 22.5 7.5 -47.99067687521682 7.5 -113.45398774147048 -42.527366008963156
3.7292368412017822 22.5 7.5 -26.68413306474693 7.5 -113.36826612949386 0.0
3.740063190460205 21.9 8.100000000000001 3.469885642086073 8.100000000000001 -113.28057270050064 55.420343984672776
3.7506492137908936 21.9 8.100000000000001 -24.197412955761024 8.100000000000001 -113.19482591152206 0.0
3.7625622749328613 21.2 8.8 8.034522995461856 8.8 -113.08999097347274 58.759036964396444
3.7726852893829346 21.2 8.8 -21.300454223156045 8.8 -113.0009084463121 0.0
3.7835118770599365 21.7 8.3 -46.346825359742425 8.3 -112.91104776859298 -46.18260295089188
3.793748617172241 21.7 8.3 -23.21304141283042 8.3 -112.82608282566085 0.0
3.8056411743164062 21.7 8.3 -23.163687300682135 8.3 -112.72737460136428 0.0
3.816567897796631 21.7 8.3 -23.118341398239203 8.3 -112.63668279647841 0.0
3.8284599781036377 21.2 8.8 -0.0436220509390175 8.8 -112.53203248977675 42.04478838789871
3.8385419845581055 21.2 8.8 -21.021655416488713 8.8 -112.44331083297743 0.0
3.8491714000701904 21.1 8.899999999999999 -15.87042701146 8.899999999999999 -112.34870903491988 9.407855011999889
3.859626293182373 21.1 8.899999999999999 -20.527830243110735 8.899999999999999 -112.25566048622146 0.0
3.87153697013855 21.3 8.7 -29.67184721078603 8.7 -112.15203759670273 -16.791656824869328
3.8828861713409424 21.3 8.7 -21.22664977312096 8.7 -112.05329954624192 0.0
3.8972766399383545 21.7 8.3 -36.66501740293053 8.3 -111.9338586568834 -27.79617614897767
3.9101152420043945 21.7 8.3 -22.713649129867633 8.3 -111.82729825973527 0.0
3.922355890274048 21.1 8.899999999999999 4.249327627431786 8.899999999999999 -111.71835649013536 49.017011744998946
3.934053897857666 21.1 8.899999999999999 -20.207122111320587 8.899999999999999 -111.61424422264116 0.0
3.947580337524414 21.1 8.899999999999999 -20.146929454803555 8.899999999999999 -111.4938589096071 0.0
3.9575746059417725 20.6 9.399999999999999 6.914380780831841 9.399999999999999 -111.39991278648392 50.02867434814762
3.969231128692627 20.6 9.399999999999999 -18.045170736312954 9.399999999999999 -111.2903414726259 0.0
3.9810068607330322 20.6 9.399999999999999 -17.989824795723052 9.399999999999999 -111.1796495914461 0.0
3.9912490844726562 20.6 9.399999999999999 -17.941686344146817 9.399999999999999 -111.08337268829362 0.0
4.012502431869507 21.3 8.7 -37.117228404774785 8.7 -110.89846856594102 -32.93598824360855
4.025504112243652 21.3 8.7 -20.592676973342975 8.7 -110.78535394668594 0.0
4.036670923233032 21.3 8.7 -20.544101345539175 8.7 -110.68820269107835 0.0
4.047475337982178 20.7 9.3 9.672566792992129 9.3 -110.58772163391129 55.53285521989554
4.057568311691284 20.7 9.3 -18.046928489208298 9.3 -110.4938569784166 0.0
4.069917917251587 20.7 9.3 -17.989502823352893 9.3 -110.37900564670579 0.0
4.079969644546509 20.7 9.3 -17.942762291431507 9.3 -110.28552458286302 0.0
4.090003490447998 20.5 9.5 -7.1288332567961685 9.5 -110.19020304679887 19.932536533206534
4.10137152671814 20.5 9.5 -17.041103351116263 9.5 -110.08220670223253 0.0
4.111423969268799 20.5 9.5 -16.99335424900063 9.5 -109.98670849800126 0.0
4.123547077178955 20.5 9.5 -16.93576948642739 9.5 -109.87153897285478 0.0
4.135988473892212 20.6 9.399999999999999 -21.29613630700057 9.399999999999999 -109.75458984375017 -8.037682770250962
4.145992040634155 20.6 9.399999999999999 -17.230278158187957 9.399999999999999 -109.6605563163759 0.0
4.155942440032959 20.6 9.399999999999999 -17.18351128101358 9.399999999999999 -109.56702256202715 0.0
4.168006896972656 20.6 9.399999999999999 -17.126808333397 9.399999999999999 -109.45361666679399 0.0
4.184112310409546 20.4 9.600000000000001 -10.040409959445935 9.600000000000001 -109.29900469779984 12.418184778907964
4.19584846496582 20.4 9.600000000000001 -16.1931688070298 9.600000000000001 -109.18633761405961 0.0
4.206576585769653 20.3 9.7 -11.080488933454363 9.7 -109.08227484226244 9.321296975353714
4.216659069061279 20.3 9.7 -15.692237377166833 9.7 -108.98447475433366 0.0
4.229305982589722 20.3 9.7 -15.630899846553888 9.7 -108.86179969310777 0.0
4.240097284317017 20.3 9.7 -15.57856203317651 9.7 -108.75712406635301 0.0
4.251058340072632 19.8 10.2 9.285361276613244 10.2 -108.64532129764574 45.61604385087223
4.2611963748931885 19.8 10.2 -13.470956671238035 10.2 -108.54191334247606 0.0
4.272688627243042 19.8 10.2 -13.412346184253785 10.2 -108.42469236850756 0.0
4.282815933227539 19.8 10.2 -13.360696923732853 10.2 -108.3213938474657 0.0
4.295915365219116 19.8 10.2 -13.293889820575806 10.2 -108.18777964115161 0.0
4.305819749832153 19.8 10.2 -13.24337745904932 10.2 -108.08675491809863 0.0
4.316479921340942 20.5 9.5 -48.825234040159955 9.5 -107.98548328876514 -65.66498479155477
4.327615022659302 20.5 9.5 -15.939849913120362 9.5 -107.87969982624072 0.0
4.339087247848511 20.5 9.5 -15.88535684347162 9.5 -107.77071368694324 0.0
4.349083185195923 20.5 9.5 -15.837876141071412 9.5 -107.67575228214282 0.0
4.359634876251221 20.5 9.5 -15.787755608558747 9.5 -107.5755112171175 0.0
4.370726108551025 20.5 9.5 -15.735072255134675 9.5 -107.47014451026935 0.0
4.3814733028411865 20.3 9.7 -5.578194275377069 9.7 -107.36589672565479 18.60950817490066
4.391496896743774 20.3 9.7 -14.83433393239985 9.7 -107.2686678647997 0.0
4.408061981201172 19.9 10.100000000000001 -1.0770925531308162 10.100000000000001 -107.10136051177999 24.147175405518343
4.418666362762451 19.9 10.100000000000001 -13.097128129005526 10.100000000000001 -106.99425625801106 0.0
4.430042266845703 19.7 10.3 -3.448032100161708 10.3 -106.87708444595357 17.58102024563015
4.4408557415008545 19.7 10.3 -12.182852828502753 10.3 -106.76570565700551 0.0
4.451453924179077 19.7 10.3 -12.128272187709904 10.3 -106.65654437541981 0.0
4.461575269699097 19.7 10.3 -12.0761472582818 10.3 -106.5522945165636 0.0
4.473514080047607 19.7 10.3 -12.01466238498697 10.3 -106.42932476997395 0.0
4.483508825302124 19.7 10.3 -11.963189446926208 10.3 -106.32637889385242 0.0
4.495606184005737 19.7 10.3 -11.9008880496026 10.3 -106.2017760992052 0.0
4.5054404735565186 19.7 10.3 -11.850241458416079 10.3 -106.10048291683216 0.0
4.516002178192139 19.7 10.3 -11.795848679542637 10.3 -105.99169735908528 0.0
4.527326583862305 19.7 10.3 -11.737527990341285 10.3 -105.87505598068257 0.0
4.53780460357666 19.7 10.3 -11.683566188812357 10.3 -105.76713237762472 0.0
4.548490047454834 19.7 10.3 -11.628536152839764 10.3 -105.65707230567953 0.0
4.558870315551758 19.8 10.2 -16.792428059375283 10.2 -105.5511935710909 -9.633662547659652
4.568904161453247 19.8 10.2 -11.92442417144786 10.2 -105.44884834289572 0.0
4.580958127975464 19.8 10.2 -11.862948942184552 10.2 -105.3258978843691 0.0
4.590940475463867 19.8 10.2 -11.812038969993694 10.2 -105.22407793998738 0.0
4.601953506469727 19.8 10.2 -11.755872511863814 10.2 -105.11174502372762 0.0
4.611879587173462 19.8 10.2 -11.70524950027476 10.2 -105.01049900054952 0.0
4.622416257858276 19.9 10.100000000000001 -16.79737125882931 10.100000000000001 -104.9040786266329 -9.49066389102573
4.633484840393066 19.9 10.100000000000001 -11.996142971515752 10.100000000000001 -104.79228594303152 0.0
4.645281553268433 19.9 10.100000000000001 -11.936569571495156 10.100000000000001 -104.67313914299032 0.0
4.65877890586853 19.9 10.100000000000001 -11.868407940864664 10.100000000000001 -104.53681588172934 0.0
4.672123193740845 19.9 10.100000000000001 -11.801019287109476 10.100000000000001 -104.40203857421896 0.0
4.688367605209351 19.5 10.5 2.19619037088391 10.5 -104.23147225379965 24.62385299556747
4.703181028366089 19.5 10.5 -10.03796565532695 10.5 -104.0759313106539 0.0
4.717295408248901 19.5 10.5 -9.963865160942184 10.5 -103.92773032188437 0.0
4.728421449661255 19.5 10.5 -9.905453443527328 10.5 -103.81090688705466 0.0
4.738910913467407 19.0 11.0 15.985678010988654 11.0 -103.69552278518698 47.66687880716429
4.749377250671387 19.0 11.0 -7.790196537971603 11.0 -103.5803930759432 0.0
4.760099411010742 19.0 11.0 -7.731224656105148 11.0 -103.4624493122103 0.0
4.770097017288208 19.0 11.0 -7.676237821579086 11.0 -103.35247564315817 0.0
4.781478643417358 19.0 11.0 -7.613638877868759 11.0 -103.22727775573752 0.0
4.791311025619507 19.0 11.0 -7.5595607757569425 11.0 -103.11912155151389 0.0
4.808582782745361 19.0 11.0 -7.464566111564743 11.0 -102.92913222312949 0.0
4.8191399574279785 19.0 11.0 -7.406501650810348 11.0 -102.8130033016207 0.0
4.830118656158447 19.0 11.0 -7.34611880779277 11.0 -102.69223761558554 0.0
4.839984178543091 19.0 11.0 -7.291858434677231 11.0 -102.58371686935446 0.0
4.85140585899353 19.0 11.0 -7.229039192199814 11.0 -102.45807838439963 0.0
4.861245632171631 19.0 11.0 -7.17492043972026 11.0 -102.34984087944052 0.0
4.871608257293701 19.0 11.0 -7.117926001548874 11.0 -102.23585200309775 0.0
4.882840156555176 19.0 11.0 -7.056150555610763 11.0 -102.11230111122153 0.0
4.8935747146606445 19.0 11.0 -6.997110486030685 11.0 -101.99422097206137 0.0
4.903982639312744 19.0 11.0 -6.939866900444137 11.0 -101.87973380088827 0.0
4.915353298187256 19.0 11.0 -6.877328276634323 11.0 -101.75465655326865 0.0
4.925164699554443 19.0 11.0 -6.823365569114792 11.0 -101.64673113822958 0.0
4.936706781387329 19.0 11.0 -6.75988411903392 11.0 -101.51976823806784 0.0
4.946817398071289 19.0 11.0 -6.70427572727214 11.0 -101.40855145454428 0.0
4.958086729049683 19.0 11.0 -6.642294406890976 11.0 -101.28458881378195 0.0
4.968055486679077 19.0 11.0 -6.587466239929306 11.0 -101.17493247985861 0.0
4.979466676712036 19.0 11.0 -6.524704694748031 11.0 -101.04940938949606 0.0
4.9901018142700195 19.0 11.0 -6.466211438179123 11.0 -100.93242287635825 0.0
5.002099514007568 19.0 11.0 -6.400224089622604 11.0 -100.80044817924521 0.0
5.011902570724487 19.0 11.0 -6.34630727767955 11.0 -100.6926145553591 0.0
5.039259433746338 19.0 11.0 -6.195844531059372 11.0 -100.39168906211874 0.0
5.049693584442139 19.0 11.0 -6.138456702232467 11.0 -100.27691340446493 0.0
5.060108661651611 19.0 11.0 -6.081173777580368 11.0 -100.16234755516074 0.0
5.070955753326416 19.0 11.0 -6.021514773368942 11.0 -100.04302954673788 0.0
5.080814838409424 19.0 11.0 -5.967289805412399 11.0 -99.9345796108248 0.0
5.0920679569244385 19.0 11.0 -5.9053976535798185 11.0 -99.81079530715964 0.0
5.102717638015747 19.0 11.0 -5.846824407577621 11.0 -99.69364881515524 0.0
5.113002061843872 19.0 11.0 -5.790260076522934 11.0 -99.58052015304587 0.0
5.123307228088379 19.0 11.0 -5.733581662178146 11.0 -99.46716332435629 0.0
5.1354100704193115 19.5 10.5 -28.326346528861816 10.5 -99.3400834798815 -41.31260957784213
5.1453468799591064 19.5 10.5 -7.6178734898568266 10.5 -99.23574697971365 0.0
5.155985116958618 19.0 11.0 17.940771282488537 11.0 -99.11872637271902 47.0002689376961
5.166099548339844 19.0 11.0 -5.503733813762771 11.0 -99.00746762752554 0.0
5.17676568031311 19.0 11.0 -5.445070087909805 11.0 -98.89014017581961 0.0
5.193788528442383 19.0 11.0 -5.3514444231988065 11.0 -98.70288884639761 0.0
5.209278345108032 19.0 11.0 -5.266250431537735 11.0 -98.53250086307547 0.0
5.219740390777588 19.0 11.0 -5.208709180355179 11.0 -98.41741836071036 0.0
5.229875326156616 19.0 11.0 -5.152967035770523 11.0 -98.30593407154105 0.0
5.243147611618042 19.0 11.0 -5.079969465732681 11.0 -98.15993893146536 0.0
5.252962112426758 19.0 11.0 -5.025989711284744 11.0 -98.05197942256949 0.0
5.263864755630493 19.0 11.0 -4.9660251736642 11.0 -97.9320503473284 0.0
5.273856163024902 19.0 11.0 -4.911072432994949 11.0 -97.8221448659899 0.0
5.286099433898926 19.0 11.0 -4.84373444318782 11.0 -97.68746888637564 0.0
5.298101902008057 19.0 11.0 -4.7777208685876005 11.0 -97.5554417371752 0.0
5.309021234512329 19.0 11.0 -4.717664539814102 11.0 -97.4353290796282 0.0
5.318901300430298 19.0 11.0 -4.663324177265274 11.0 -97.32664835453055 0.0
5.329337120056152 19.0 11.0 -4.605927169323074 11.0 -97.21185433864615 0.0
5.339942932128906 19.0 11.0 -4.547595202922928 11.0 -97.09519040584586 0.0
5.350926637649536 19.0 11.0 -4.487184822559463 11.0 -96.97436964511893 0.0
5.361514329910278 19.0 11.0 -4.428952515125381 11.0 -96.85790503025076 0.0
5.372351169586182 19.0 11.0 -4.369349896907913 11.0 -96.73869979381583 0.0
5.381962299346924 19.0 11.0 -4.316488683223831 11.0 -96.63297736644766 0.0
5.39356255531311 19.0 11.0 -4.252687275409805 11.0 -96.50537455081961 0.0
5.403892517089844 19.0 11.0 -4.195872485637771 11.0 -96.39174497127554 0.0
5.41384744644165 19.0 11.0 -4.141120374202835 11.0 -96.28224074840567 0.0
5.425164461135864 19.0 11.0 -4.078876793384659 11.0 -96.15775358676932 0.0
5.434668779373169 19.0 11.0 -4.026603043079483 11.0 -96.05320608615897 0.0
5.445843935012817 19.0 11.0 -3.9651396870614164 11.0 -95.93027937412283 0.0
5.455768585205078 19.0 11.0 -3.9105541110039823 11.0 -95.82110822200796 0.0
5.4672558307647705 19.0 11.0 -3.847374260425674 11.0 -95.69474852085135 0.0
5.477441787719727 19.0 11.0 -3.791351497173416 11.0 -95.58270299434683 0.0
5.48907995223999 19.0 11.0 -3.7273415923119657 11.0 -95.45468318462393 0.0
5.499377727508545 19.0 11.0 -3.670703828334915 11.0 -95.34140765666983 0.0
5.509869813919067 19.0 11.0 -3.6129973530770414 11.0 -95.22599470615408 0.0
5.519747495651245 19.0 11.0 -3.558670103550064 11.0 -95.11734020710013 0.0
5.53056001663208 19.0 11.0 -3.4992012381554716 11.0 -94.99840247631094 0.0
5.541558504104614 19.0 11.0 -3.4387095570565336 11.0 -94.87741911411307 0.0
5.552454471588135 19.0 11.0 -3.378781735897171 11.0 -94.75756347179434 0.0
5.562069654464722 19.0 11.0 -3.3258982300759428 11.0 -94.65179646015189 0.0
5.5732386112213135 19.0 11.0 -3.264468967914688 11.0 -94.52893793582938 0.0
5.5829689502716064 19.0 11.0 -3.2109521031380766 11.0 -94.42190420627615 0.0
5.595876216888428 19.0 11.0 -3.1399621367455595 11.0 -94.27992427349112 0.0
5.609458923339844 19.0 11.0 -3.0652572512627714 11.0 -94.13051450252554 0.0
5.620446681976318 19.0 11.0 -3.004824578762161 11.0 -94.00964915752432 0.0
5.630123615264893 19.0 11.0 -2.951601445675003 11.0 -93.90320289135 0.0
5.641974687576294 19.0 11.0 -2.8864205479622953 11.0 -93.77284109592459 0.0
5.651879549026489 19.0 11.0 -2.831943809986221 11.0 -93.66388761997244 0.0
5.662619352340698 19.0 11.0 -2.7728748917580717 11.0 -93.54574978351614 0.0
5.672905206680298 19.0 11.0 -2.716302692890274 11.0 -93.43260538578055 0.0
5.6835033893585205 19.0 11.0 -2.658012688160049 11.0 -93.3160253763201 0.0
5.6954100131988525 19.0 11.0 -2.592526257038223 11.0 -93.18505251407645 0.0
5.705678462982178 19.0 11.0 -2.5360497832299345 11.0 -93.07209956645987 0.0
5.715476751327515 19.0 11.0 -2.4821591973305814 11.0 -92.96431839466116 0.0
5.7257726192474365 19.0 11.0 -2.425531923771011 11.0 -92.85106384754202 0.0
5.73557186126709 19.0 11.0 -2.371636092662918 11.0 -92.74327218532584 0.0
5.746874094009399 19.0 11.0 -2.3094738125802152 11.0 -92.61894762516043 0.0
5.756807088851929 19.0 11.0 -2.254842340946304 11.0 -92.50968468189261 0.0
5.766661167144775 19.0 11.0 -2.2006449103356474 11.0 -92.4012898206713 0.0
5.7775797843933105 19.0 11.0 -2.140592515468704 11.0 -92.28118503093741 0.0
5.7874369621276855 19.0 11.0 -2.0863780379296415 11.0 -92.17275607585928 0.0
5.799173831939697 19.0 11.0 -2.021825253963577 11.0 -92.04365050792715 0.0
5.810120105743408 19.0 11.0 -1.9616207480431669 11.0 -91.92324149608633 0.0
5.8210906982421875 19.0 11.0 -1.9012824892998808 11.0 -91.80256497859976 0.0
5.831000804901123 19.0 11.0 -1.8467769026757352 11.0 -91.69355380535147 0.0
5.841329097747803 19.0 11.0 -1.789971292018997 11.0 -91.579942584038 0.0
5.852111101150513 19.0 11.0 -1.7306702733040922 11.0 -91.46134054660818 0.0
5.862826108932495 19.0 11.0 -1.6717377305031889 11.0 -91.34347546100638 0.0
5.8730127811431885 19.0 11.0 -1.6157110333443754 11.0 -91.23142206668875 0.0
5.883631229400635 19.0 11.0 -1.5573095679284208 11.0 -91.11461913585684 0.0
5.91551947593689 19.0 11.0 -1.381924211979019 11.0 -90.76384842395804 0.0
5.932018995285034 19.0 11.0 -1.291176855564224 11.0 -90.58235371112845 0.0
5.942111253738403 19.0 11.0 -1.2356694340706937 11.0 -90.47133886814139 0.0
5.953893184661865 19.0 11.0 -1.1708688139916532 11.0 -90.3417376279833 0.0
5.963932037353516 19.0 11.0 -1.115655124187576 11.0 -90.23131024837515 0.0
5.977297782897949 19.0 11.0 -1.0421435236931913 11.0 -90.08428704738638 0.0
5.987278699874878 19.0 11.0 -0.9872484803200834 11.0 -89.97449696064017 0.0
5.998672246932983 19.0 11.0 -0.9245839715005033 11.0 -89.849167943001 0.0
6.017686128616333 19.0 11.0 -0.8200076222420805 11.0 -89.64001524448416 0.0
6.028895139694214 19.0 11.0 -0.7583580613137357 11.0 -89.51671612262747 0.0
6.03949761390686 19.0 11.0 -0.7000444531441801 11.0 -89.40008890628836 0.0
6.0493903160095215 19.0 11.0 -0.6456345915795438 11.0 -89.29126918315909 0.0
6.059866905212402 19.0 11.0 -0.5880133509636991 11.0 -89.1760267019274 0.0
6.069886684417725 19.0 11.0 -0.5329045653344266 11.0 -89.06580913066885 0.0
6.082513093948364 19.0 11.0 -0.4634593129159086 11.0 -88.92691862583182 0.0
6.0921196937561035 19.0 11.0 -0.41062301397334267 11.0 -88.82124602794669 0.0
6.103377819061279 19.0 11.0 -0.34870332479487587 11.0 -88.69740664958975 0.0
6.1131272315979 19.0 11.0 -0.29508155584345985 11.0 -88.59016311168692 0.0
6.12353253364563 19.0 11.0 -0.23785239458094765 11.0 -88.4757047891619 0.0
6.134061098098755 19.0 11.0 -0.17994529008876015 11.0 -88.35989058017752 0.0
6.145487308502197 19.0 11.0 -0.11710113286982704 11.0 -88.23420226573965 0.0
6.1552512645721436 19.0 11.0 -0.06339937448512245 11.0 -88.12679874897024 0.0
6.164640426635742 19.0 11.0 -0.01175898313532997 11.0 -88.02351796627066 0.0
6.175389528274536 19.0 11.0 0.04736107587803673 11.0 -87.90527784824393 0.0
6.186654567718506 19.0 11.0 0.10931879281987023 11.0 -87.78136241436026 0.0
6.198071718215942 19.0 11.0 0.1721131205557711 11.0 -87.65577375888846 0.0
6.213878631591797 19.0 11.0 0.2590511441229708 11.0 -87.48189771175406 0.0
6.223787069320679 19.0 11.0 0.3135475516318209 11.0 -87.37290489673636 0.0
6.235591173171997 19.0 11.0 0.3784701228140719 11.0 -87.24305975437186 0.0
6.2453484535217285 19.0 11.0 0.43213516473759483 11.0 -87.13572967052481 0.0
6.2588770389556885 19.0 11.0 0.5065423846243746 11.0 -86.98691523075125 0.0
6.26911187171936 19.0 11.0 0.5628339648245699 11.0 -86.87433207035086 0.0
6.280023574829102 19.0 11.0 0.6228483319281466 11.0 -86.7543033361437 0.0
6.290661811828613 19.0 11.0 0.681358635425461 11.0 -86.63728272914908 0.0
6.301406383514404 19.0 11.0 0.7404537796973116 11.0 -86.51909244060538 0.0
6.311249732971191 19.0 11.0 0.7945922017096407 11.0 -86.41081559658072 0.0
6.322994232177734 19.0 11.0 0.8591869473456271 11.0 -86.28162610530875 0.0
6.334075450897217 19.0 11.0 0.9201336503027804 11.0 -86.15973269939444 0.0
6.345267295837402 19.0 11.0 0.9816887974738009 11.0 -86.0366224050524 0.0
6.354669809341431 19.0 11.0 1.0334026217459567 11.0 -85.93319475650809 0.0
6.364103078842163 19.0 11.0 1.085285603999985 11.0 -85.82942879200003 0.0
6.375110626220703 19.0 11.0 1.1458271145819552 11.0 -85.70834577083609 0.0
6.3874921798706055 19.0 11.0 1.213925659656418 11.0 -85.57214868068716 0.0
6.398432970046997 19.0 11.0 1.2741000056265719 11.0 -85.45179998874686 0.0
6.412660837173462 19.0 11.0 1.3523532748221285 11.0 -85.29529345035574 0.0
6.422709226608276 19.0 11.0 1.407619416713608 11.0 -85.18476116657278 0.0
6.435211420059204 19.0 11.0 1.4763814806937106 11.0 -85.04723703861258 0.0
6.4453253746032715 19.0 11.0 1.5320082306860812 11.0 -84.93598353862784 0.0
6.455751180648804 19.0 11.0 1.5893501639365084 11.0 -84.82129967212698 0.0
6.465784549713135 19.0 11.0 1.6445336937903292 11.0 -84.71093261241934 0.0
6.475885391235352 19.0 11.0 1.7000883221625216 11.0 -84.59982335567496 0.0
6.487502574920654 19.0 11.0 1.7639828324316866 11.0 -84.47203433513663 0.0
6.498840808868408 19.0 11.0 1.8263431191443331 11.0 -84.34731376171133 0.0
6.508707046508789 19.0 11.0 1.8806074261664278 11.0 -84.23878514766714 0.0
6.518636703491211 19.0 11.0 1.9352205395697482 11.0 -84.1295589208605 0.0
6.529147386550903 19.0 11.0 1.9930292963980563 11.0 -84.01394140720389 0.0
6.53975772857666 19.0 11.0 2.051386177539719 11.0 -83.89722764492056 0.0
6.550800323486328 19.0 11.0 2.1121204495428927 11.0 -83.77575910091421 0.0
6.560915231704712 19.0 11.0 2.1677524447440035 11.0 -83.664495110512 0.0
6.571269750595093 19.0 11.0 2.2247022986410983 11.0 -83.5505954027178 0.0
6.581173419952393 19.0 11.0 2.279172480106247 11.0 -83.4416550397875 0.0
6.593718767166138 19.0 11.0 2.3481718897818453 11.0 -83.30365622043631 0.0
6.603926181793213 19.0 11.0 2.404312670230759 11.0 -83.19137465953848 0.0
6.615243911743164 19.0 11.0 2.4665601849554903 11.0 -83.06687963008902 0.0
6.625147819519043 19.0 11.0 2.5210316777228243 11.0 -82.95793664455435 0.0
6.636694431304932 19.0 11.0 2.584538042545212 11.0 -82.83092391490958 0.0
6.646632194519043 19.0 11.0 2.6391957402228243 11.0 -82.72160851955435 0.0
6.657344341278076 19.0 11.0 2.698112547397507 11.0 -82.60377490520499 0.0
6.667262077331543 19.0 11.0 2.7526600956915743 11.0 -82.49467980861685 0.0
6.678006887435913 19.0 11.0 2.81175655126561 11.0 -82.37648689746878 0.0
6.688913106918335 19.0 11.0 2.8717407584189303 11.0 -82.25651848316214 0.0
6.700936555862427 19.0 11.0 2.937869727611435 11.0 -82.12426054477713 0.0
6.710865020751953 19.0 11.0 2.99247628450383 11.0 -82.01504743099234 0.0
6.721444368362427 19.0 11.0 3.050662696361435 11.0 -81.89867460727713 0.0
6.73337984085083 19.0 11.0 3.1163077950476534 11.0 -81.7673844099047 0.0
6.749366998672485 19.0 11.0 3.2042371630667574 11.0 -81.59152567386649 0.0
6.763360500335693 19.0 11.0 3.2812014222144015 11.0 -81.4375971555712 0.0
6.777451276779175 19.0 11.0 3.3587006926535494 11.0 -81.2825986146929 0.0
6.7934510707855225 19.0 11.0 3.4466995596884615 11.0 -81.10660088062308 0.0
6.812484979629517 19.0 11.0 3.5513860583304293 11.0 -80.89722788333914 0.0
6.822572946548462 19.0 11.0 3.6068698763846285 11.0 -80.78626024723074 0.0
6.834665775299072 19.0 11.0 3.6733804345129855 11.0 -80.65323913097403 0.0
6.845785140991211 19.0 11.0 3.734536945819748 11.0 -80.5309261083605 0.0
6.856103420257568 19.0 11.0 3.791287481784714 11.0 -80.41742503643057 0.0
6.866466760635376 19.0 11.0 3.848285853862656 11.0 -80.30342829227469 0.0
6.876833915710449 19.0 11.0 3.9053052067755587 11.0 -80.18938958644888 0.0
6.887609004974365 19.0 11.0 3.964568197727097 11.0 -80.0708636045458 0.0
6.898622512817383 19.0 11.0 4.0251424908636935 11.0 -79.94971501827261 0.0
6.908573389053345 19.0 11.0 4.079872310161484 11.0 -79.84025537967703 0.0
6.919172763824463 19.0 11.0 4.138168871402634 11.0 -79.72366225719473 0.0
6.929112434387207 19.0 11.0 4.192837059497727 11.0 -79.61432588100455 0.0
6.940649509429932 19.0 11.0 4.256290972232712 11.0 -79.48741805553458 0.0
6.950459241867065 19.0 11.0 4.310244500636948 11.0 -79.3795109987261 0.0
6.96001935005188 19.0 11.0 4.362825095653427 11.0 -79.27434980869315 0.0
6.970951795578003 19.0 11.0 4.422953546047104 11.0 -79.15409290790579 0.0
6.981948614120483 19.0 11.0 4.483436048030747 11.0 -79.0331279039385 0.0
6.995163202285767 19.0 11.0 4.556116282939804 11.0 -78.88776743412039 0.0
7.005718231201172 19.0 11.0 4.614168941974533 11.0 -78.77166211605093 0.0
7.015583038330078 19.0 11.0 4.668425381183518 11.0 -78.66314923763296 0.0
7.025373697280884 19.0 11.0 4.722274005412949 11.0 -78.5554519891741 0.0
7.0356574058532715 19.0 11.0 4.778834402561081 11.0 -78.44233119487784 0.0
7.046894788742065 19.0 11.0 4.840640008449448 11.0 -78.3187199831011 0.0
7.057595252990723 19.0 11.0 4.899492561817063 11.0 -78.20101487636587 0.0
7.067484140396118 19.0 11.0 4.953881442546738 11.0 -78.09223711490652 0.0
7.078463792800903 19.0 11.0 5.014269530773056 11.0 -77.97146093845389 0.0
7.0883872509002686 19.0 11.0 5.068848550319565 11.0 -77.86230289936087 0.0
7.101169586181641 19.0 11.0 5.139151394367111 11.0 -77.72169721126578 0.0
7.111251354217529 19.0 11.0 5.194601118564499 11.0 -77.610797762871 0.0
7.121873378753662 19.0 11.0 5.25302225351323 11.0 -77.49395549297354 0.0
7.131795406341553 19.0 11.0 5.307593405246628 11.0 -77.38481318950674 0.0
7.143400192260742 19.0 11.0 5.37141972780217 11.0 -77.25716054439566 0.0
7.153458595275879 19.0 11.0 5.426740944385422 11.0 -77.14651811122916 0.0
7.164715528488159 19.0 11.0 5.4886540770529635 11.0 -77.02269184589407 0.0
7.174088954925537 19.0 11.0 5.540207922458542 11.0 -76.91958415508292 0.0
7.185349225997925 19.0 11.0 5.602139413356674 11.0 -76.79572117328665 0.0
7.1966331005096436 19.0 11.0 5.6642007231711275 11.0 -76.67159855365774 0.0
7.207926511764526 19.0 11.0 5.726314485072983 11.0 -76.54737102985403 0.0
7.229628086090088 19.0 11.0 5.845673143863571 11.0 -76.30865371227286 0.0
7.2397620677948 19.0 11.0 5.901410043239487 11.0 -76.19717991352103 0.0
7.251803636550903 19.0 11.0 5.967638671398056 11.0 -76.06472265720389 0.0
7.2615966796875 19.0 11.0 6.021500408649338 11.0 -75.95699918270132 0.0
7.273805379867554 19.0 11.0 6.088648259639633 11.0 -75.82270348072073 0.0
7.283919095993042 19.0 11.0 6.144273698329819 11.0 -75.71145260334036 0.0
7.296841382980347 19.0 11.0 6.215346276759995 11.0 -75.56930744648001 0.0
7.307248592376709 19.0 11.0 6.272585928439987 11.0 -75.45482814312003 0.0
7.317608833312988 19.0 11.0 6.3295672535895235 11.0 -75.34086549282095 0.0
7.328360080718994 19.0 11.0 6.388699114322556 11.0 -75.22260177135489 0.0
7.339358329772949 19.0 11.0 6.449189484119309 11.0 -75.10162103176138 0.0
7.34998083114624 19.0 11.0 6.507613241672409 11.0 -74.98477351665518 0.0
7.361233472824097 19.0 11.0 6.56950277090062 11.0 -74.86099445819876 0.0
7.371662616729736 19.0 11.0 6.626863062381638 11.0 -74.74627387523672 0.0
7.382066488265991 19.0 11.0 6.68408435583104 11.0 -74.63183128833792 0.0
7.39259147644043 19.0 11.0 6.741971790790451 11.0 -74.5160564184191 0.0
7.4057087898254395 19.0 11.0 6.814117014408005 11.0 -74.37176597118399 0.0
7.415930271148682 19.0 11.0 6.870335161685837 11.0 -74.25932967662833 0.0
7.425999164581299 19.0 11.0 6.9257140755652316 11.0 -74.14857184886954 0.0
7.436471700668335 19.0 11.0 6.98331302404393 11.0 -74.03337395191214 0.0
7.448394060134888 19.5 10.5 -15.923098308310323 10.5 -73.90818917751334 -41.93800743910731
7.45873236656189 19.5 10.5 5.100181519985092 10.5 -73.79963696002982 0.0
7.469300270080566 19.5 10.5 5.155663013458145 10.5 -73.68867397308371 0.0
7.47927713394165 19.5 10.5 5.208041548728836 10.5 -73.58391690254233 0.0
7.492035388946533 19.5 10.5 5.275022387504471 10.5 -73.44995522499106 0.0
7.503759384155273 19.5 10.5 5.336573362350357 10.5 -73.32685327529929 0.0
7.515703439712524 19.5 10.5 5.399279654025925 10.5 -73.20144069194815 0.0
7.52577543258667 19.5 10.5 5.452157616615189 10.5 -73.09568476676962 0.0
7.536045789718628 19.5 10.5 5.506076991557968 10.5 -72.98784601688406 0.0
7.545980930328369 19.5 10.5 5.55823647975911 10.5 -72.88352704048178 0.0
7.557703495025635 19.5 10.5 5.619779944419754 10.5 -72.76044011116049 0.0
7.567598342895508 19.5 10.5 5.671727895736588 10.5 -72.65654420852682 0.0
7.577625513076782 19.5 10.5 5.724370539188278 10.5 -72.55125892162344 0.0
7.588641881942749 19.5 10.5 5.782206475734604 10.5 -72.43558704853079 0.0
7.6000354290008545 19.5 10.5 5.842022597789658 10.5 -72.31595480442068 0.0
7.613947153091431 19.5 10.5 5.915059149265183 10.5 -72.16988170146963 0.0
7.62670111656189 19.5 10.5 5.982017457485092 10.5 -72.03596508502982 0.0
7.637495040893555 19.5 10.5 6.038685560226334 10.5 -71.92262887954733 0.0
7.648059606552124 19.5 10.5 6.094149529933823 10.5 -71.81170094013235 0.0
7.659071445465088 19.5 10.5 6.151961684226883 10.5 -71.69607663154623 0.0
7.669563293457031 19.5 10.5 6.207043886184586 10.5 -71.58591222763083 0.0
7.679588794708252 19.5 10.5 6.2596777677534945 10.5 -71.48064446449301 0.0
7.690589189529419 19.5 10.5 6.317429840564621 10.5 -71.36514031887076 0.0
7.702430486679077 19.5 10.5 6.379596650600327 10.5 -71.24080669879935 0.0
7.7131311893463135 19.5 10.5 6.4357753396033175 10.5 -71.12844932079337 0.0
7.7236106395721436 19.5 10.5 6.490792453288925 10.5 -71.01841509342215 0.0
7.734585762023926 19.5 10.5 6.548411846160782 10.5 -70.90317630767844 0.0
7.744047403335571 19.5 10.5 6.598085463046921 10.5 -70.80382907390616 0.0
7.756399869918823 19.5 10.5 6.662935912608994 10.5 -70.67412817478201 0.0
7.766650438308716 19.5 10.5 6.71675139665593 10.5 -70.56649720668814 0.0
7.776712656021118 19.5 10.5 6.769578039646042 10.5 -70.46084392070792 0.0
7.787463426589966 19.5 10.5 6.826019585132492 10.5 -70.34796082973502 0.0
7.798546075820923 19.5 10.5 6.884203493595017 10.5 -70.23159301280997 0.0
7.80988621711731 19.5 10.5 6.943739235401047 10.5 -70.1125215291979 0.0
7.820867538452148 19.5 10.5 7.001391172408951 10.5 -69.9972176551821 0.0
7.831384897232056 19.5 10.5 7.056607306003464 10.5 -69.88678538799307 0.0
7.842632532119751 19.5 10.5 7.115657389163864 10.5 -69.76868522167227 0.0
7.854025840759277 19.5 10.5 7.175472259521378 10.5 -69.64905548095724 0.0
7.864012718200684 19.5 10.5 7.227903366088761 10.5 -69.54419326782248 0.0
7.875227689743042 19.5 10.5 7.286781966686142 10.5 -69.42643606662772 0.0
7.885275363922119 19.5 10.5 7.339532256126297 10.5 -69.3209354877474 0.0
7.896636486053467 19.5 10.5 7.399178147315872 10.5 -69.20164370536826 0.0
7.907680034637451 19.5 10.5 7.45715677738179 10.5 -69.08568644523642 0.0
7.918512344360352 19.5 10.5 7.514026403427017 10.5 -68.97194719314597 0.0
7.928999185562134 19.5 10.5 7.569082319736374 10.5 -68.86183536052725 0.0
7.939636945724487 19.5 10.5 7.62493056058873 10.5 -68.75013887882254 0.0
7.949630498886108 19.5 10.5 7.677396714687241 10.5 -68.64520657062552 0.0
7.961211681365967 19.5 10.5 7.738197922706497 10.5 -68.523604154587 0.0
7.971177577972412 19.5 10.5 7.790518879890335 10.5 -68.41896224021933 0.0
7.982404947280884 19.5 10.5 7.849462568759812 10.5 -68.30107486248038 0.0
7.992357015609741 19.5 10.5 7.901710927486313 10.5 -68.19657814502737 0.0
8.003616094589233 19.5 10.5 7.960821092128647 10.5 -68.0783578157427 0.0
8.019197940826416 19.5 10.5 8.042625784873856 10.5 -67.91474843025229 0.0
8.030052185058594 19.5 10.5 8.099610567092789 10.5 -67.80077886581442 0.0
8.040832996368408 19.5 10.5 8.156209826469315 10.5 -67.68758034706137 0.0
8.051308870315552 19.5 10.5 8.211208164691818 10.5 -67.57758367061636 0.0
8.062628984451294 19.5 10.5 8.270638763904465 10.5 -67.45872247219107 0.0
8.07288646697998 19.5 10.5 8.32449054718007 10.5 -67.35101890563986 0.0
8.08281135559082 19.5 10.5 8.376596212386978 10.5 -67.24680757522604 0.0
8.095154762268066 19.5 10.5 8.44139909744252 10.5 -67.11720180511496 0.0
8.104635238647461 19.5 10.5 8.491171598434342 10.5 -67.01765680313132 0.0
8.116685390472412 19.5 10.5 8.554434895515335 10.5 -66.89113020896933 0.0
8.127468585968018 19.5 10.5 8.611046671867264 10.5 -66.77790665626547 0.0
8.13846492767334 19.5 10.5 8.668777465820206 10.5 -66.66244506835959 0.0
8.148674726486206 19.5 10.5 8.722378909587754 10.5 -66.5552421808245 0.0
8.159982442855835 19.5 10.5 8.781744420528305 10.5 -66.43651115894339 0.0
8.169960975646973 19.5 10.5 8.834131717681778 10.5 -66.33173656463644 0.0
8.180956840515137 19.5 10.5 8.89186000823964 10.5 -66.21627998352072 0.0
8.190916299819946 19.5 10.5 8.94414716958989 10.5 -66.11170566082022 0.0
8.201965808868408 19.5 10.5 9.002157092094315 10.5 -65.99568581581137 0.0
8.212961912155151 19.5 10.5 9.059886634349716 10.5 -65.88022673130057 0.0
8.223710775375366 19.5 10.5 9.116318166255844 10.5 -65.76736366748831 0.0
8.239393949508667 19.5 10.5 9.198654830455673 10.5 -65.60269033908865 0.0
8.250994682312012 19.5 10.5 9.259558677673233 10.5 -65.48088264465353 0.0
8.261918067932129 19.5 10.5 9.316906452178848 10.5 -65.3661870956423 0.0
8.272668600082397 19.5 10.5 9.373346745967758 10.5 -65.25330650806448 0.0
8.282840967178345 19.5 10.5 9.426751673221482 10.5 -65.14649665355704 0.0
8.295854806900024 19.5 10.5 9.4950743317603 10.5 -65.0098513364794 0.0
8.305998802185059 19.5 10.5 9.54833030700673 10.5 -64.90333938598654 0.0
8.317899703979492 19.5 10.5 9.610810041427506 10.5 -64.77837991714499 0.0
8.327870607376099 19.5 10.5 9.66315728425969 10.5 -64.67368543148062 0.0
8.339114665985107 19.5 10.5 9.722188591956986 10.5 -64.55562281608603 0.0
8.350091457366943 19.5 10.5 9.779816746711624 10.5 -64.44036650657675 0.0
8.36245846748352 19.5 10.5 9.844743549823654 10.5 -64.31051290035269 0.0
8.372474431991577 19.9 10.100000000000001 -11.672797705154455 10.100000000000001 -64.20935165882132 -39.9362437514876
8.383365631103516 19.9 10.100000000000001 8.350324726104638 10.100000000000001 -64.09935054779073 0.0
8.393861770629883 19.9 10.100000000000001 8.403330230712793 10.100000000000001 -63.993339538574425 0.0
8.405446290969849 19.9 10.100000000000001 8.461832058429621 10.100000000000001 -63.87633588314077 0.0
8.421205043792725 19.9 10.100000000000001 8.541413760185144 10.100000000000001 -63.717172479629724 0.0
8.43185544013977 19.9 10.100000000000001 8.595198261737725 10.100000000000001 -63.60960347652456 0.0
8.442662477493286 19.9 10.100000000000001 8.64977380037298 10.100000000000001 -63.50045239925405 0.0
8.452825784683228 19.9 10.100000000000001 8.701098501682186 10.100000000000001 -63.39780299663564 0.0
8.463998794555664 19.9 10.100000000000001 8.757522201537991 10.100000000000001 -63.28495559692403 0.0
8.474055051803589 19.9 10.100000000000001 8.808306300640012 10.100000000000001 -63.18338739871999 0.0
8.48538064956665 19.9 10.100000000000001 8.865500569343475 10.100000000000001 -63.06899886131306 0.0
8.495777368545532 19.9 10.100000000000001 8.918004000186826 10.100000000000001 -62.96399199962636 0.0
8.505711793899536 19.9 10.100000000000001 8.968172848224548 10.100000000000001 -62.863654303550916 0.0
8.517313003540039 19.9 10.100000000000001 9.026758956909088 10.100000000000001 -62.746482086181835 0.0
8.527338027954102 19.9 10.100000000000001 9.077385330200105 10.100000000000001 -62.6452293395998 0.0
8.538701057434082 19.9 10.100000000000001 9.134768629074006 10.100000000000001 -62.530462741852 0.0
8.548702955245972 19.9 10.100000000000001 9.185278213024048 10.100000000000001 -62.429443573951914 0.0
8.55901575088501 19.9 10.100000000000001 9.23735783100119 10.100000000000001 -62.32528433799763 0.0
8.569718837738037 19.9 10.100000000000001 9.291408419608977 10.100000000000001 -62.21718316078206 0.0
8.580672025680542 19.9 10.100000000000001 9.346722018718626 10.100000000000001 -62.10655596256276 0.0
8.59070897102356 19.9 10.100000000000001 9.397408592700867 10.100000000000001 -62.00518281459828 0.0
8.601463317871094 19.9 10.100000000000001 9.451718044280913 10.100000000000001 -61.896563911438186 0.0
8.61143946647644 19.9 10.100000000000001 9.502097594737915 10.100000000000001 -61.79580481052418 0.0
8.625940799713135 19.9 10.100000000000001 9.575329327583223 10.100000000000001 -61.649341344833566 0.0
8.636485576629639 19.9 10.100000000000001 9.628580451011569 10.100000000000001 -61.542839097976874 0.0
8.647365808486938 19.8 10.2 14.679559936978816 10.2 -61.431860733032416 9.190980606990053
8.657593011856079 19.8 10.2 10.136228370666405 10.2 -61.327543258667184 0.0
8.669456481933594 19.8 10.2 10.196732068061731 10.2 -61.20653586387653 0.0
8.679443359375 19.8 10.2 10.247665143012902 10.2 -61.10466971397419 0.0
8.68999195098877 19.8 10.2 10.301462960243128 10.2 -60.99707407951374 0.0
8.70111346244812 19.8 10.2 10.358182668685817 10.2 -60.88363466262836 0.0
8.711406707763672 19.8 10.2 10.41067821979513 10.2 -60.77864356040973 0.0
8.722516059875488 19.8 10.2 10.467335915565393 10.2 -60.66532816886921 0.0
8.733184814453125 19.8 10.2 10.52174656391134 10.2 -60.556506872177316 0.0
8.743635892868042 19.8 10.2 10.575047063827416 10.2 -60.44990587234516 0.0
8.754717826843262 19.8 10.2 10.631564927101035 10.2 -60.336870145797924 0.0
8.764627456665039 19.8 10.2 10.682104039192101 10.2 -60.23579192161579 0.0
8.776501178741455 19.8 10.2 10.742660021781823 10.2 -60.11467995643635 0.0
8.78666377067566 19.8 10.2 10.794489240646264 10.2 -60.011021518707466 0.0
8.79808259010315 19.8 10.2 10.852725219726466 10.2 -59.89454956054706 0.0
8.809110164642334 19.8 10.2 10.908965849876306 10.2 -59.78206830024738 0.0
8.82945966720581 19.7 10.3 13.87082830565253 10.3 -59.572468423843574 4.914125035148631
8.845540523529053 19.7 10.3 11.496582198142914 10.3 -59.40683560371418 0.0
8.86090874671936 19.7 10.3 11.575728547572997 10.3 -59.24854290485401 0.0
8.876584529876709 19.7 10.3 11.65645883083334 10.3 -59.087082338333325 0.0
8.887805461883545 19.7 10.3 11.714246630668544 10.3 -58.97150673866292 0.0
8.898646593093872 19.7 10.3 11.77007845640173 10.3 -58.859843087196545 0.0
8.90921425819397 19.7 10.3 11.824501931667232 10.3 -58.75099613666554 0.0
8.91923999786377 19.7 10.3 11.876134490966702 10.3 -58.6477310180666 0.0
8.931288480758667 19.9 10.100000000000001 2.837179191068108 10.100000000000001 -58.52604134082814 -16.59960027703566
8.941356182098389 19.9 10.100000000000001 11.18782122135153 10.100000000000001 -58.42435755729695 0.0
8.952678680419922 19.9 10.100000000000001 11.244999837875273 10.100000000000001 -58.310000324249465 0.0
8.96291995048523 19.9 10.100000000000001 11.296718251705077 10.100000000000001 -58.20656349658986 0.0
8.975158929824829 19.9 10.100000000000001 11.358525097370055 10.100000000000001 -58.0829498052599 0.0
8.98580527305603 19.9 10.100000000000001 11.412289130687622 10.100000000000001 -57.97542173862477 0.0
8.997143268585205 19.9 10.100000000000001 11.469546008109955 10.100000000000001 -57.8609079837801 0.0
9.007197141647339 19.9 10.100000000000001 11.520318067073731 10.100000000000001 -57.75936386585255 0.0
9.017950534820557 20.3 9.7 -8.626308544956299 9.7 -57.65505595207234 -37.19756113784025
9.029151439666748 20.3 9.7 10.026796412467856 9.7 -57.54640717506428 0.0
9.03961181640625 20.3 9.7 10.077529239654442 9.7 -57.44494152069111 0.0
9.050428628921509 20.3 9.7 10.129990780353449 9.7 -57.3400184392931 0.0
9.061224222183228 20.3 9.7 10.182349407672785 9.7 -57.235301184654425 0.0
9.071223258972168 20.3 9.7 10.230844736099147 9.7 -57.1383105278017 0.0
9.082808017730713 20.3 9.7 10.28703081607809 9.7 -57.025938367843814 0.0
9.092745065689087 20.3 9.7 10.335225498676206 9.7 -56.92954900264758 0.0
9.103660821914673 20.3 9.7 10.388166916370299 9.7 -56.8236661672594 0.0
9.113640546798706 20.3 9.7 10.436568582057859 9.7 -56.726862835884276 0.0
9.125572204589844 20.3 9.7 10.494437122344877 9.7 -56.61112575531024 0.0
9.135422945022583 20.3 9.7 10.542213213443663 9.7 -56.51557357311267 0.0
9.145495176315308 20.5 9.5 -0.13823038961542622 9.5 -56.419887375831784 -19.856573403399068
9.156625986099243 20.5 9.5 9.842927658557802 9.5 -56.3141446828844 0.0
9.166613817214966 20.5 9.5 9.890369856357484 9.5 -56.21926028728503 0.0
9.17851710319519 20.5 9.5 9.946910464763551 9.5 -56.1061790704729 0.0
9.188690423965454 20.5 9.5 9.995233738422304 9.5 -56.00953252315539 0.0
9.200448751449585 20.5 9.5 10.051085793971925 9.5 -55.89782841205615 0.0
9.210461139678955 20.5 9.5 10.098644638061433 9.5 -55.802710723877134 0.0
9.226598262786865 20.5 9.5 10.175295972824006 9.5 -55.64940805435199 0.0
9.237406492233276 20.5 9.5 10.22663506269446 9.5 -55.54672987461108 0.0
9.25268030166626 20.5 9.5 10.29918565750113 9.5 -55.40162868499774 0.0
9.264656782150269 20.5 9.5 10.356073939800172 9.5 -55.287852120399656 0.0
9.2745943069458 20.5 9.5 10.40327718257895 9.5 -55.1934456348421 0.0
9.28664517402649 20.5 9.5 10.46051880121222 9.5 -55.07896239757556 0.0
9.29833197593689 20.5 9.5 10.516031110286622 9.5 -54.967937779426755 0.0
9.309301137924194 20.5 9.5 10.56813462972632 9.5 -54.86373074054736 0.0
9.319453716278076 20.5 9.5 10.616359376907258 9.5 -54.76728124618548 0.0
9.331319332122803 20.5 9.5 10.67272105216971 9.5 -54.65455789566058 0.0
9.341269254684448 20.5 9.5 10.719983184337526 9.5 -54.56003363132495 0.0
9.351946830749512 20.5 9.5 10.770701670646577 9.5 -54.458596658706846 0.0
9.363762140274048 20.5 9.5 10.826824390888124 9.5 -54.34635121822375 0.0
9.375174760818481 20.5 9.5 10.881034338474183 9.5 -54.23793132305163 0.0
9.386051654815674 20.5 9.5 10.932699584960847 9.5 -54.134600830078305 0.0
9.397608757019043 20.5 9.5 10.98759582042685 9.5 -54.0248083591463 0.0
9.40751338005066 20.5 9.5 11.034642779827028 9.5 -53.930714440345945 0.0
9.41853928565979 20.5 9.5 11.0870158314704 9.5 -53.8259683370592 0.0
9.429330110549927 20.5 9.5 11.138272249698549 9.5 -53.7234555006029 0.0
9.44043755531311 20.5 9.5 11.19103261232367 9.5 -53.61793477535266 0.0
9.45064926147461 20.5 9.5 11.239538216590791 9.5 -53.52092356681842 0.0
9.46164608001709 20.5 9.5 11.291773104667573 9.5 -53.41645379066485 0.0
9.471625089645386 20.5 9.5 11.339173400401979 9.5 -53.32165319919604 0.0
9.48347282409668 20.5 9.5 11.395450139045625 9.5 -53.20909972190875 0.0
9.494601964950562 20.5 9.5 11.448313558101564 9.5 -53.10337288379687 0.0
9.505751848220825 20.5 9.5 11.501275503635316 9.5 -52.99744899272937 0.0
9.515670537948608 20.5 9.5 11.548389279842286 9.5 -52.90322144031543 0.0
9.526039600372314 20.5 9.5 11.59764232635489 9.5 -52.80471534729022 0.0
9.537410974502563 20.5 9.5 11.651656353473573 9.5 -52.696687293052854 0.0
9.547969341278076 20.5 9.5 11.701808595657258 9.5 -52.59638280868548 0.0
9.558634757995605 20.5 9.5 11.752469325065523 9.5 -52.495061349868955 0.0
9.569103479385376 20.5 9.5 11.802195751666932 9.5 -52.395608496666135 0.0
9.579248666763306 20.5 9.5 11.850385391712098 9.5 -52.2992292165758 0.0
9.59089207649231 20.5 9.5 11.905691587924867 9.5 -52.188616824150266 0.0
9.601417064666748 20.5 9.5 11.95568528175345 9.5 -52.0886294364931 0.0
9.611868858337402 20.5 9.5 12.005331301689058 9.5 -51.989337396621885 0.0
9.626604080200195 20.5 9.5 12.075323605537324 9.5 -51.84935278892535 0.0
9.639227867126465 20.5 9.5 12.135286593437105 9.5 -51.72942681312579 0.0
9.649354457855225 20.5 9.5 12.183387899398713 9.5 -51.63322420120257 0.0
9.659560680389404 20.5 9.5 12.231867456436067 9.5 -51.536265087127866 0.0
9.66988754272461 20.5 9.5 12.280920052528291 9.5 -51.43815989494342 0.0
9.68092656135559 20.5 9.5 12.333355391025453 9.5 -51.333289217949094 0.0
9.69182276725769 20.5 9.5 12.385112369060426 9.5 -51.22977526187915 0.0
9.703006029129028 20.5 9.5 12.438232862949281 9.5 -51.12353427410144 0.0
9.71321415901184 20.5 9.5 12.48672147989264 9.5 -51.02655704021472 0.0
9.723635196685791 20.5 9.5 12.536221408843904 9.5 -50.92755718231219 0.0
9.735195636749268 20.5 9.5 12.591133499145418 9.5 -50.817733001709165 0.0
9.745911121368408 20.5 9.5 12.642032051086336 9.5 -50.71593589782733 0.0
9.755823612213135 20.5 9.5 12.689116382598787 9.5 -50.62176723480243 0.0
9.7667236328125 20.5 9.5 12.740891480445772 9.5 -50.51821703910846 0.0
9.776735067367554 20.5 9.5 12.788445794582277 9.5 -50.42310841083545 0.0
9.788556337356567 20.5 9.5 12.844596827030092 9.5 -50.31080634593982 0.0
9.799452781677246 20.5 9.5 12.896354937553316 9.5 -50.20729012489337 0.0
9.810068130493164 20.5 9.5 12.946777844428926 9.5 -50.10644431114215 0.0
9.820069313049316 20.5 9.5 12.99428346157065 9.5 -50.0114330768587 0.0
